618,2,0.45703125,0.35546875,0.62109375,0.67578125,1,1
618,2,0.45703125,0.35546875,0.62109375,0.67578125,5,1
618,2,0.7890625,0.48828125,0.89453125,0.828125,2,1
618,2,0.7890625,0.48828125,0.89453125,0.828125,5,1
618,2,0.2109375,0.33203125,0.3359375,0.58203125,1,1
618,2,0.05859375,0.4609375,0.1640625,0.78125,1,1
618,2,0.1328125,0.7578125,0.57421875,0.98828125,1,1
618,2,0.1328125,0.7578125,0.57421875,0.98828125,3,1
618,2,0.03125,0.35546875,0.11328125,0.53125,1,1
618,2,0.03125,0.35546875,0.11328125,0.53125,3,1
618,2,0.1171875,0.26953125,0.1953125,0.3828125,1,1
621,2,0.6796875,0.33203125,0.7578125,0.63671875,1,1
621,2,0.03125,0.60546875,0.2578125,0.8828125,1,1
621,2,0.03125,0.60546875,0.2578125,0.8828125,3,1
621,2,0.015625,0.4765625,0.20703125,0.60546875,1,1
621,2,0.015625,0.4765625,0.20703125,0.60546875,3,1
621,3,0.03515625,0.59765625,0.2421875,0.85546875,1,1
621,3,0.03515625,0.59765625,0.2421875,0.85546875,3,1
621,3,0.01953125,0.49609375,0.19140625,0.61328125,1,1
621,3,0.01953125,0.49609375,0.19140625,0.61328125,3,1
621,3,0.68359375,0.35546875,0.78125,0.671875,1,1
621,4,0.6796875,0.3359375,0.7734375,0.66796875,1,1
621,4,0.0,0.46484375,0.1953125,0.625,1,1
621,4,0.0390625,0.59765625,0.2421875,0.90234375,1,1
621,4,0.0390625,0.59765625,0.2421875,0.90234375,3,1
621,5,0.03515625,0.6015625,0.26171875,0.90625,1,1
621,5,0.68359375,0.3515625,0.77734375,0.68359375,1,1
621,6,0.68359375,0.359375,0.76953125,0.68359375,1,1
621,6,0.0234375,0.60546875,0.26171875,0.87890625,1,1
621,6,0.0234375,0.60546875,0.26171875,0.87890625,3,1
621,6,0.01953125,0.48828125,0.20703125,0.6171875,1,1
621,7,0.01953125,0.48046875,0.17578125,0.6171875,1,1
621,7,0.046875,0.6015625,0.24609375,0.89453125,1,1
621,7,0.046875,0.6015625,0.24609375,0.89453125,3,1
621,7,0.6796875,0.359375,0.765625,0.66796875,1,1
622,2,0.25390625,0.35546875,0.38671875,0.5,2,1
622,2,0.25390625,0.35546875,0.38671875,0.5,5,1
622,2,0.015625,0.359375,0.08984375,0.46484375,1,1
622,3,0.24609375,0.33203125,0.37890625,0.5,2,1
622,3,0.24609375,0.33203125,0.37890625,0.5,5,1
622,4,0.25,0.34375,0.3828125,0.5,2,1
622,4,0.25,0.34375,0.3828125,0.5,5,1
622,4,0.01171875,0.3359375,0.09375,0.47265625,1,1
622,5,0.26171875,0.3359375,0.3828125,0.4921875,2,1
622,5,0.26171875,0.3359375,0.3828125,0.4921875,5,1
622,5,0.01171875,0.34375,0.08203125,0.48046875,1,1
622,6,0.0234375,0.34375,0.08984375,0.4765625,1,1
622,6,0.2421875,0.33203125,0.37890625,0.49609375,2,1
622,6,0.2421875,0.33203125,0.37890625,0.49609375,5,1
622,7,0.24609375,0.3515625,0.3828125,0.515625,2,1
622,7,0.24609375,0.3515625,0.3828125,0.515625,5,1
622,7,0.015625,0.3515625,0.09765625,0.4765625,1,1
623,2,0.25,0.34375,0.37890625,0.5,2,1
623,2,0.25,0.34375,0.37890625,0.5,5,1
623,2,0.14453125,0.30859375,0.21875,0.40625,2,1
623,2,0.14453125,0.30859375,0.21875,0.40625,5,1
623,2,0.27734375,0.2421875,0.33984375,0.30859375,1,1
623,3,0.26171875,0.35546875,0.3828125,0.49609375,2,1
623,3,0.26171875,0.35546875,0.3828125,0.49609375,5,1
623,3,0.15234375,0.3125,0.21875,0.41015625,2,1
623,3,0.15234375,0.3125,0.21875,0.41015625,5,1
623,3,0.265625,0.23046875,0.33984375,0.32421875,1,1
623,4,0.26953125,0.23046875,0.3359375,0.3125,1,1
623,4,0.14453125,0.3125,0.234375,0.40625,2,1
623,4,0.14453125,0.3125,0.234375,0.40625,5,1
623,4,0.25390625,0.37109375,0.37890625,0.51953125,2,1
623,4,0.25390625,0.37109375,0.37890625,0.51953125,5,1
623,5,0.2578125,0.3515625,0.37890625,0.50390625,5,1
623,5,0.2578125,0.3515625,0.37890625,0.50390625,2,1
623,5,0.1484375,0.3046875,0.21484375,0.39453125,2,1
623,5,0.1484375,0.3046875,0.21484375,0.39453125,5,1
623,5,0.265625,0.234375,0.3359375,0.3125,1,1
623,6,0.26953125,0.21484375,0.33984375,0.31640625,1,1
623,6,0.2421875,0.328125,0.37890625,0.48828125,2,1
623,6,0.2421875,0.328125,0.37890625,0.48828125,5,1
623,6,0.14453125,0.30859375,0.2265625,0.41015625,2,1
623,6,0.14453125,0.30859375,0.2265625,0.41015625,5,1
623,7,0.140625,0.3125,0.22265625,0.40234375,2,1
623,7,0.140625,0.3125,0.22265625,0.40234375,5,1
623,7,0.24609375,0.36328125,0.390625,0.50390625,2,1
623,7,0.24609375,0.36328125,0.390625,0.50390625,5,1
623,7,0.28125,0.23828125,0.33984375,0.3359375,1,1
624,2,0.20703125,0.3125,0.35546875,0.515625,1,1
624,2,0.20703125,0.3125,0.35546875,0.515625,5,1
624,2,0.15234375,0.30078125,0.2109375,0.39453125,2,1
686,3,0.03125,0.3125,0.0703125,0.44921875,1,1
686,4,0.03125,0.3359375,0.07421875,0.4296875,1,1
686,5,0.02734375,0.31640625,0.08203125,0.4453125,1,1
686,6,0.03515625,0.3203125,0.078125,0.453125,1,1
686,7,0.03515625,0.33203125,0.078125,0.4375,1,1
688,2,0.08984375,0.34765625,0.16796875,0.46484375,1,1
688,2,0.0234375,0.35546875,0.09765625,0.4453125,1,1
688,2,0.0234375,0.4609375,0.14453125,0.55859375,1,1
688,2,0.0390625,0.54296875,0.1953125,0.66015625,1,1
688,2,0.06640625,0.609375,0.3046875,0.8984375,1,1
688,2,0.06640625,0.609375,0.3046875,0.8984375,3,1
688,2,0.07421875,0.73046875,0.37890625,0.98828125,1,1
688,2,0.07421875,0.73046875,0.37890625,0.98828125,3,1
688,3,0.01953125,0.3203125,0.09765625,0.40625,1,1
688,3,0.09375,0.3203125,0.171875,0.484375,1,1
688,3,0.09375,0.3203125,0.171875,0.484375,3,1
688,3,0.0078125,0.46875,0.203125,0.6328125,1,1
688,3,0.0078125,0.46875,0.203125,0.6328125,3,1
688,3,0.03125,0.625,0.3125,0.82421875,1,1
688,3,0.03125,0.625,0.3125,0.82421875,3,1
688,3,0.078125,0.75390625,0.3984375,0.98046875,1,1
688,3,0.078125,0.75390625,0.3984375,0.98046875,3,1
688,4,0.09375,0.36328125,0.1640625,0.4453125,1,1
688,4,0.01953125,0.43359375,0.13671875,0.5390625,1,1
688,4,0.01953125,0.55078125,0.1953125,0.69140625,1,1
688,4,0.05078125,0.609375,0.25390625,0.7890625,1,1
688,4,0.05078125,0.609375,0.25390625,0.7890625,3,1
688,4,0.0234375,0.61328125,0.30078125,0.9375,1,1
688,4,0.0234375,0.61328125,0.30078125,0.9375,3,1
688,4,0.05859375,0.75,0.453125,0.98046875,1,1
688,4,0.05859375,0.75,0.453125,0.98046875,3,1
689,3,0.43359375,0.37890625,0.609375,0.8046875,1,1
689,3,0.43359375,0.37890625,0.609375,0.8046875,4,1
689,3,0.80078125,0.51171875,0.8984375,0.796875,2,1
689,3,0.80078125,0.51171875,0.8984375,0.796875,5,1
689,3,0.26171875,0.359375,0.39453125,0.46875,2,1
689,3,0.26171875,0.359375,0.39453125,0.46875,5,1
689,3,0.08984375,0.71484375,0.328125,0.95703125,1,1
689,3,0.0390625,0.59375,0.26171875,0.80078125,1,1
689,3,0.0390625,0.59375,0.26171875,0.80078125,3,1
689,3,0.1171875,0.40234375,0.1875,0.61328125,1,1
689,3,0.015625,0.41796875,0.12109375,0.5859375,1,1
689,3,0.01171875,0.33203125,0.09375,0.43359375,1,1
689,4,0.44140625,0.42578125,0.61328125,0.7890625,1,1
689,4,0.2421875,0.3515625,0.37890625,0.4765625,2,1
689,4,0.2421875,0.3515625,0.37890625,0.4765625,5,1
689,4,0.796875,0.5,0.89453125,0.8203125,2,1
689,4,0.796875,0.5,0.89453125,0.8203125,5,1
689,4,0.92578125,0.60546875,0.9921875,0.8984375,2,1
689,4,0.06640625,0.63671875,0.33203125,0.98046875,1,1
689,4,0.0234375,0.41015625,0.12109375,0.5703125,1,1
689,4,0.02734375,0.5703125,0.2890625,0.78125,1,1
689,4,0.125,0.38671875,0.18359375,0.5625,1,1
618,3,0.4609375,0.375,0.62890625,0.65625,1,1
618,3,0.4609375,0.375,0.62890625,0.65625,5,1
618,3,0.171875,0.76953125,0.55859375,0.98046875,1,1
618,3,0.171875,0.76953125,0.55859375,0.98046875,3,1
618,3,0.05859375,0.44140625,0.18359375,0.77734375,1,1
618,3,0.0234375,0.3046875,0.12109375,0.53515625,1,1
618,3,0.203125,0.26953125,0.3359375,0.55078125,1,1
618,3,0.7578125,0.453125,0.8984375,0.83984375,2,1
618,3,0.7578125,0.453125,0.8984375,0.83984375,5,1
618,3,0.9296875,0.56640625,0.9921875,0.83203125,2,1
618,3,0.125,0.23828125,0.20703125,0.40234375,1,1
689,7,0.34375,0.44140625,0.58203125,0.765625,1,1
689,7,0.25390625,0.36328125,0.38671875,0.48828125,2,1
689,7,0.25390625,0.36328125,0.38671875,0.48828125,5,1
689,7,0.0234375,0.43359375,0.140625,0.61328125,1,1
689,7,0.01171875,0.31640625,0.125,0.44921875,1,1
689,7,0.08984375,0.6796875,0.3359375,0.9921875,1,1
689,7,0.08984375,0.6796875,0.3359375,0.9921875,3,1
689,7,0.8046875,0.5078125,0.8984375,0.80859375,2,1
689,7,0.8046875,0.5078125,0.8984375,0.80859375,5,1
689,7,0.9375,0.60546875,0.984375,0.8984375,2,1
689,7,0.05078125,0.5546875,0.31640625,0.69921875,1,1
688,5,0.015625,0.28125,0.140625,0.4609375,1,1
688,5,0.01171875,0.58203125,0.25390625,0.7265625,1,1
688,5,0.01171875,0.58203125,0.25390625,0.7265625,3,1
688,5,0.01171875,0.65625,0.31640625,0.8828125,1,1
688,5,0.01171875,0.65625,0.31640625,0.8828125,3,1
688,5,0.109375,0.765625,0.46484375,0.97265625,1,1
688,5,0.109375,0.765625,0.46484375,0.97265625,3,1
688,6,0.11328125,0.734375,0.44921875,0.94921875,1,1
688,6,0.0546875,0.6171875,0.3203125,0.8828125,1,1
688,6,0.01171875,0.43359375,0.20703125,0.6484375,1,1
688,6,0.00390625,0.2890625,0.12890625,0.4765625,1,1
688,7,0.0,0.30859375,0.11328125,0.4765625,1,1
688,7,0.0078125,0.41796875,0.171875,0.62890625,1,1
688,7,0.0234375,0.56640625,0.23828125,0.80078125,1,1
688,7,0.046875,0.62890625,0.328125,0.90625,1,1
688,7,0.1171875,0.77734375,0.453125,0.96484375,1,1
689,2,0.015625,0.30078125,0.109375,0.4140625,1,1
689,2,0.0078125,0.4296875,0.140625,0.53515625,1,1
689,2,0.0859375,0.39453125,0.19140625,0.62109375,1,1
689,2,0.09765625,0.6953125,0.3671875,0.9296875,1,1
689,2,0.015625,0.62890625,0.24609375,0.81640625,1,1
689,2,0.43359375,0.34375,0.62109375,0.76953125,1,1
689,2,0.43359375,0.34375,0.62109375,0.76953125,4,1
689,2,0.7890625,0.50390625,0.90625,0.82421875,2,1
689,2,0.7890625,0.50390625,0.90625,0.82421875,5,1
689,2,0.921875,0.59375,0.9921875,0.9453125,2,1
689,3,0.92578125,0.578125,0.9921875,0.89453125,2,1
689,5,0.40625,0.45703125,0.62109375,0.80078125,1,1
689,5,0.08984375,0.69140625,0.3359375,0.97265625,1,1
689,5,0.0625,0.5546875,0.2734375,0.765625,1,1
689,5,0.03125,0.421875,0.12109375,0.59375,1,1
689,5,0.1171875,0.37109375,0.1796875,0.53515625,1,1
689,5,0.25,0.3203125,0.3828125,0.48828125,2,1
689,5,0.25,0.3203125,0.3828125,0.48828125,5,1
689,5,0.7890625,0.50390625,0.8984375,0.80859375,2,1
689,5,0.7890625,0.50390625,0.8984375,0.80859375,5,1
689,5,0.93359375,0.58984375,0.9921875,0.921875,2,1
689,6,0.78125,0.4765625,0.8984375,0.828125,2,1
689,6,0.78125,0.4765625,0.8984375,0.828125,5,1
689,6,0.3984375,0.40625,0.6015625,0.76171875,1,1
689,6,0.9296875,0.5546875,0.9921875,0.89453125,2,1
689,6,0.08203125,0.703125,0.34375,0.96875,1,1
689,6,0.08203125,0.703125,0.34375,0.96875,3,1
689,6,0.05859375,0.55859375,0.30859375,0.74609375,1,1
689,6,0.05859375,0.55859375,0.30859375,0.74609375,3,1
689,6,0.0234375,0.38671875,0.171875,0.5625,1,1
689,6,0.01953125,0.2890625,0.12890625,0.40234375,1,1
689,6,0.2421875,0.328125,0.37890625,0.4921875,2,1
689,6,0.2421875,0.328125,0.37890625,0.4921875,5,1
618,4,0.4609375,0.375,0.62109375,0.69140625,1,1
618,4,0.4609375,0.375,0.62109375,0.69140625,5,1
618,4,0.765625,0.46484375,0.8984375,0.80078125,2,1
618,4,0.765625,0.46484375,0.8984375,0.80078125,5,1
618,4,0.94140625,0.625,0.99609375,0.87890625,2,1
618,4,0.94140625,0.625,0.99609375,0.87890625,5,1
618,4,0.140625,0.75,0.546875,0.9921875,1,1
618,4,0.0390625,0.46484375,0.21875,0.8046875,1,1
618,4,0.2109375,0.31640625,0.3359375,0.55859375,1,1
618,4,0.0390625,0.375,0.1015625,0.50390625,1,1
618,4,0.09765625,0.29296875,0.14453125,0.41015625,1,1
618,5,0.47265625,0.37109375,0.61328125,0.67578125,1,1
618,5,0.47265625,0.37109375,0.61328125,0.67578125,5,1
618,5,0.78125,0.5078125,0.890625,0.84375,2,1
618,5,0.78125,0.5078125,0.890625,0.84375,5,1
618,5,0.92578125,0.5859375,0.99609375,0.87109375,2,1
618,5,0.92578125,0.5859375,0.99609375,0.87109375,5,1
618,5,0.22265625,0.7265625,0.55859375,0.99609375,1,1
618,5,0.09375,0.5390625,0.28125,0.86328125,1,1
618,5,0.20703125,0.3046875,0.33203125,0.54296875,1,1
618,5,0.078125,0.4609375,0.13671875,0.58984375,1,1
618,5,0.03125,0.375,0.09375,0.515625,1,1
618,5,0.140625,0.28515625,0.19921875,0.40234375,1,1
618,5,0.078125,0.27734375,0.1328125,0.38671875,1,1
621,6,0.01171875,0.33203125,0.078125,0.4375,1,1
621,7,0.015625,0.33203125,0.078125,0.4453125,1,1
621,4,0.015625,0.33203125,0.078125,0.4375,1,1
621,3,0.01953125,0.3359375,0.08203125,0.43359375,1,1
621,2,0.0234375,0.328125,0.078125,0.42578125,1,1
620,7,0.26171875,0.4296875,0.375,0.79296875,1,1
620,7,0.078125,0.63671875,0.30078125,0.94140625,1,1
620,7,0.078125,0.63671875,0.30078125,0.94140625,3,1
620,7,0.046875,0.57421875,0.21875,0.7109375,1,1
620,7,0.046875,0.57421875,0.21875,0.7109375,3,1
620,7,0.0390625,0.4609375,0.16796875,0.6015625,1,1
620,7,0.0390625,0.4609375,0.16796875,0.6015625,3,1
620,7,0.0234375,0.390625,0.12109375,0.53515625,1,1
620,7,0.0234375,0.390625,0.12109375,0.53515625,3,1
620,7,0.01171875,0.33984375,0.109375,0.48046875,1,1
620,7,0.01171875,0.33984375,0.109375,0.48046875,3,1
618,7,0.44140625,0.390625,0.62109375,0.6640625,1,1
618,7,0.7890625,0.50390625,0.90234375,0.83984375,2,1
618,7,0.7890625,0.50390625,0.90234375,0.83984375,5,1
618,7,0.19921875,0.3203125,0.34765625,0.5625,1,1
618,7,0.12890625,0.28515625,0.19921875,0.3984375,1,1
618,7,0.078125,0.28125,0.1328125,0.390625,1,1
618,7,0.03515625,0.39453125,0.09765625,0.55859375,1,1
618,7,0.0078125,0.3359375,0.08203125,0.4453125,1,1
618,7,0.07421875,0.5,0.16796875,0.80078125,1,1
618,7,0.1328125,0.54296875,0.359375,0.83984375,1,1
618,7,0.296875,0.7265625,0.51953125,0.9921875,1,1
618,7,0.9296875,0.5859375,0.9921875,0.85546875,2,1
618,7,0.9296875,0.5859375,0.9921875,0.85546875,5,1
618,6,0.78125,0.48046875,0.890625,0.83984375,2,1
618,6,0.78125,0.48046875,0.890625,0.83984375,5,1
618,6,0.46875,0.34375,0.640625,0.65625,1,1
618,6,0.2421875,0.7265625,0.5625,0.98828125,1,1
618,6,0.125,0.54296875,0.3359375,0.78125,1,1
618,6,0.921875,0.55859375,0.9921875,0.89453125,2,1
618,6,0.921875,0.55859375,0.9921875,0.89453125,5,1
619,2,0.046875,0.65234375,0.34375,0.96875,1,1
619,2,0.046875,0.65234375,0.34375,0.96875,4,1
619,2,0.6640625,0.62890625,0.828125,0.9921875,1,1
619,2,0.9296875,0.59375,0.9921875,0.95703125,1,1
619,3,0.0625,0.7265625,0.3671875,0.984375,1,1
619,3,0.0625,0.7265625,0.3671875,0.984375,3,1
619,3,0.67578125,0.58203125,0.82421875,0.96484375,1,1
619,3,0.9296875,0.5859375,0.9921875,0.96875,1,1
619,4,0.6875,0.61328125,0.8203125,0.98046875,1,1
619,4,0.06640625,0.68359375,0.3515625,0.97265625,1,1
619,4,0.9140625,0.5859375,0.9921875,0.98828125,1,1
619,5,0.07421875,0.6953125,0.34765625,0.97265625,1,1
619,5,0.65234375,0.62890625,0.83203125,0.984375,1,1
619,5,0.90234375,0.578125,0.9921875,0.96875,1,1
619,6,0.078125,0.6875,0.3359375,0.96484375,1,1
619,6,0.67578125,0.5703125,0.83203125,0.97265625,1,1
619,6,0.91015625,0.6015625,0.98828125,0.96875,1,1
619,7,0.09375,0.6875,0.359375,0.97265625,1,1
619,7,0.703125,0.578125,0.82421875,0.98046875,1,1
619,7,0.92578125,0.60546875,0.99609375,0.96875,1,1
620,2,0.203125,0.75390625,0.4765625,0.9921875,1,1
620,2,0.08984375,0.578125,0.32421875,0.9140625,1,1
620,6,0.22265625,0.78125,0.48046875,0.984375,1,1
620,6,0.05859375,0.6328125,0.31640625,0.91796875,1,1
620,6,0.02734375,0.4921875,0.234375,0.74609375,1,1
620,7,0.26171875,0.8125,0.4765625,0.96484375,1,1
620,6,0.2578125,0.43359375,0.37890625,0.7265625,1,1
620,6,0.0234375,0.44921875,0.16015625,0.5703125,1,1
620,6,0.0390625,0.3515625,0.1015625,0.4375,1,1
619,7,0.453125,0.38671875,0.5546875,0.8125,1,1
619,7,0.453125,0.38671875,0.5546875,0.8125,4,1
619,7,0.5546875,0.34765625,0.625,0.609375,1,1
619,7,0.5546875,0.34765625,0.625,0.609375,4,1
619,7,0.3828125,0.43359375,0.4375,0.546875,2,1
619,7,0.1875,0.3125,0.3515625,0.5625,1,1
619,7,0.0078125,0.4765625,0.13671875,0.65234375,1,1
619,7,0.0078125,0.4765625,0.13671875,0.65234375,3,1
619,7,0.01953125,0.39453125,0.109375,0.51171875,1,1
619,7,0.01953125,0.39453125,0.109375,0.51171875,3,1
619,7,0.015625,0.33203125,0.08203125,0.3984375,1,1
619,7,0.015625,0.33203125,0.08203125,0.3984375,3,1
619,7,0.4453125,0.2421875,0.5234375,0.375,1,1
619,7,0.6640625,0.31640625,0.76171875,0.48828125,1,1
619,7,0.765625,0.33203125,0.8359375,0.515625,1,1
619,7,0.8515625,0.35546875,0.89453125,0.55078125,1,1
619,7,0.8046875,0.57421875,0.8828125,0.83984375,2,1
619,7,0.8046875,0.57421875,0.8828125,0.83984375,5,1
619,7,0.9453125,0.4296875,0.9921875,0.58984375,1,1
619,7,0.53515625,0.2734375,0.64453125,0.3828125,1,1
619,7,0.5078125,0.21875,0.55859375,0.30078125,1,1
619,7,0.66015625,0.25390625,0.7578125,0.34765625,1,1
619,6,0.4453125,0.390625,0.5625,0.81640625,1,1
619,6,0.37109375,0.4375,0.4296875,0.55078125,2,1
619,6,0.37109375,0.4375,0.4296875,0.55078125,5,1
619,6,0.1875,0.328125,0.34765625,0.56640625,1,1
619,6,0.0078125,0.48828125,0.1484375,0.6640625,1,1
619,6,0.0078125,0.48828125,0.1484375,0.6640625,3,1
619,6,0.01171875,0.390625,0.10546875,0.48046875,1,1
619,6,0.015625,0.3203125,0.0859375,0.390625,1,1
619,6,0.375,0.32421875,0.4375,0.4140625,2,1
619,6,0.546875,0.35546875,0.625,0.59765625,1,1
619,6,0.76171875,0.31640625,0.83984375,0.5078125,1,1
619,6,0.65625,0.3046875,0.76953125,0.4921875,1,1
619,6,0.84765625,0.37109375,0.8984375,0.51953125,1,1
619,6,0.80859375,0.53125,0.87890625,0.859375,2,1
619,6,0.80859375,0.53125,0.87890625,0.859375,5,1
619,6,0.5234375,0.28515625,0.65234375,0.37890625,1,1
619,6,0.453125,0.25,0.5234375,0.36328125,1,1
619,5,0.4453125,0.3984375,0.5625,0.80859375,1,1
619,5,0.4453125,0.3984375,0.5625,0.80859375,4,1
619,5,0.37890625,0.4296875,0.43359375,0.55078125,2,1
619,5,0.19140625,0.3203125,0.35546875,0.546875,1,1
619,5,0.5546875,0.35546875,0.6171875,0.6328125,1,1
619,5,0.5546875,0.35546875,0.6171875,0.6328125,4,1
619,5,0.53125,0.28125,0.65234375,0.38671875,1,1
619,5,0.44921875,0.25,0.52734375,0.35546875,1,1
619,5,0.38671875,0.33203125,0.44140625,0.41015625,2,1
619,5,0.38671875,0.33203125,0.44140625,0.41015625,5,1
619,5,0.00390625,0.45703125,0.140625,0.671875,1,1
619,5,0.00390625,0.45703125,0.140625,0.671875,3,1
619,5,0.00390625,0.37890625,0.1015625,0.47265625,1,1
619,5,0.00390625,0.37890625,0.1015625,0.47265625,3,1
619,5,0.01953125,0.3203125,0.09375,0.3984375,1,1
619,5,0.01953125,0.3203125,0.09375,0.3984375,3,1
619,5,0.66796875,0.3046875,0.765625,0.4921875,1,1
619,5,0.765625,0.30078125,0.84375,0.5234375,1,1
619,5,0.80078125,0.53515625,0.87109375,0.83984375,2,1
619,5,0.84765625,0.359375,0.89453125,0.51171875,1,1
619,5,0.95703125,0.4296875,0.9921875,0.5703125,1,1
620,2,0.26953125,0.44921875,0.3671875,0.8046875,1,1
620,2,0.44921875,0.328125,0.515625,0.44140625,2,1
620,2,0.0234375,0.50390625,0.1796875,0.71484375,1,1
620,2,0.0234375,0.50390625,0.1796875,0.71484375,3,1
620,2,0.0234375,0.44140625,0.14453125,0.5625,1,1
620,2,0.0234375,0.44140625,0.14453125,0.5625,3,1
620,2,0.01953125,0.36328125,0.125,0.46875,1,1
620,2,0.01953125,0.36328125,0.125,0.46875,3,1
620,2,0.01953125,0.3046875,0.0859375,0.37890625,1,1
620,2,0.01953125,0.3046875,0.0859375,0.37890625,3,1
620,5,0.21875,0.78515625,0.4921875,0.99609375,1,1
620,5,0.078125,0.6171875,0.3203125,0.92578125,1,1
620,5,0.0625,0.5390625,0.25390625,0.734375,1,1
620,4,0.0390625,0.55859375,0.24609375,0.9140625,1,1
620,4,0.0703125,0.62890625,0.3203125,0.890625,1,1
620,4,0.1171875,0.80859375,0.5234375,0.97265625,1,1
620,4,0.2421875,0.40234375,0.390625,0.8046875,1,1
620,3,0.0546875,0.578125,0.23828125,0.9140625,1,1
620,3,0.06640625,0.65625,0.33203125,0.8515625,1,1
620,3,0.16796875,0.80859375,0.5078125,0.98828125,1,1
620,5,0.265625,0.42578125,0.375,0.77734375,1,1
620,5,0.4453125,0.33984375,0.5078125,0.41796875,2,1
620,5,0.0078125,0.49609375,0.1875,0.63671875,1,1
620,5,0.0234375,0.4375,0.1484375,0.546875,1,1
620,5,0.0234375,0.37890625,0.11328125,0.47265625,1,1
620,5,0.0234375,0.328125,0.1171875,0.39453125,1,1
620,6,0.01953125,0.296875,0.08203125,0.37890625,1,1
620,4,0.046875,0.48828125,0.171875,0.59375,1,1
620,4,0.02734375,0.44921875,0.1484375,0.5546875,1,1
620,4,0.01171875,0.3359375,0.09375,0.40625,1,1
620,3,0.01953125,0.3203125,0.078125,0.390625,1,1
620,3,0.0078125,0.36328125,0.11328125,0.42578125,1,1
620,3,0.01953125,0.43359375,0.1328125,0.50390625,1,1
620,3,0.265625,0.42578125,0.36328125,0.78125,1,1
619,2,0.01953125,0.48046875,0.14453125,0.66015625,1,1
619,2,0.01953125,0.48046875,0.14453125,0.66015625,3,1
619,2,0.0234375,0.3828125,0.109375,0.5078125,1,1
619,2,0.0234375,0.3828125,0.109375,0.5078125,3,1
619,2,0.01171875,0.328125,0.07421875,0.40625,1,1
619,2,0.1875,0.32421875,0.34765625,0.55078125,1,1
619,2,0.44921875,0.3984375,0.56640625,0.86328125,1,1
619,2,0.44921875,0.3984375,0.56640625,0.86328125,4,1
619,2,0.55078125,0.35546875,0.62109375,0.62109375,1,1
619,2,0.53125,0.28515625,0.62109375,0.37890625,1,1
619,2,0.6171875,0.25390625,0.671875,0.4453125,1,1
619,2,0.67578125,0.3125,0.7734375,0.5078125,1,1
619,2,0.75390625,0.33984375,0.83203125,0.5078125,1,1
619,2,0.83984375,0.35546875,0.88671875,0.55078125,1,1
619,2,0.8046875,0.53515625,0.88671875,0.85546875,2,1
619,2,0.8046875,0.53515625,0.88671875,0.85546875,5,1
619,2,0.3828125,0.3203125,0.44140625,0.4296875,2,1
619,2,0.45703125,0.26171875,0.53515625,0.36328125,1,1
619,3,0.44921875,0.390625,0.55078125,0.82421875,1,1
619,3,0.44921875,0.390625,0.55078125,0.82421875,4,1
619,3,0.54296875,0.3515625,0.62109375,0.640625,1,1
619,3,0.54296875,0.3515625,0.62109375,0.640625,4,1
619,3,0.53515625,0.27734375,0.62109375,0.375,1,1
619,3,0.37890625,0.4375,0.4296875,0.546875,2,1
619,3,0.37890625,0.4375,0.4296875,0.546875,5,1
619,3,0.19140625,0.33203125,0.35546875,0.5546875,1,1
619,3,0.01953125,0.484375,0.16015625,0.671875,1,1
619,3,0.01953125,0.484375,0.16015625,0.671875,3,1
619,3,0.015625,0.390625,0.11328125,0.49609375,1,1
619,3,0.01171875,0.32421875,0.0859375,0.4140625,1,1
619,3,0.38671875,0.33203125,0.44140625,0.41796875,2,1
619,3,0.38671875,0.33203125,0.44140625,0.41796875,5,1
619,3,0.44140625,0.23828125,0.52734375,0.36328125,1,1
619,3,0.625,0.28515625,0.66796875,0.4375,1,1
619,3,0.671875,0.31640625,0.7578125,0.48828125,1,1
619,3,0.76953125,0.3203125,0.84375,0.5234375,1,1
619,3,0.80859375,0.546875,0.8828125,0.8515625,2,1
619,3,0.80859375,0.546875,0.8828125,0.8515625,5,1
619,3,0.8515625,0.33984375,0.8984375,0.52734375,1,1
619,4,0.19140625,0.3125,0.3515625,0.5625,1,1
619,4,0.37109375,0.4375,0.4296875,0.54296875,2,1
619,4,0.4453125,0.390625,0.5703125,0.8515625,1,1
619,4,0.4453125,0.390625,0.5703125,0.8515625,4,1
619,4,0.546875,0.33984375,0.625,0.60546875,1,1
619,4,0.53125,0.25390625,0.65234375,0.3984375,1,1
619,4,0.390625,0.328125,0.453125,0.4140625,2,1
619,4,0.45703125,0.2578125,0.5234375,0.36328125,1,1
619,4,0.66796875,0.30859375,0.765625,0.5,1,1
619,4,0.76953125,0.33203125,0.83984375,0.5234375,1,1
619,4,0.8515625,0.36328125,0.8828125,0.546875,1,1
619,4,0.8125,0.5390625,0.890625,0.9140625,2,1
619,4,0.0078125,0.4609375,0.1328125,0.6640625,1,1
619,4,0.01171875,0.390625,0.10546875,0.51171875,1,1
619,4,0.015625,0.32421875,0.078125,0.39453125,1,1
619,4,0.0859375,0.26953125,0.12890625,0.35546875,1,1
620,3,0.44140625,0.33984375,0.50390625,0.41796875,2,1
619,7,0.3828125,0.31640625,0.4453125,0.41015625,2,1
620,7,0.4375,0.33203125,0.4921875,0.4296875,2,1
620,7,0.4375,0.33203125,0.4921875,0.4296875,5,1
620,6,0.4453125,0.33984375,0.49609375,0.421875,2,1
620,6,0.4453125,0.33984375,0.49609375,0.421875,5,1
621,2,0.44140625,0.328125,0.5,0.4296875,2,1
621,2,0.44140625,0.328125,0.5,0.4296875,5,1
624,3,0.2109375,0.3046875,0.35546875,0.5,1,1
624,3,0.2109375,0.3046875,0.35546875,0.5,5,1
624,3,0.1484375,0.30078125,0.21875,0.40625,2,1
624,3,0.1484375,0.30078125,0.21875,0.40625,5,1
624,4,0.20703125,0.30859375,0.3515625,0.51171875,1,1
624,4,0.20703125,0.30859375,0.3515625,0.51171875,5,1
624,4,0.14453125,0.296875,0.20703125,0.4140625,2,1
624,4,0.14453125,0.296875,0.20703125,0.4140625,5,1
624,5,0.21875,0.3203125,0.35546875,0.51953125,1,1
624,5,0.21875,0.3203125,0.35546875,0.51953125,5,1
624,5,0.13671875,0.3046875,0.2265625,0.4140625,2,1
624,6,0.2109375,0.3046875,0.34765625,0.51171875,1,1
624,6,0.2109375,0.3046875,0.34765625,0.51171875,5,1
624,6,0.12109375,0.296875,0.21484375,0.40625,2,1
624,6,0.12109375,0.296875,0.21484375,0.40625,5,1
624,7,0.14453125,0.30859375,0.2109375,0.40234375,2,1
624,7,0.14453125,0.30859375,0.2109375,0.40234375,5,1
624,7,0.21484375,0.328125,0.35546875,0.51171875,1,1
624,7,0.21484375,0.328125,0.35546875,0.51171875,5,1
625,2,0.14453125,0.3125,0.2109375,0.39453125,2,1
625,2,0.14453125,0.3125,0.2109375,0.39453125,5,1
625,2,0.015625,0.328125,0.078125,0.44140625,1,1
625,2,0.2578125,0.359375,0.359375,0.50390625,2,1
625,3,0.26171875,0.3359375,0.34765625,0.515625,2,1
625,3,0.1484375,0.3125,0.21875,0.40234375,2,1
625,3,0.1484375,0.3125,0.21875,0.40234375,5,1
625,3,0.015625,0.328125,0.07421875,0.4296875,1,1
625,4,0.02734375,0.3359375,0.078125,0.44921875,1,1
625,4,0.15234375,0.296875,0.2109375,0.40234375,2,1
625,4,0.15234375,0.296875,0.2109375,0.40234375,5,1
625,4,0.2578125,0.3671875,0.3515625,0.49609375,2,1
625,5,0.265625,0.37109375,0.35546875,0.5078125,2,1
625,5,0.1484375,0.31640625,0.21875,0.40625,2,1
625,5,0.1484375,0.31640625,0.21875,0.40625,5,1
625,5,0.0234375,0.3203125,0.078125,0.453125,1,1
625,6,0.15625,0.30859375,0.21875,0.40234375,2,1
625,6,0.15625,0.30859375,0.21875,0.40234375,5,1
625,6,0.2578125,0.34765625,0.34765625,0.49609375,2,1
625,6,0.02734375,0.33203125,0.07421875,0.45703125,1,1
625,7,0.0234375,0.328125,0.07421875,0.46484375,1,1
625,7,0.15234375,0.3046875,0.2109375,0.40234375,2,1
625,7,0.15234375,0.3046875,0.2109375,0.40234375,5,1
625,7,0.25390625,0.359375,0.3515625,0.4921875,2,1
626,2,0.01953125,0.3984375,0.109375,0.5703125,1,1
626,2,0.09765625,0.28515625,0.13671875,0.39453125,1,1
626,2,0.1875,0.32421875,0.25,0.3984375,2,1
626,2,0.32421875,0.30078125,0.37890625,0.38671875,2,1
626,2,0.32421875,0.30078125,0.37890625,0.38671875,5,1
626,2,0.51171875,0.25390625,0.578125,0.39453125,1,1
626,3,0.5078125,0.26953125,0.5859375,0.38671875,1,1
626,3,0.3046875,0.30078125,0.39453125,0.3828125,2,1
626,3,0.3046875,0.30078125,0.39453125,0.3828125,5,1
626,3,0.19140625,0.32421875,0.25390625,0.41015625,2,1
626,3,0.19140625,0.32421875,0.25390625,0.41015625,5,1
626,3,0.1015625,0.2890625,0.13671875,0.39453125,1,1
626,3,0.0234375,0.390625,0.109375,0.5625,1,1
626,3,0.1484375,0.2890625,0.1875,0.38671875,2,1
626,4,0.1015625,0.3046875,0.14453125,0.3984375,1,1
626,4,0.0234375,0.40234375,0.10546875,0.5859375,1,1
626,4,0.1484375,0.296875,0.18359375,0.390625,2,1
626,4,0.19140625,0.31640625,0.265625,0.44140625,2,1
626,4,0.19140625,0.31640625,0.265625,0.44140625,5,1
626,4,0.31640625,0.2890625,0.3671875,0.3828125,2,1
626,4,0.31640625,0.2890625,0.3671875,0.3828125,5,1
626,4,0.50390625,0.265625,0.578125,0.37890625,1,1
626,5,0.31640625,0.31640625,0.3828125,0.40625,2,1
626,5,0.31640625,0.31640625,0.3828125,0.40625,5,1
626,5,0.1875,0.30859375,0.26171875,0.4140625,2,1
626,5,0.1875,0.30859375,0.26171875,0.4140625,5,1
626,5,0.140625,0.296875,0.1796875,0.37890625,2,1
626,5,0.1015625,0.29296875,0.140625,0.39453125,1,1
626,5,0.00390625,0.390625,0.10546875,0.57421875,1,1
626,5,0.5078125,0.265625,0.58984375,0.3828125,1,1
626,6,0.5078125,0.2734375,0.58203125,0.390625,1,1
626,6,0.30859375,0.3046875,0.37890625,0.390625,2,1
626,6,0.18359375,0.3203125,0.2578125,0.4140625,2,1
626,6,0.10546875,0.30078125,0.140625,0.40234375,1,1
626,6,0.03125,0.40625,0.11328125,0.57421875,1,1
626,6,0.1484375,0.29296875,0.1796875,0.37890625,2,1
626,6,0.1484375,0.29296875,0.1796875,0.37890625,5,1
626,7,0.09765625,0.29296875,0.140625,0.39453125,1,1
626,7,0.01953125,0.390625,0.11328125,0.58203125,1,1
626,7,0.14453125,0.296875,0.18359375,0.38671875,2,1
626,7,0.1953125,0.32421875,0.24609375,0.421875,2,1
626,7,0.1953125,0.32421875,0.24609375,0.421875,5,1
626,7,0.3203125,0.30859375,0.390625,0.39453125,2,1
626,7,0.3203125,0.30859375,0.390625,0.39453125,5,1
626,7,0.50390625,0.27734375,0.58984375,0.3828125,1,1
627,2,0.3671875,0.43359375,0.43359375,0.5546875,2,1
627,2,0.41796875,0.30859375,0.4921875,0.4296875,2,1
627,2,0.41796875,0.30859375,0.4921875,0.4296875,5,1
627,3,0.375,0.4375,0.4296875,0.55859375,2,1
627,3,0.41796875,0.359375,0.4765625,0.4375,2,1
627,3,0.3203125,0.3046875,0.37890625,0.390625,2,1
627,3,0.3203125,0.3046875,0.37890625,0.390625,5,1
627,4,0.3203125,0.3046875,0.390625,0.390625,2,1
627,4,0.3203125,0.3046875,0.390625,0.390625,5,1
627,4,0.36328125,0.4296875,0.42578125,0.5546875,2,1
627,5,0.3125,0.30078125,0.3828125,0.39453125,2,1
627,5,0.3125,0.30078125,0.3828125,0.39453125,5,1
627,5,0.36328125,0.44140625,0.41796875,0.55078125,2,1
627,6,0.31640625,0.3046875,0.3828125,0.3984375,2,1
627,6,0.31640625,0.3046875,0.3828125,0.3984375,5,1
627,6,0.3671875,0.4375,0.41796875,0.55859375,2,1
627,7,0.3125,0.31640625,0.37890625,0.3984375,2,1
627,7,0.3125,0.31640625,0.37890625,0.3984375,5,1
627,7,0.3671875,0.4453125,0.42578125,0.55859375,2,1
627,7,0.4140625,0.3671875,0.48046875,0.44921875,2,1
628,2,0.3671875,0.44921875,0.421875,0.5625,2,1
628,3,0.37109375,0.44140625,0.421875,0.5625,2,1
628,4,0.37109375,0.46875,0.421875,0.56640625,2,1
628,5,0.375,0.453125,0.421875,0.55859375,2,1
628,6,0.359375,0.4375,0.421875,0.56640625,2,1
628,7,0.359375,0.43359375,0.421875,0.5625,2,1
629,2,0.36328125,0.4609375,0.41796875,0.56640625,2,1
629,3,0.3671875,0.4609375,0.421875,0.56640625,2,1
629,4,0.37109375,0.44921875,0.41796875,0.5546875,2,1
629,5,0.37109375,0.453125,0.41796875,0.55859375,2,1
629,6,0.36328125,0.44921875,0.41796875,0.5703125,2,1
629,7,0.3671875,0.453125,0.41796875,0.56640625,2,1
634,2,0.24609375,0.4453125,0.41796875,0.80078125,1,1
634,2,0.80859375,0.31640625,0.88671875,0.47265625,1,1
632,6,0.69140625,0.26953125,0.73828125,0.3984375,1,1
632,5,0.703125,0.26953125,0.73828125,0.41015625,1,1
632,4,0.703125,0.2734375,0.73828125,0.40625,1,1
632,3,0.703125,0.28125,0.75,0.41015625,1,1
632,2,0.69921875,0.26953125,0.76953125,0.421875,1,1
632,7,0.6875,0.26171875,0.73828125,0.40234375,1,1
634,3,0.265625,0.44140625,0.4375,0.77734375,1,1
634,3,0.80859375,0.3125,0.8828125,0.48046875,1,1
634,4,0.80859375,0.3203125,0.89453125,0.484375,1,1
634,4,0.265625,0.44140625,0.4609375,0.7578125,1,1
634,5,0.28515625,0.453125,0.47265625,0.765625,1,1
634,5,0.8203125,0.3203125,0.90234375,0.47265625,1,1
634,6,0.82421875,0.32421875,0.8984375,0.48828125,1,1
634,6,0.25390625,0.3984375,0.47265625,0.76171875,1,1
634,6,0.25390625,0.3984375,0.47265625,0.76171875,4,1
634,7,0.26171875,0.38671875,0.4609375,0.74609375,1,1
634,7,0.26171875,0.38671875,0.4609375,0.74609375,4,1
634,7,0.81640625,0.30859375,0.90234375,0.5,1,1
639,2,0.328125,0.40625,0.59765625,0.70703125,1,1
639,2,0.0546875,0.640625,0.3203125,0.98046875,1,1
639,2,0.0546875,0.640625,0.3203125,0.98046875,3,1
639,2,0.02734375,0.55078125,0.23046875,0.73046875,1,1
639,2,0.02734375,0.55078125,0.23046875,0.73046875,3,1
639,2,0.0078125,0.47265625,0.1875,0.63671875,1,1
639,2,0.0078125,0.47265625,0.1875,0.63671875,3,1
639,2,0.00390625,0.3671875,0.12890625,0.4609375,1,1
639,2,0.00390625,0.3671875,0.12890625,0.4609375,3,1
639,3,0.046875,0.63671875,0.3203125,0.95703125,1,1
639,3,0.046875,0.63671875,0.3203125,0.95703125,3,1
639,3,0.0234375,0.51953125,0.234375,0.69140625,1,1
639,3,0.0234375,0.51953125,0.234375,0.69140625,3,1
639,3,0.02734375,0.453125,0.16015625,0.56640625,1,1
639,3,0.02734375,0.453125,0.16015625,0.56640625,3,1
639,3,0.00390625,0.359375,0.12109375,0.4453125,1,1
639,3,0.00390625,0.359375,0.12109375,0.4453125,3,1
639,3,0.2890625,0.42578125,0.5234375,0.6953125,1,1
639,3,0.53125,0.79296875,0.953125,0.98828125,1,1
639,4,0.33984375,0.71484375,0.79296875,0.99609375,1,1
639,4,0.0546875,0.63671875,0.3046875,0.96484375,1,1
639,5,0.0703125,0.63671875,0.3203125,0.96875,1,1
639,5,0.0703125,0.63671875,0.3203125,0.96875,3,1
639,5,0.3046875,0.70703125,0.6640625,0.97265625,1,1
639,6,0.05078125,0.65625,0.33984375,0.96484375,1,1
639,6,0.28515625,0.6328125,0.48828125,0.8828125,1,1
639,6,0.7109375,0.7578125,0.9921875,0.98828125,1,1
639,7,0.5859375,0.74609375,0.96484375,0.984375,1,1
639,7,0.0546875,0.625,0.32421875,0.9453125,1,1
639,7,0.0546875,0.625,0.32421875,0.9453125,3,1
640,7,0.78515625,0.51953125,0.91015625,0.83984375,2,1
640,7,0.78515625,0.51953125,0.91015625,0.83984375,5,1
640,7,0.39453125,0.390625,0.45703125,0.57421875,2,1
640,7,0.39453125,0.390625,0.45703125,0.57421875,5,1
640,7,0.046875,0.3984375,0.1015625,0.55078125,1,1
640,7,0.0390625,0.328125,0.08984375,0.42578125,1,1
640,6,0.046875,0.40234375,0.09765625,0.5546875,1,1
640,6,0.0390625,0.31640625,0.0859375,0.4375,1,1
640,6,0.3828125,0.39453125,0.4609375,0.5703125,2,1
640,6,0.3828125,0.39453125,0.4609375,0.5703125,5,1
640,6,0.79296875,0.53125,0.90625,0.828125,2,1
640,6,0.79296875,0.53125,0.90625,0.828125,5,1
640,5,0.79296875,0.52734375,0.91015625,0.828125,2,1
640,5,0.79296875,0.52734375,0.91015625,0.828125,5,1
640,5,0.38671875,0.3984375,0.45703125,0.5625,2,1
640,5,0.38671875,0.3984375,0.45703125,0.5625,5,1
640,5,0.0546875,0.40625,0.10546875,0.5390625,1,1
640,5,0.0390625,0.32421875,0.09375,0.4375,1,1
640,4,0.06640625,0.28125,0.140625,0.375,1,1
640,4,0.05078125,0.3984375,0.1015625,0.53515625,1,1
640,4,0.390625,0.390625,0.453125,0.58203125,2,1
640,4,0.390625,0.390625,0.453125,0.58203125,5,1
640,4,0.7890625,0.53125,0.90625,0.82421875,2,1
640,4,0.7890625,0.53125,0.90625,0.82421875,5,1
640,3,0.796875,0.53515625,0.9140625,0.828125,2,1
640,3,0.796875,0.53515625,0.9140625,0.828125,5,1
640,3,0.38671875,0.37890625,0.46875,0.57421875,2,1
640,3,0.38671875,0.37890625,0.46875,0.57421875,5,1
640,3,0.046875,0.40234375,0.1015625,0.55078125,1,1
640,3,0.03125,0.31640625,0.0859375,0.42578125,1,1
640,3,0.0859375,0.27734375,0.14453125,0.37890625,1,1
640,2,0.0859375,0.2578125,0.1484375,0.37890625,1,1
640,2,0.03125,0.31640625,0.078125,0.43359375,1,1
640,2,0.046875,0.39453125,0.09765625,0.5703125,1,1
640,2,0.390625,0.38671875,0.45703125,0.5703125,2,1
640,2,0.390625,0.38671875,0.45703125,0.5703125,5,1
640,2,0.796875,0.53125,0.9140625,0.82421875,2,1
640,2,0.796875,0.53125,0.9140625,0.82421875,5,1
639,7,0.23828125,0.51171875,0.3828125,0.91015625,1,1
639,7,0.4140625,0.77734375,0.5859375,0.98046875,1,1
639,7,0.21484375,0.38671875,0.27734375,0.53515625,1,1
639,7,0.02734375,0.55859375,0.21484375,0.6875,1,1
639,7,0.02734375,0.55859375,0.21484375,0.6875,3,1
639,7,0.0234375,0.484375,0.203125,0.609375,1,1
639,7,0.0234375,0.484375,0.203125,0.609375,3,1
639,7,0.0234375,0.41015625,0.15625,0.51171875,1,1
639,7,0.0234375,0.41015625,0.15625,0.51171875,3,1
639,7,0.015625,0.35546875,0.12109375,0.44140625,3,1
639,6,0.21875,0.40234375,0.328125,0.62109375,1,1
639,6,0.40234375,0.84765625,0.58984375,0.98828125,1,1
639,6,0.02734375,0.55078125,0.22265625,0.73046875,1,1
639,6,0.02734375,0.55078125,0.22265625,0.73046875,3,1
639,6,0.01953125,0.48046875,0.17578125,0.6015625,1,1
639,6,0.01953125,0.48046875,0.17578125,0.6015625,3,1
639,6,0.01953125,0.4140625,0.13671875,0.5078125,1,1
639,6,0.01953125,0.4140625,0.13671875,0.5078125,3,1
639,6,0.015625,0.3515625,0.12109375,0.4375,1,1
639,6,0.015625,0.3515625,0.12109375,0.4375,3,1
639,6,0.01953125,0.3125,0.09765625,0.3828125,1,1
639,6,0.01953125,0.3125,0.09765625,0.3828125,3,1
639,5,0.8046875,0.80859375,0.98828125,0.9921875,1,1
639,5,0.22265625,0.4375,0.37890625,0.65625,1,1
639,5,0.01953125,0.61328125,0.21875,0.765625,1,1
639,5,0.01953125,0.61328125,0.21875,0.765625,3,1
639,5,0.01953125,0.5078125,0.21484375,0.6328125,1,1
639,5,0.01953125,0.5078125,0.21484375,0.6328125,3,1
639,5,0.0234375,0.42578125,0.15625,0.54296875,1,1
639,5,0.0234375,0.42578125,0.15625,0.54296875,3,1
639,5,0.0234375,0.36328125,0.12890625,0.453125,1,1
639,5,0.0234375,0.36328125,0.12890625,0.453125,3,1
639,5,0.01953125,0.3046875,0.11328125,0.390625,1,1
639,5,0.01953125,0.3046875,0.11328125,0.390625,3,1
639,4,0.25,0.4296875,0.421875,0.671875,1,1
639,4,0.0234375,0.5859375,0.2421875,0.75,1,1
639,4,0.0234375,0.5859375,0.2421875,0.75,3,1
639,4,0.0234375,0.49609375,0.21484375,0.6328125,1,1
639,4,0.0234375,0.49609375,0.21484375,0.6328125,3,1
639,4,0.015625,0.42578125,0.1484375,0.52734375,1,1
639,4,0.015625,0.42578125,0.1484375,0.52734375,3,1
639,4,0.015625,0.3359375,0.1328125,0.4296875,1,1
639,4,0.015625,0.3359375,0.1328125,0.4296875,3,1
639,3,0.3828125,0.83984375,0.5234375,1.00390625,1,1
639,2,0.7265625,0.875,0.98046875,0.984375,1,1
640,4,0.03125,0.3203125,0.078125,0.41015625,1,1
640,7,0.07421875,0.265625,0.13671875,0.36328125,1,1
640,6,0.08203125,0.26953125,0.14453125,0.37109375,1,1
640,5,0.078125,0.27734375,0.140625,0.359375,1,1
643,2,0.5703125,0.30078125,0.75390625,0.52734375,1,1
643,2,0.5703125,0.30078125,0.75390625,0.52734375,4,1
643,2,0.4140625,0.328125,0.5078125,0.43359375,2,1
643,2,0.3515625,0.31640625,0.421875,0.40625,2,1
643,2,0.17578125,0.4375,0.3828125,0.70703125,1,1
643,2,0.0234375,0.56640625,0.27734375,0.9609375,1,1
643,2,0.0234375,0.56640625,0.27734375,0.9609375,3,1
643,2,0.76953125,0.4453125,0.91796875,0.83203125,1,1
643,2,0.75390625,0.76953125,0.94140625,0.97265625,1,1
643,2,0.94140625,0.60546875,0.99609375,0.89453125,2,1
643,2,0.94140625,0.60546875,0.99609375,0.89453125,5,1
643,3,0.57421875,0.3046875,0.73828125,0.50390625,1,1
643,3,0.57421875,0.3046875,0.73828125,0.50390625,4,1
643,3,0.4140625,0.33984375,0.5,0.4296875,2,1
643,3,0.4140625,0.33984375,0.5,0.4296875,5,1
643,3,0.17578125,0.44140625,0.3828125,0.6796875,1,1
643,3,0.0234375,0.57421875,0.265625,0.9296875,1,1
643,3,0.0234375,0.57421875,0.265625,0.9296875,3,1
643,3,0.34765625,0.3125,0.41015625,0.4140625,2,1
643,3,0.34765625,0.3125,0.41015625,0.4140625,5,1
643,3,0.78515625,0.45703125,0.90234375,0.796875,1,1
643,3,0.7578125,0.69921875,0.94140625,0.984375,1,1
643,3,0.92578125,0.6171875,0.98828125,0.8984375,2,1
643,3,0.92578125,0.6171875,0.98828125,0.8984375,5,1
643,4,0.34375,0.30859375,0.41796875,0.41015625,2,1
643,4,0.34375,0.30859375,0.41796875,0.41015625,5,1
643,4,0.42578125,0.34375,0.5,0.44140625,2,1
643,4,0.42578125,0.34375,0.5,0.44140625,5,1
643,4,0.16796875,0.44921875,0.38671875,0.71875,1,1
643,4,0.02734375,0.55859375,0.3046875,0.94921875,1,1
643,4,0.02734375,0.55859375,0.3046875,0.94921875,3,1
643,4,0.5859375,0.3125,0.73828125,0.5234375,1,1
643,4,0.5859375,0.3125,0.73828125,0.5234375,4,1
643,4,0.765625,0.4453125,0.87890625,0.8125,1,1
643,4,0.9140625,0.6171875,0.9921875,0.8984375,2,1
643,4,0.9140625,0.6171875,0.9921875,0.8984375,5,1
643,4,0.69140625,0.70703125,0.94921875,0.98046875,1,1
643,5,0.5703125,0.3203125,0.7421875,0.5078125,1,1
643,5,0.5703125,0.3203125,0.7421875,0.5078125,4,1
643,5,0.421875,0.3515625,0.515625,0.4375,2,1
643,5,0.421875,0.3515625,0.515625,0.4375,5,1
643,5,0.33984375,0.3125,0.41015625,0.421875,2,1
643,5,0.33984375,0.3125,0.41015625,0.421875,5,1
643,5,0.16015625,0.43359375,0.375,0.6875,1,1
643,5,0.03125,0.57421875,0.30078125,0.91015625,1,1
643,5,0.765625,0.4375,0.88671875,0.79296875,1,1
643,5,0.7421875,0.7109375,0.94921875,1.00390625,1,1
643,6,0.76953125,0.7109375,0.94921875,0.98828125,1,1
643,6,0.71484375,0.515625,0.8828125,0.84375,1,1
643,6,0.55859375,0.27734375,0.7421875,0.53515625,1,1
643,6,0.55859375,0.27734375,0.7421875,0.53515625,4,1
643,6,0.171875,0.453125,0.3828125,0.67578125,1,1
643,6,0.01171875,0.6015625,0.30859375,0.90625,1,1
643,7,0.75390625,0.6953125,0.94921875,0.98046875,1,1
643,7,0.68359375,0.48828125,0.89453125,0.8984375,1,1
643,7,0.921875,0.59375,0.99609375,0.88671875,2,1
643,7,0.921875,0.59375,0.99609375,0.88671875,5,1
643,7,0.0390625,0.5546875,0.3046875,0.89453125,1,1
644,2,0.734375,0.73828125,0.96875,1.00390625,1,1
644,3,0.68359375,0.6328125,0.9296875,0.9921875,1,1
644,4,0.69140625,0.5859375,0.9140625,0.99609375,1,1
644,6,0.6640625,0.53125,0.859375,0.9765625,1,1
644,7,0.66015625,0.54296875,0.87109375,0.98046875,1,1
645,2,0.1875,0.64453125,0.39453125,0.984375,1,1
645,3,0.15234375,0.6171875,0.38671875,0.984375,1,1
645,3,0.8125,0.79296875,0.9921875,0.98828125,1,1
645,4,0.78125,0.69921875,0.9921875,0.9921875,1,1
645,4,0.1796875,0.640625,0.37890625,0.9921875,1,1
645,5,0.1796875,0.625,0.38671875,0.9765625,1,1
645,5,0.71484375,0.6015625,0.9921875,0.9921875,1,1
645,6,0.1640625,0.64453125,0.40234375,0.984375,1,1
645,6,0.6796875,0.5546875,0.96875,0.98828125,1,1
645,7,0.734375,0.55078125,0.9765625,0.98046875,1,1
645,7,0.1640625,0.68359375,0.39453125,0.98828125,1,1
646,2,0.109375,0.65625,0.3828125,0.9765625,1,1
646,3,0.09765625,0.640625,0.40234375,0.97265625,1,1
646,4,0.1171875,0.63671875,0.39453125,0.97265625,1,1
646,5,0.125,0.65625,0.3515625,0.9609375,1,1
646,6,0.1328125,0.65625,0.375,0.984375,1,1
646,7,0.1171875,0.6484375,0.390625,0.96875,1,1
647,2,0.15625,0.29296875,0.25390625,0.41796875,2,1
647,2,0.15625,0.29296875,0.25390625,0.41796875,5,1
649,2,0.13671875,0.73828125,0.38671875,0.98046875,1,1
649,2,0.703125,0.76953125,0.96875,0.98046875,1,1
649,3,0.12109375,0.7421875,0.36328125,0.984375,1,1
649,4,0.10546875,0.765625,0.36328125,0.98046875,1,1
649,5,0.109375,0.72265625,0.3671875,0.98828125,1,1
649,6,0.1328125,0.71484375,0.3515625,0.984375,1,1
649,7,0.265625,0.48046875,0.4921875,0.81640625,1,1
649,7,0.1328125,0.7265625,0.3671875,0.96484375,1,1
650,2,0.3671875,0.80859375,0.5625,1.00390625,1,1
650,3,0.3828125,0.8671875,0.5546875,0.99609375,1,1
650,4,0.38671875,0.86328125,0.5625,0.99609375,1,1
650,4,0.0703125,0.53515625,0.3125,0.9296875,1,1
650,4,0.0703125,0.53515625,0.3125,0.9296875,3,1
650,5,0.390625,0.86328125,0.58203125,1.00390625,1,1
650,6,0.375,0.86328125,0.5703125,1.00390625,1,1
650,7,0.39453125,0.8515625,0.56640625,0.9921875,1,1
651,2,0.1484375,0.703125,0.4140625,0.98828125,1,1
651,3,0.15625,0.71875,0.4140625,0.98828125,1,1
651,4,0.171875,0.6875,0.4296875,0.98828125,1,1
651,5,0.15625,0.64453125,0.3984375,0.98828125,1,1
651,6,0.1953125,0.73046875,0.41015625,0.984375,1,1
651,7,0.203125,0.6953125,0.3984375,0.99609375,1,1
643,7,0.57421875,0.3046875,0.74609375,0.51953125,1,1
643,7,0.57421875,0.3046875,0.74609375,0.51953125,4,1
643,7,0.42578125,0.3359375,0.484375,0.4296875,2,1
643,7,0.3515625,0.30859375,0.4140625,0.421875,2,1
643,7,0.171875,0.4453125,0.37109375,0.6875,1,1
643,6,0.41796875,0.3515625,0.484375,0.44140625,2,1
643,6,0.34765625,0.30078125,0.4140625,0.40234375,2,1
644,2,0.61328125,0.296875,0.71484375,0.46875,1,1
644,2,0.703125,0.25390625,0.7734375,0.375,1,1
644,2,0.76953125,0.3125,0.84765625,0.43359375,1,1
644,2,0.0390625,0.53515625,0.22265625,0.91015625,1,1
644,2,0.0390625,0.53515625,0.22265625,0.91015625,3,1
644,2,0.05859375,0.46484375,0.23828125,0.57421875,1,1
644,2,0.03515625,0.41796875,0.1328125,0.5390625,1,1
644,2,0.03515625,0.41796875,0.1328125,0.5390625,3,1
644,2,0.0234375,0.3515625,0.09375,0.4375,1,1
644,2,0.0234375,0.3515625,0.09375,0.4375,3,1
644,3,0.609375,0.2890625,0.72265625,0.48046875,1,1
644,3,0.76953125,0.30078125,0.84375,0.43359375,1,1
644,3,0.0390625,0.56640625,0.2265625,0.91015625,1,1
644,3,0.0390625,0.56640625,0.2265625,0.91015625,3,1
644,3,0.03125,0.46484375,0.2109375,0.578125,1,1
644,3,0.02734375,0.39453125,0.12890625,0.51953125,1,1
644,3,0.02734375,0.39453125,0.12890625,0.51953125,3,1
644,3,0.0234375,0.32421875,0.08984375,0.42578125,1,1
644,3,0.0234375,0.32421875,0.08984375,0.42578125,3,1
644,4,0.0546875,0.53515625,0.21875,0.90234375,1,1
644,4,0.0546875,0.53515625,0.21875,0.90234375,3,1
644,4,0.03125,0.48046875,0.2109375,0.734375,1,1
644,4,0.01953125,0.43359375,0.1171875,0.515625,1,1
644,4,0.01953125,0.43359375,0.1171875,0.515625,3,1
644,4,0.0,0.3515625,0.10546875,0.4453125,1,1
644,4,0.6171875,0.296875,0.72265625,0.48046875,1,1
644,4,0.76171875,0.296875,0.84765625,0.4296875,1,1
644,5,0.0078125,0.3359375,0.09375,0.42578125,1,1
644,5,0.015625,0.41796875,0.1171875,0.48828125,1,1
644,5,0.05078125,0.53515625,0.22265625,0.89453125,1,1
644,5,0.03125,0.48046875,0.16796875,0.57421875,1,1
644,5,0.03125,0.48046875,0.16796875,0.57421875,3,1
644,5,0.66796875,0.58203125,0.859375,0.98828125,1,1
644,5,0.6171875,0.296875,0.71875,0.484375,1,1
644,5,0.76171875,0.3046875,0.84765625,0.4296875,1,1
644,6,0.61328125,0.296875,0.73046875,0.47265625,1,1
644,6,0.7578125,0.3046875,0.84375,0.421875,1,1
644,6,0.05859375,0.53515625,0.2265625,0.8828125,1,1
644,6,0.05859375,0.53515625,0.2265625,0.8828125,3,1
644,6,0.0234375,0.46484375,0.171875,0.578125,1,1
644,6,0.0234375,0.46484375,0.171875,0.578125,3,1
644,6,0.0234375,0.3984375,0.109375,0.47265625,1,1
644,6,0.0234375,0.3984375,0.109375,0.47265625,3,1
644,6,0.01171875,0.34375,0.0859375,0.4140625,1,1
644,6,0.01171875,0.34375,0.0859375,0.4140625,3,1
644,6,0.23828125,0.28125,0.296875,0.3515625,2,1
644,7,0.03125,0.51953125,0.21484375,0.90234375,1,1
644,7,0.03125,0.51953125,0.21484375,0.90234375,3,1
644,7,0.00390625,0.4609375,0.1640625,0.58203125,1,1
644,7,0.00390625,0.4609375,0.1640625,0.58203125,3,1
644,7,0.0234375,0.35546875,0.109375,0.4453125,1,1
644,7,0.0234375,0.35546875,0.109375,0.4453125,3,1
644,7,0.609375,0.28515625,0.72265625,0.4921875,1,1
644,7,0.765625,0.2890625,0.84765625,0.4375,1,1
645,2,0.30078125,0.3828125,0.48828125,0.61328125,1,1
645,2,0.30078125,0.3828125,0.48828125,0.61328125,4,1
645,2,0.01953125,0.47265625,0.1796875,0.73046875,1,1
645,2,0.01953125,0.47265625,0.1796875,0.73046875,3,1
645,2,0.0078125,0.37890625,0.109375,0.48046875,1,1
645,2,0.0078125,0.37890625,0.109375,0.48046875,3,1
645,3,0.30859375,0.35546875,0.47265625,0.59765625,1,1
645,3,0.30859375,0.35546875,0.47265625,0.59765625,4,1
645,3,0.0390625,0.4765625,0.1640625,0.70703125,1,1
645,3,0.0390625,0.4765625,0.1640625,0.70703125,3,1
645,3,0.015625,0.4140625,0.125,0.484375,1,1
645,4,0.31640625,0.34765625,0.48046875,0.60546875,1,1
645,4,0.31640625,0.34765625,0.48046875,0.60546875,4,1
645,4,0.0234375,0.47265625,0.16796875,0.703125,1,1
645,4,0.0234375,0.47265625,0.16796875,0.703125,3,1
645,4,0.0234375,0.4140625,0.1171875,0.48046875,1,1
645,5,0.0234375,0.46484375,0.1640625,0.71484375,1,1
645,5,0.0234375,0.46484375,0.1640625,0.71484375,3,1
645,5,0.30078125,0.37890625,0.48046875,0.6171875,1,1
645,5,0.30078125,0.37890625,0.48046875,0.6171875,4,1
645,5,0.0078125,0.40625,0.125,0.5,1,1
645,6,0.3046875,0.3671875,0.49609375,0.59375,1,1
645,6,0.3046875,0.3671875,0.49609375,0.59375,4,1
645,6,0.02734375,0.45703125,0.15625,0.71484375,1,1
645,6,0.02734375,0.45703125,0.15625,0.71484375,3,1
645,6,0.0234375,0.40234375,0.109375,0.48828125,1,1
645,7,0.3046875,0.37109375,0.484375,0.59375,1,1
645,7,0.3046875,0.37109375,0.484375,0.59375,4,1
645,7,0.0234375,0.46484375,0.16796875,0.7265625,1,1
645,7,0.0234375,0.46484375,0.16796875,0.7265625,3,1
645,7,0.02734375,0.39453125,0.12109375,0.49609375,1,1
646,2,0.515625,0.2578125,0.6484375,0.4140625,1,1
646,2,0.79296875,0.30859375,0.87890625,0.44921875,1,1
646,2,0.03125,0.5,0.20703125,0.796875,1,1
646,2,0.03125,0.5,0.20703125,0.796875,3,1
646,2,0.015625,0.3203125,0.078125,0.43359375,1,1
646,2,0.015625,0.3203125,0.078125,0.43359375,3,1
646,3,0.0078125,0.32421875,0.08203125,0.44921875,1,1
646,3,0.0078125,0.32421875,0.08203125,0.44921875,3,1
646,3,0.02734375,0.49609375,0.1875,0.796875,1,1
646,3,0.02734375,0.49609375,0.1875,0.796875,3,1
646,3,0.5234375,0.26171875,0.640625,0.41015625,1,1
646,3,0.796875,0.3203125,0.875,0.4609375,1,1
646,4,0.515625,0.25390625,0.640625,0.41015625,1,1
646,4,0.79296875,0.33203125,0.875,0.45703125,1,1
646,4,0.0078125,0.5,0.203125,0.79296875,1,1
646,4,0.0078125,0.5,0.203125,0.79296875,3,1
646,4,0.015625,0.33203125,0.0703125,0.4140625,1,1
646,4,0.015625,0.33203125,0.0703125,0.4140625,3,1
646,5,0.015625,0.3359375,0.07421875,0.44140625,1,1
646,5,0.015625,0.3359375,0.07421875,0.44140625,3,1
646,5,0.0234375,0.50390625,0.1875,0.77734375,1,1
646,5,0.0234375,0.50390625,0.1875,0.77734375,3,1
646,5,0.53515625,0.28125,0.64453125,0.390625,1,1
646,5,0.7890625,0.3046875,0.875,0.44921875,1,1
646,6,0.515625,0.26953125,0.65625,0.40234375,1,1
646,6,0.80078125,0.328125,0.8671875,0.46484375,1,1
646,6,0.03515625,0.5078125,0.2109375,0.78515625,1,1
646,6,0.03515625,0.5078125,0.2109375,0.78515625,3,1
646,6,0.015625,0.3125,0.08984375,0.4375,1,1
646,6,0.015625,0.3125,0.08984375,0.4375,3,1
646,7,0.5234375,0.265625,0.6484375,0.42578125,1,1
646,7,0.79296875,0.3203125,0.87890625,0.453125,1,1
646,7,0.01171875,0.51171875,0.20703125,0.796875,1,1
646,7,0.01171875,0.51171875,0.20703125,0.796875,3,1
646,7,0.01953125,0.328125,0.1015625,0.43359375,1,1
646,7,0.01953125,0.328125,0.1015625,0.43359375,3,1
647,2,0.26171875,0.234375,0.33984375,0.328125,1,1
647,3,0.171875,0.32421875,0.2578125,0.42578125,2,1
647,3,0.171875,0.32421875,0.2578125,0.42578125,5,1
647,3,0.26171875,0.25,0.3359375,0.30859375,1,1
647,4,0.16015625,0.296875,0.25390625,0.41796875,2,1
647,4,0.16015625,0.296875,0.25390625,0.41796875,5,1
647,4,0.2578125,0.23828125,0.328125,0.3125,1,1
647,5,0.16796875,0.29296875,0.25,0.41015625,2,1
647,5,0.16796875,0.29296875,0.25,0.41015625,5,1
647,5,0.25390625,0.24609375,0.3359375,0.30859375,1,1
647,6,0.16015625,0.28515625,0.25390625,0.42578125,2,1
647,6,0.16015625,0.28515625,0.25390625,0.42578125,5,1
647,6,0.25390625,0.23046875,0.33984375,0.33203125,1,1
647,7,0.26171875,0.23828125,0.3359375,0.34765625,1,1
647,7,0.14453125,0.296875,0.24609375,0.421875,2,1
647,7,0.14453125,0.296875,0.24609375,0.421875,5,1
648,2,0.16796875,0.30859375,0.25390625,0.41015625,2,1
648,2,0.015625,0.41796875,0.12890625,0.66015625,1,1
648,2,0.015625,0.41796875,0.12890625,0.66015625,3,1
648,2,0.3125,0.828125,0.50390625,0.9921875,1,1
648,3,0.1640625,0.3203125,0.23828125,0.40625,2,1
648,3,0.0078125,0.421875,0.1328125,0.62890625,1,1
648,3,0.0078125,0.421875,0.1328125,0.62890625,3,1
648,3,0.3046875,0.84765625,0.5078125,0.99609375,1,1
648,4,0.16015625,0.328125,0.2421875,0.4140625,2,1
648,4,0.02734375,0.41015625,0.12890625,0.6171875,1,1
648,4,0.02734375,0.41015625,0.12890625,0.6171875,3,1
648,4,0.3125,0.85546875,0.50390625,0.99609375,1,1
648,5,0.17578125,0.31640625,0.23828125,0.4140625,2,1
648,5,0.02734375,0.40625,0.12890625,0.61328125,1,1
648,5,0.02734375,0.40625,0.12890625,0.61328125,3,1
648,5,0.30859375,0.859375,0.50390625,0.984375,1,1
648,6,0.16796875,0.3203125,0.24609375,0.41015625,2,1
648,6,0.015625,0.41796875,0.1328125,0.61328125,1,1
648,6,0.3203125,0.84765625,0.515625,0.9921875,1,1
648,7,0.1640625,0.3125,0.2421875,0.41796875,2,1
648,7,0.00390625,0.3984375,0.1484375,0.61328125,1,1
648,7,0.31640625,0.8515625,0.51171875,0.99609375,1,1
649,2,0.44140625,0.39453125,0.609375,0.6484375,1,1
649,2,0.50390625,0.27734375,0.59765625,0.38671875,1,1
649,2,0.73046875,0.31640625,0.8203125,0.515625,1,1
649,2,0.02734375,0.4375,0.12890625,0.6015625,1,1
649,2,0.02734375,0.4375,0.12890625,0.6015625,3,1
649,2,0.0078125,0.33203125,0.078125,0.42578125,1,1
649,2,0.0078125,0.33203125,0.078125,0.42578125,3,1
649,3,0.42578125,0.38671875,0.60546875,0.73046875,1,1
649,3,0.49609375,0.25390625,0.6015625,0.37890625,1,1
649,3,0.7265625,0.32421875,0.8359375,0.5,1,1
649,3,0.85546875,0.82421875,0.99609375,0.9921875,1,1
649,3,0.00390625,0.41015625,0.125,0.609375,1,1
649,3,0.00390625,0.41015625,0.125,0.609375,3,1
649,3,0.0078125,0.30078125,0.08203125,0.421875,1,1
649,3,0.0078125,0.30078125,0.08203125,0.421875,3,1
649,3,0.3125,0.83203125,0.4765625,0.9921875,1,1
649,4,0.3046875,0.82421875,0.4921875,0.984375,1,1
649,4,0.40234375,0.38671875,0.5859375,0.7265625,1,1
649,4,0.4921875,0.265625,0.6015625,0.390625,1,1
649,4,0.73046875,0.30859375,0.8359375,0.5234375,1,1
649,4,0.015625,0.4296875,0.140625,0.609375,1,1
649,4,0.015625,0.4296875,0.140625,0.609375,3,1
649,4,0.015625,0.3359375,0.078125,0.421875,1,1
649,4,0.015625,0.3359375,0.078125,0.421875,3,1
649,5,0.39453125,0.40234375,0.56640625,0.76171875,1,1
649,5,0.31640625,0.828125,0.48828125,0.98828125,1,1
649,5,0.73046875,0.32421875,0.83984375,0.5078125,1,1
649,5,0.4921875,0.25390625,0.6015625,0.39453125,1,1
649,5,0.0234375,0.43359375,0.12890625,0.60546875,1,1
649,5,0.0234375,0.43359375,0.12890625,0.60546875,3,1
649,5,0.015625,0.33984375,0.08203125,0.42578125,1,1
649,5,0.015625,0.33984375,0.08203125,0.42578125,3,1
649,6,0.01171875,0.33203125,0.07421875,0.41015625,1,1
649,6,0.01171875,0.33203125,0.07421875,0.41015625,3,1
649,6,0.015625,0.40625,0.13671875,0.609375,1,1
649,6,0.015625,0.40625,0.13671875,0.609375,3,1
649,6,0.33984375,0.4453125,0.546875,0.8359375,1,1
649,6,0.3046875,0.85546875,0.5,0.984375,1,1
649,6,0.72265625,0.32421875,0.83984375,0.515625,1,1
649,6,0.5,0.26953125,0.61328125,0.3984375,1,1
649,7,0.49609375,0.2734375,0.609375,0.3984375,1,1
649,7,0.72265625,0.328125,0.8359375,0.50390625,1,1
649,7,0.30078125,0.8515625,0.49609375,0.98828125,1,1
649,7,0.0234375,0.42578125,0.1171875,0.6015625,1,1
649,7,0.0234375,0.42578125,0.1171875,0.6015625,3,1
649,7,0.01953125,0.3515625,0.078125,0.421875,1,1
649,7,0.01953125,0.3515625,0.078125,0.421875,3,1
651,2,0.04296875,0.453125,0.25,0.70703125,1,1
651,2,0.01953125,0.34765625,0.07421875,0.4375,1,1
651,2,0.01953125,0.34765625,0.07421875,0.4375,3,1
651,2,0.12890625,0.296875,0.1796875,0.3828125,2,1
651,2,0.12890625,0.296875,0.1796875,0.3828125,5,1
651,2,0.609375,0.296875,0.6796875,0.44921875,1,1
651,2,0.609375,0.296875,0.6796875,0.44921875,4,1
651,2,0.5,0.2578125,0.59375,0.39453125,1,1
651,2,0.78125,0.296875,0.83984375,0.44921875,1,1
651,2,0.91796875,0.609375,0.9921875,0.9140625,2,1
651,2,0.91796875,0.609375,0.9921875,0.9140625,5,1
650,7,0.67578125,0.2734375,0.7265625,0.41796875,1,1
650,7,0.09765625,0.546875,0.30078125,0.9453125,1,1
650,7,0.09765625,0.546875,0.30078125,0.9453125,3,1
650,7,0.07421875,0.49609375,0.26171875,0.640625,1,1
650,7,0.015625,0.44140625,0.1640625,0.55078125,1,1
650,7,0.01953125,0.3671875,0.08984375,0.47265625,1,1
650,7,0.01171875,0.30859375,0.078125,0.375,1,1
650,7,0.1171875,0.29296875,0.171875,0.36328125,2,1
650,6,0.67578125,0.265625,0.7265625,0.41015625,1,1
650,6,0.0859375,0.5390625,0.30078125,0.9140625,1,1
650,6,0.015625,0.4765625,0.16015625,0.60546875,1,1
650,6,0.015625,0.4765625,0.16015625,0.60546875,3,1
650,6,0.07421875,0.49609375,0.25,0.61328125,1,1
650,6,0.01953125,0.37109375,0.1015625,0.4765625,1,1
650,6,0.01953125,0.37109375,0.1015625,0.4765625,3,1
650,6,0.109375,0.28515625,0.171875,0.36328125,2,1
650,2,0.7109375,0.25390625,0.74609375,0.375,1,1
650,2,0.76171875,0.28515625,0.79296875,0.37890625,1,1
650,2,0.1171875,0.296875,0.1875,0.375,2,1
650,2,0.1171875,0.53125,0.29296875,0.90625,1,1
650,2,0.01953125,0.515625,0.22265625,0.7890625,1,1
650,2,0.01953125,0.515625,0.22265625,0.7890625,3,1
650,2,0.01953125,0.4453125,0.1484375,0.5703125,1,1
650,2,0.01953125,0.4453125,0.1484375,0.5703125,3,1
650,2,0.01953125,0.3671875,0.10546875,0.46484375,1,1
650,2,0.01953125,0.3671875,0.10546875,0.46484375,3,1
650,3,0.6875,0.2578125,0.75,0.390625,1,1
650,3,0.7578125,0.26953125,0.80859375,0.41015625,1,1
650,3,0.109375,0.51953125,0.3046875,0.9375,1,1
650,3,0.01953125,0.54296875,0.12890625,0.72265625,1,1
650,3,0.01953125,0.54296875,0.12890625,0.72265625,3,1
650,3,0.0234375,0.45703125,0.15234375,0.59765625,1,1
650,3,0.0234375,0.45703125,0.15234375,0.59765625,3,1
650,3,0.01953125,0.37109375,0.1015625,0.4765625,1,1
650,3,0.01953125,0.37109375,0.1015625,0.4765625,3,1
650,3,0.1171875,0.2890625,0.17578125,0.3671875,2,1
650,3,0.1171875,0.2890625,0.17578125,0.3671875,5,1
650,4,0.02734375,0.55859375,0.14453125,0.75,1,1
650,4,0.02734375,0.55859375,0.14453125,0.75,3,1
650,4,0.015625,0.46484375,0.16015625,0.62109375,1,1
650,4,0.015625,0.46484375,0.16015625,0.62109375,3,1
650,4,0.01171875,0.3671875,0.09765625,0.48046875,1,1
650,4,0.01171875,0.3671875,0.09765625,0.48046875,3,1
650,4,0.1171875,0.30078125,0.16796875,0.3828125,2,1
650,5,0.6796875,0.25390625,0.7421875,0.3984375,1,1
650,5,0.10546875,0.53515625,0.30078125,0.9296875,1,1
650,5,0.0546875,0.546875,0.13671875,0.765625,1,1
650,5,0.0078125,0.453125,0.16015625,0.640625,1,1
650,5,0.01953125,0.375,0.1015625,0.4765625,1,1
650,5,0.1171875,0.30078125,0.1796875,0.3828125,2,1
650,5,0.7421875,0.26171875,0.80078125,0.3984375,1,1
650,4,0.6796875,0.26171875,0.7421875,0.40234375,1,1
650,4,0.76171875,0.2578125,0.8046875,0.42578125,1,1
650,6,0.7421875,0.24609375,0.7890625,0.38671875,1,1
650,7,0.73828125,0.26171875,0.78125,0.37890625,1,1
651,3,0.7890625,0.29296875,0.84765625,0.4296875,1,1
651,3,0.91015625,0.5859375,0.99609375,0.9140625,2,1
651,3,0.91015625,0.5859375,0.99609375,0.9140625,5,1
651,3,0.6015625,0.3046875,0.6796875,0.48828125,1,1
651,3,0.6015625,0.3046875,0.6796875,0.48828125,4,1
651,3,0.5,0.27734375,0.59375,0.40234375,1,1
651,3,0.0390625,0.4609375,0.2421875,0.7109375,1,1
651,3,0.0390625,0.4609375,0.2421875,0.7109375,3,1
651,3,0.0234375,0.328125,0.0703125,0.4375,1,1
651,3,0.125,0.3046875,0.19921875,0.375,2,1
651,4,0.51171875,0.26953125,0.61328125,0.375,1,1
651,4,0.60546875,0.30859375,0.6796875,0.48828125,1,1
651,4,0.60546875,0.30859375,0.6796875,0.48828125,4,1
651,4,0.7734375,0.28125,0.828125,0.43359375,1,1
651,4,0.9296875,0.59375,0.9921875,0.91015625,2,1
651,4,0.9296875,0.59375,0.9921875,0.91015625,5,1
651,4,0.0390625,0.4609375,0.24609375,0.72265625,1,1
651,4,0.02734375,0.32421875,0.06640625,0.4453125,1,1
651,4,0.12109375,0.3046875,0.171875,0.375,2,1
651,5,0.9140625,0.58984375,0.99609375,0.921875,2,1
651,5,0.9140625,0.58984375,0.99609375,0.921875,5,1
651,5,0.78125,0.296875,0.8359375,0.4453125,1,1
651,5,0.6015625,0.30078125,0.6796875,0.46875,1,1
651,5,0.6015625,0.30078125,0.6796875,0.46875,4,1
651,5,0.49609375,0.25,0.6015625,0.390625,1,1
651,5,0.0390625,0.4375,0.23046875,0.734375,1,1
651,5,0.0390625,0.4375,0.23046875,0.734375,3,1
651,5,0.01171875,0.3359375,0.0703125,0.42578125,1,1
651,5,0.12109375,0.3046875,0.1953125,0.3671875,2,1
651,6,0.03125,0.4453125,0.24609375,0.71484375,1,1
651,6,0.03125,0.4453125,0.24609375,0.71484375,3,1
651,6,0.03125,0.33203125,0.07421875,0.4375,1,1
651,6,0.1171875,0.30859375,0.171875,0.36328125,2,1
651,6,0.50390625,0.28515625,0.6171875,0.359375,1,1
651,6,0.609375,0.30859375,0.68359375,0.46875,1,1
651,6,0.609375,0.30859375,0.68359375,0.46875,4,1
651,6,0.7734375,0.27734375,0.81640625,0.41796875,1,1
651,6,0.921875,0.60546875,0.9921875,0.90625,2,1
651,6,0.921875,0.60546875,0.9921875,0.90625,5,1
651,7,0.9140625,0.57421875,0.9921875,0.93359375,2,1
651,7,0.9140625,0.57421875,0.9921875,0.93359375,5,1
651,7,0.76171875,0.27734375,0.81640625,0.42578125,1,1
651,7,0.60546875,0.3046875,0.68359375,0.4765625,1,1
651,7,0.60546875,0.3046875,0.68359375,0.4765625,4,1
651,7,0.49609375,0.26953125,0.6015625,0.3828125,1,1
651,7,0.03515625,0.4453125,0.24609375,0.73046875,1,1
651,7,0.015625,0.33984375,0.0703125,0.42578125,1,1
651,7,0.1171875,0.30859375,0.18359375,0.37109375,2,1
652,2,0.78515625,0.296875,0.87890625,0.45703125,1,1
652,2,0.921875,0.60546875,0.9921875,0.91796875,2,1
652,2,0.921875,0.60546875,0.9921875,0.91796875,5,1
652,2,0.171875,0.33203125,0.28515625,0.43359375,2,1
652,2,0.171875,0.33203125,0.28515625,0.43359375,5,1
652,2,0.09765625,0.27734375,0.1640625,0.40625,1,1
661,7,0.265625,0.3359375,0.4453125,0.6171875,1,1
661,7,0.78515625,0.5234375,0.890625,0.83203125,2,1
661,7,0.78515625,0.5234375,0.890625,0.83203125,5,1
661,7,0.91796875,0.60546875,0.99609375,0.890625,2,1
661,7,0.91796875,0.60546875,0.99609375,0.890625,5,1
661,6,0.765625,0.515625,0.89453125,0.8046875,2,1
661,6,0.765625,0.515625,0.89453125,0.8046875,5,1
661,6,0.9296875,0.6015625,0.9921875,0.9453125,2,1
661,6,0.234375,0.3046875,0.4765625,0.63671875,1,1
661,5,0.90625,0.62109375,0.9921875,0.9140625,2,1
661,5,0.78125,0.5234375,0.89453125,0.8125,2,1
661,5,0.78125,0.5234375,0.89453125,0.8125,5,1
661,5,0.26171875,0.3359375,0.4453125,0.62109375,1,1
661,4,0.265625,0.34375,0.44140625,0.62109375,1,1
661,4,0.78125,0.51171875,0.89453125,0.81640625,2,1
661,4,0.78125,0.51171875,0.89453125,0.81640625,5,1
661,4,0.9140625,0.59765625,0.9921875,0.90234375,2,1
661,3,0.9296875,0.62109375,0.9921875,0.89453125,2,1
661,3,0.79296875,0.53125,0.8984375,0.828125,2,1
661,3,0.79296875,0.53125,0.8984375,0.828125,5,1
661,3,0.265625,0.33984375,0.4453125,0.61328125,1,1
661,2,0.9296875,0.6328125,0.99609375,0.92578125,2,1
661,2,0.765625,0.4765625,0.90625,0.82421875,2,1
661,2,0.765625,0.4765625,0.90625,0.82421875,5,1
661,2,0.2578125,0.33984375,0.4453125,0.625,1,1
659,7,0.54296875,0.2890625,0.66015625,0.58203125,1,1
659,7,0.54296875,0.2890625,0.66015625,0.58203125,4,1
659,6,0.55078125,0.3125,0.6484375,0.63671875,1,1
659,6,0.55078125,0.3125,0.6484375,0.63671875,4,1
659,5,0.53125,0.33984375,0.640625,0.6640625,1,1
659,5,0.53125,0.33984375,0.640625,0.6640625,4,1
659,4,0.54296875,0.34765625,0.64453125,0.66796875,1,1
659,4,0.54296875,0.34765625,0.64453125,0.66796875,4,1
659,3,0.53515625,0.33984375,0.65625,0.67578125,1,1
659,3,0.53515625,0.33984375,0.65625,0.67578125,4,1
659,2,0.53515625,0.35546875,0.6640625,0.671875,1,1
659,2,0.53515625,0.35546875,0.6640625,0.671875,4,1
658,7,0.7421875,0.27734375,0.81640625,0.38671875,2,1
658,7,0.7421875,0.27734375,0.81640625,0.38671875,5,1
658,7,0.82421875,0.3203125,0.88671875,0.4296875,2,1
658,7,0.82421875,0.3203125,0.88671875,0.4296875,5,1
658,7,0.1171875,0.30859375,0.1640625,0.3671875,2,1
658,6,0.7421875,0.28515625,0.8125,0.3828125,2,1
658,6,0.7421875,0.28515625,0.8125,0.3828125,5,1
658,6,0.8203125,0.32421875,0.8828125,0.43359375,2,1
658,6,0.8203125,0.32421875,0.8828125,0.43359375,5,1
658,6,0.109375,0.3046875,0.1640625,0.3671875,2,1
658,5,0.1171875,0.3046875,0.1640625,0.37890625,2,1
658,5,0.75,0.28515625,0.8203125,0.390625,2,1
658,5,0.75,0.28515625,0.8203125,0.390625,5,1
658,5,0.8203125,0.31640625,0.87890625,0.43359375,2,1
658,5,0.8203125,0.31640625,0.87890625,0.43359375,5,1
658,4,0.74609375,0.28515625,0.8125,0.38671875,2,1
658,4,0.74609375,0.28515625,0.8125,0.38671875,5,1
658,4,0.8203125,0.3203125,0.8828125,0.42578125,2,1
658,4,0.8203125,0.3203125,0.8828125,0.42578125,5,1
658,4,0.11328125,0.30859375,0.15234375,0.359375,2,1
658,3,0.109375,0.30859375,0.15625,0.38671875,2,1
658,3,0.7421875,0.28515625,0.8125,0.3828125,2,1
658,3,0.7421875,0.28515625,0.8125,0.3828125,5,1
658,3,0.81640625,0.31640625,0.875,0.4296875,2,1
658,3,0.81640625,0.31640625,0.875,0.4296875,5,1
658,2,0.7421875,0.296875,0.80859375,0.37890625,2,1
658,2,0.7421875,0.296875,0.80859375,0.37890625,5,1
658,2,0.8203125,0.32421875,0.87890625,0.4296875,2,1
658,2,0.8203125,0.32421875,0.87890625,0.4296875,5,1
658,2,0.109375,0.296875,0.16015625,0.36328125,2,1
657,7,0.11328125,0.2890625,0.16796875,0.3671875,2,1
657,7,0.36328125,0.2421875,0.44140625,0.38671875,1,1
657,6,0.3515625,0.21875,0.4375,0.375,1,1
657,6,0.109375,0.30078125,0.16015625,0.36328125,2,1
657,5,0.359375,0.234375,0.44921875,0.375,1,1
657,5,0.1015625,0.2890625,0.1640625,0.36328125,2,1
657,4,0.109375,0.26953125,0.1640625,0.36328125,2,1
657,4,0.375,0.24609375,0.4609375,0.3515625,1,1
657,3,0.37109375,0.25,0.46484375,0.34765625,1,1
657,2,0.36328125,0.22265625,0.4609375,0.35546875,1,1
656,7,0.4296875,0.3515625,0.5,0.42578125,2,1
656,6,0.421875,0.35546875,0.5,0.4296875,2,1
656,5,0.3125,0.328125,0.3671875,0.390625,2,1
656,5,0.42578125,0.3515625,0.4921875,0.43359375,2,1
656,6,0.31640625,0.30859375,0.390625,0.3984375,2,1
656,7,0.3203125,0.30859375,0.37890625,0.3984375,2,1
657,2,0.4453125,0.35546875,0.4921875,0.421875,2,1
657,3,0.4453125,0.359375,0.48828125,0.4296875,2,1
657,5,0.453125,0.33984375,0.4921875,0.421875,2,1
657,6,0.44921875,0.3359375,0.49609375,0.4375,2,1
657,7,0.4453125,0.328125,0.48828125,0.43359375,2,1
658,2,0.2734375,0.29296875,0.32421875,0.359375,2,1
658,3,0.26953125,0.30859375,0.33203125,0.37109375,2,1
658,4,0.27734375,0.29296875,0.32421875,0.36328125,2,1
658,5,0.2734375,0.30078125,0.3203125,0.36328125,2,1
658,6,0.26171875,0.2890625,0.328125,0.359375,2,1
658,7,0.27734375,0.296875,0.32421875,0.34765625,2,1
652,3,0.7890625,0.30859375,0.88671875,0.4609375,1,1
652,3,0.91796875,0.60546875,0.99609375,0.91015625,2,1
652,3,0.91796875,0.60546875,0.99609375,0.91015625,5,1
652,3,0.17578125,0.3125,0.26953125,0.43359375,2,1
652,3,0.17578125,0.3125,0.26953125,0.43359375,5,1
652,3,0.08203125,0.26953125,0.1484375,0.41796875,1,1
652,4,0.08203125,0.265625,0.14453125,0.40625,1,1
652,4,0.18359375,0.328125,0.2890625,0.4375,2,1
652,4,0.18359375,0.328125,0.2890625,0.4375,5,1
652,4,0.78515625,0.3046875,0.88671875,0.4609375,1,1
652,4,0.9140625,0.59375,0.9921875,0.91015625,2,1
652,4,0.9140625,0.59375,0.9921875,0.91015625,5,1
652,5,0.9140625,0.58203125,0.99609375,0.9296875,2,1
652,5,0.9140625,0.58203125,0.99609375,0.9296875,5,1
652,5,0.78515625,0.28515625,0.88671875,0.4609375,1,1
652,5,0.1875,0.328125,0.28515625,0.4375,2,1
652,5,0.1875,0.328125,0.28515625,0.4375,5,1
652,5,0.0859375,0.26953125,0.14453125,0.3984375,1,1
652,6,0.08984375,0.27734375,0.14453125,0.40625,1,1
652,6,0.1875,0.32421875,0.2890625,0.42578125,2,1
652,6,0.1875,0.32421875,0.2890625,0.42578125,5,1
652,6,0.78515625,0.3125,0.8828125,0.453125,1,1
652,6,0.9140625,0.578125,0.9921875,0.90234375,2,1
652,6,0.9140625,0.578125,0.9921875,0.90234375,5,1
652,7,0.80078125,0.30078125,0.890625,0.4609375,1,1
652,7,0.90234375,0.6015625,0.9921875,0.93359375,2,1
652,7,0.90234375,0.6015625,0.9921875,0.93359375,5,1
652,7,0.1875,0.3125,0.2734375,0.4296875,2,1
652,7,0.1875,0.3125,0.2734375,0.4296875,5,1
652,7,0.09375,0.26953125,0.15234375,0.40625,1,1
653,2,0.015625,0.33203125,0.07421875,0.4375,1,1
653,2,0.109375,0.28515625,0.16796875,0.36328125,2,1
653,2,0.76171875,0.328125,0.87109375,0.5078125,1,1
653,2,0.3359375,0.30859375,0.41796875,0.40625,2,1
653,2,0.91015625,0.60546875,0.99609375,0.92578125,2,1
653,2,0.91015625,0.60546875,0.99609375,0.92578125,5,1
653,3,0.76953125,0.3359375,0.86328125,0.515625,1,1
653,3,0.90234375,0.5859375,0.99609375,0.9140625,2,1
653,3,0.90234375,0.5859375,0.99609375,0.9140625,5,1
653,3,0.3359375,0.3203125,0.44140625,0.421875,2,1
653,3,0.3359375,0.3203125,0.44140625,0.421875,5,1
653,3,0.109375,0.28515625,0.18359375,0.37890625,2,1
653,3,0.109375,0.28515625,0.18359375,0.37890625,5,1
653,3,0.01171875,0.34375,0.078125,0.44140625,1,1
653,3,0.01171875,0.34375,0.078125,0.44140625,3,1
653,4,0.7734375,0.33203125,0.8515625,0.48828125,1,1
653,4,0.3359375,0.3203125,0.40625,0.41796875,2,1
653,4,0.10546875,0.28125,0.16015625,0.3671875,2,1
653,4,0.01171875,0.33203125,0.0703125,0.4453125,1,1
653,4,0.01171875,0.33203125,0.0703125,0.4453125,3,1
653,4,0.90234375,0.59765625,0.99609375,0.91015625,2,1
653,4,0.90234375,0.59765625,0.99609375,0.91015625,5,1
653,5,0.76953125,0.30859375,0.83203125,0.4921875,1,1
653,5,0.3359375,0.32421875,0.421875,0.421875,2,1
653,5,0.109375,0.30078125,0.1875,0.37109375,2,1
653,5,0.0078125,0.33203125,0.0703125,0.4375,1,1
653,5,0.0078125,0.33203125,0.0703125,0.4375,3,1
653,5,0.90625,0.59375,0.9921875,0.92578125,2,1
653,5,0.90625,0.59375,0.9921875,0.92578125,5,1
653,6,0.76171875,0.31640625,0.83984375,0.484375,1,1
653,6,0.90625,0.60546875,0.9921875,0.9140625,2,1
653,6,0.90625,0.60546875,0.9921875,0.9140625,5,1
653,6,0.33984375,0.3203125,0.40625,0.41015625,2,1
653,6,0.109375,0.2890625,0.17578125,0.375,2,1
653,6,0.0078125,0.328125,0.0703125,0.44140625,1,1
653,7,0.765625,0.32421875,0.828125,0.47265625,1,1
653,7,0.90625,0.61328125,0.9921875,0.90625,2,1
653,7,0.90625,0.61328125,0.9921875,0.90625,5,1
653,7,0.34375,0.33203125,0.41015625,0.421875,2,1
653,7,0.109375,0.29296875,0.17578125,0.375,2,1
653,7,0.015625,0.33203125,0.0703125,0.44140625,1,1
654,2,0.70703125,0.34375,0.796875,0.64453125,1,1
654,2,0.88671875,0.5703125,0.99609375,0.91796875,2,1
654,2,0.88671875,0.5703125,0.99609375,0.91796875,5,1
654,2,0.34765625,0.3203125,0.42578125,0.4296875,2,1
654,2,0.08984375,0.2890625,0.15625,0.40625,1,1
654,2,0.02734375,0.3359375,0.09765625,0.44921875,1,1
654,2,0.04296875,0.42578125,0.11328125,0.63671875,1,1
656,4,0.31640625,0.30859375,0.37890625,0.3984375,2,1
656,4,0.42578125,0.34375,0.5078125,0.44140625,2,1
656,3,0.31640625,0.3125,0.3671875,0.3984375,2,1
656,3,0.421875,0.359375,0.515625,0.4296875,2,1
656,2,0.4296875,0.34375,0.49609375,0.42578125,2,1
656,2,0.3046875,0.3203125,0.375,0.3984375,2,1
655,7,0.01171875,0.41796875,0.140625,0.64453125,1,1
655,7,0.01171875,0.41796875,0.140625,0.64453125,3,1
655,7,0.01171875,0.3203125,0.06640625,0.3984375,1,1
655,7,0.01171875,0.3203125,0.06640625,0.3984375,3,1
655,7,0.109375,0.28515625,0.16015625,0.36328125,2,1
655,7,0.40234375,0.2421875,0.47265625,0.34765625,1,1
655,7,0.40625,0.359375,0.5234375,0.421875,2,1
655,6,0.3984375,0.2421875,0.484375,0.34765625,1,1
655,6,0.41015625,0.36328125,0.5234375,0.4375,2,1
655,6,0.109375,0.296875,0.15625,0.36328125,2,1
655,6,0.0078125,0.41015625,0.125,0.640625,1,1
655,6,0.0078125,0.41015625,0.125,0.640625,3,1
655,6,0.0078125,0.33984375,0.06640625,0.41015625,1,1
655,6,0.0078125,0.33984375,0.06640625,0.41015625,3,1
655,5,0.3984375,0.2421875,0.4765625,0.33984375,1,1
655,5,0.109375,0.30078125,0.16796875,0.3671875,2,1
655,5,0.015625,0.33203125,0.07421875,0.41796875,1,1
655,5,0.015625,0.33203125,0.07421875,0.41796875,3,1
655,5,0.01953125,0.421875,0.13671875,0.62890625,1,1
655,5,0.01953125,0.421875,0.13671875,0.62890625,3,1
655,5,0.4296875,0.359375,0.5234375,0.43359375,2,1
654,3,0.8984375,0.60546875,0.9921875,0.91015625,2,1
654,3,0.8984375,0.60546875,0.9921875,0.91015625,5,1
654,3,0.7265625,0.35546875,0.796875,0.62890625,1,1
654,3,0.33984375,0.3125,0.42578125,0.421875,2,1
654,3,0.08203125,0.296875,0.1640625,0.41796875,1,1
654,3,0.03125,0.3828125,0.09765625,0.5703125,1,1
654,4,0.90625,0.5703125,0.99609375,0.9140625,2,1
654,4,0.90625,0.5703125,0.99609375,0.9140625,5,1
654,4,0.734375,0.3515625,0.8046875,0.578125,1,1
654,4,0.33984375,0.3046875,0.421875,0.4296875,2,1
654,4,0.08984375,0.3125,0.1640625,0.40234375,1,1
654,4,0.03515625,0.36328125,0.08984375,0.53515625,1,1
654,5,0.73046875,0.3359375,0.8046875,0.5625,1,1
654,5,0.8984375,0.6015625,0.99609375,0.93359375,2,1
654,5,0.8984375,0.6015625,0.99609375,0.93359375,5,1
654,5,0.3359375,0.30859375,0.4296875,0.4140625,2,1
654,5,0.0859375,0.3046875,0.1640625,0.40625,1,1
654,5,0.02734375,0.37109375,0.078125,0.5234375,1,1
654,6,0.33203125,0.3203125,0.421875,0.421875,2,1
654,6,0.08203125,0.296875,0.15625,0.41015625,1,1
654,6,0.0234375,0.35546875,0.078125,0.50390625,1,1
654,6,0.73046875,0.33984375,0.8046875,0.5390625,1,1
654,6,0.8984375,0.6015625,0.99609375,0.91796875,2,1
654,6,0.8984375,0.6015625,0.99609375,0.91796875,5,1
654,7,0.75,0.3125,0.81640625,0.55859375,1,1
654,7,0.91015625,0.62109375,0.9921875,0.90625,2,1
654,7,0.91015625,0.62109375,0.9921875,0.90625,5,1
654,7,0.34375,0.3125,0.421875,0.4140625,2,1
654,7,0.0859375,0.3046875,0.16796875,0.42578125,1,1
654,7,0.03515625,0.36328125,0.078125,0.50390625,1,1
655,2,0.40234375,0.23046875,0.48046875,0.359375,1,1
655,2,0.4296875,0.37890625,0.53125,0.453125,2,1
655,2,0.01171875,0.421875,0.140625,0.6328125,1,1
655,2,0.01171875,0.421875,0.140625,0.6328125,3,1
655,2,0.01171875,0.32421875,0.07421875,0.40625,1,1
655,2,0.109375,0.29296875,0.171875,0.3828125,2,1
655,3,0.3984375,0.23828125,0.484375,0.35546875,1,1
655,3,0.4375,0.3671875,0.53125,0.4375,2,1
655,3,0.01953125,0.421875,0.14453125,0.63671875,1,1
655,3,0.01953125,0.421875,0.14453125,0.63671875,3,1
655,3,0.01171875,0.32421875,0.078125,0.3984375,1,1
655,3,0.109375,0.29296875,0.17578125,0.37890625,2,1
655,4,0.39453125,0.2421875,0.4765625,0.359375,1,1
655,4,0.421875,0.37109375,0.5390625,0.43359375,2,1
655,4,0.01171875,0.40234375,0.13671875,0.62109375,1,1
655,4,0.01171875,0.40234375,0.13671875,0.62109375,3,1
655,4,0.015625,0.33203125,0.0703125,0.39453125,1,1
655,4,0.015625,0.33203125,0.0703125,0.39453125,3,1
655,4,0.10546875,0.2734375,0.1640625,0.36328125,2,1
660,7,0.7265625,0.64453125,0.9453125,1.0,1,1
660,7,0.0546875,0.640625,0.3671875,0.98828125,1,1
660,7,0.39453125,0.35546875,0.56640625,0.734375,1,1
660,7,0.39453125,0.35546875,0.56640625,0.734375,4,1
660,7,0.23828125,0.33203125,0.3203125,0.47265625,2,1
660,7,0.03125,0.37109375,0.1171875,0.515625,1,1
660,7,0.109375,0.28515625,0.1953125,0.40234375,1,1
660,7,0.0625,0.30078125,0.1171875,0.3828125,1,1
660,6,0.390625,0.375,0.56640625,0.734375,1,1
660,6,0.390625,0.375,0.56640625,0.734375,4,1
660,6,0.73046875,0.6640625,0.9375,0.9921875,1,1
660,6,0.05859375,0.64453125,0.359375,0.9921875,1,1
660,6,0.03125,0.36328125,0.1171875,0.50390625,1,1
660,6,0.0625,0.29296875,0.11328125,0.3828125,1,1
660,6,0.109375,0.2734375,0.19921875,0.3984375,1,1
660,6,0.23046875,0.34765625,0.3203125,0.47265625,2,1
660,2,0.41015625,0.34765625,0.5546875,0.73828125,1,1
660,2,0.41015625,0.34765625,0.5546875,0.73828125,4,1
660,2,0.72265625,0.6484375,0.9296875,1.01171875,1,1
660,2,0.078125,0.6953125,0.3671875,1.01171875,1,1
660,2,0.23828125,0.33984375,0.32421875,0.4765625,2,1
660,2,0.02734375,0.37109375,0.1171875,0.5078125,1,1
660,2,0.05859375,0.30078125,0.11328125,0.38671875,1,1
660,2,0.1171875,0.27734375,0.19921875,0.40234375,1,1
660,3,0.109375,0.28515625,0.1953125,0.41015625,1,1
660,3,0.05859375,0.3046875,0.109375,0.3828125,1,1
660,3,0.04296875,0.37890625,0.12890625,0.48828125,1,1
660,3,0.2421875,0.33984375,0.30859375,0.4765625,2,1
660,3,0.39453125,0.359375,0.5625,0.72265625,1,1
660,3,0.39453125,0.359375,0.5625,0.72265625,4,1
660,3,0.72265625,0.64453125,0.94140625,0.9921875,1,1
660,3,0.08203125,0.70703125,0.359375,0.9921875,1,1
660,4,0.40625,0.34765625,0.5625,0.75,1,1
660,4,0.40625,0.34765625,0.5625,0.75,4,1
660,4,0.72265625,0.6328125,0.9375,0.98828125,1,1
660,4,0.08203125,0.6953125,0.3671875,1.01171875,1,1
660,4,0.03515625,0.35546875,0.1171875,0.5078125,1,1
660,4,0.0546875,0.2890625,0.109375,0.38671875,1,1
660,4,0.10546875,0.25390625,0.1875,0.41015625,1,1
660,4,0.2421875,0.35546875,0.32421875,0.4921875,2,1
660,5,0.390625,0.34375,0.56640625,0.75,1,1
660,5,0.390625,0.34375,0.56640625,0.75,4,1
660,5,0.703125,0.65234375,0.9375,1.0078125,1,1
660,5,0.05859375,0.6875,0.3671875,1.02734375,1,1
660,5,0.23828125,0.33984375,0.328125,0.46875,2,1
660,5,0.0390625,0.375,0.12109375,0.51171875,1,1
660,5,0.0625,0.3125,0.109375,0.375,1,1
660,5,0.1171875,0.28125,0.19921875,0.44921875,1,1
684,6,0.203125,0.79296875,0.546875,0.99609375,1,1
684,7,0.1875,0.81640625,0.53125,0.99609375,1,1
686,2,0.01953125,0.3046875,0.078125,0.46484375,1,1
684,5,0.1484375,0.80078125,0.546875,0.98828125,1,1
684,4,0.16796875,0.8203125,0.54296875,0.99609375,1,1
684,3,0.1953125,0.8125,0.5390625,0.98828125,1,1
684,2,0.16796875,0.83203125,0.55078125,0.99609375,1,1
681,7,0.81640625,0.4609375,0.90234375,0.6328125,2,1
681,7,0.81640625,0.4609375,0.90234375,0.6328125,5,1
681,7,0.2890625,0.2890625,0.359375,0.390625,2,1
681,7,0.12109375,0.30078125,0.1640625,0.3671875,2,1
681,6,0.125,0.2890625,0.16015625,0.3671875,2,1
681,6,0.28515625,0.29296875,0.35546875,0.37890625,2,1
681,6,0.8125,0.43359375,0.8984375,0.6328125,2,1
681,6,0.8125,0.43359375,0.8984375,0.6328125,5,1
681,5,0.81640625,0.44921875,0.890625,0.65234375,2,1
681,5,0.81640625,0.44921875,0.890625,0.65234375,5,1
681,5,0.2890625,0.2890625,0.36328125,0.37109375,2,1
681,5,0.125,0.2890625,0.1640625,0.3671875,2,1
681,4,0.11328125,0.30859375,0.171875,0.3828125,2,1
681,4,0.29296875,0.2890625,0.359375,0.375,2,1
681,4,0.81640625,0.4609375,0.8984375,0.62890625,2,1
681,4,0.81640625,0.4609375,0.8984375,0.62890625,5,1
681,3,0.80859375,0.453125,0.90234375,0.6328125,2,1
681,3,0.80859375,0.453125,0.90234375,0.6328125,5,1
681,3,0.2890625,0.30078125,0.359375,0.37109375,2,1
681,3,0.125,0.296875,0.171875,0.37109375,2,1
681,2,0.125,0.2890625,0.1640625,0.359375,2,1
681,2,0.2890625,0.29296875,0.3671875,0.38671875,2,1
681,2,0.81640625,0.43359375,0.88671875,0.62109375,2,1
681,2,0.81640625,0.43359375,0.88671875,0.62109375,5,1
680,7,0.81640625,0.44921875,0.89453125,0.6484375,2,1
680,7,0.81640625,0.44921875,0.89453125,0.6484375,5,1
680,7,0.2890625,0.24609375,0.34375,0.34375,1,1
680,6,0.296875,0.2265625,0.34375,0.3671875,1,1
680,6,0.81640625,0.4609375,0.8984375,0.62890625,2,1
680,6,0.81640625,0.4609375,0.8984375,0.62890625,5,1
680,5,0.8125,0.42578125,0.90625,0.63671875,2,1
680,5,0.8125,0.42578125,0.90625,0.63671875,5,1
680,5,0.2890625,0.234375,0.3515625,0.34375,1,1
680,4,0.30078125,0.234375,0.35546875,0.3671875,1,1
680,4,0.8125,0.453125,0.89453125,0.6328125,2,1
680,4,0.8125,0.453125,0.89453125,0.6328125,5,1
680,3,0.8125,0.41796875,0.90234375,0.65625,2,1
680,3,0.8125,0.41796875,0.90234375,0.65625,5,1
680,3,0.28515625,0.2421875,0.3515625,0.3828125,1,1
680,2,0.80078125,0.43359375,0.90625,0.6328125,2,1
680,2,0.80078125,0.43359375,0.90625,0.6328125,5,1
680,2,0.28515625,0.234375,0.34765625,0.37890625,1,1
679,7,0.80078125,0.42578125,0.89453125,0.67578125,2,1
679,7,0.80078125,0.42578125,0.89453125,0.67578125,5,1
679,7,0.453125,0.30078125,0.51953125,0.421875,2,1
679,7,0.28515625,0.28515625,0.37109375,0.3984375,2,1
679,7,0.1015625,0.265625,0.16796875,0.37109375,1,1
679,6,0.1015625,0.2421875,0.16796875,0.3828125,1,1
679,6,0.28515625,0.26953125,0.33984375,0.390625,2,1
679,6,0.45703125,0.29296875,0.5078125,0.41796875,2,1
679,6,0.81640625,0.4609375,0.8828125,0.6328125,2,1
679,6,0.81640625,0.4609375,0.8828125,0.6328125,5,1
679,5,0.8125,0.4609375,0.88671875,0.6328125,2,1
679,5,0.8125,0.4609375,0.88671875,0.6328125,5,1
679,5,0.453125,0.30078125,0.515625,0.4296875,2,1
679,5,0.2890625,0.29296875,0.375,0.390625,2,1
679,5,0.10546875,0.2421875,0.17578125,0.37890625,1,1
679,4,0.10546875,0.2578125,0.1796875,0.3828125,1,1
679,4,0.45703125,0.30859375,0.5078125,0.4375,2,1
679,4,0.82421875,0.47265625,0.89453125,0.6484375,2,1
679,4,0.82421875,0.47265625,0.89453125,0.6484375,5,1
679,3,0.80859375,0.453125,0.89453125,0.64453125,2,1
679,3,0.80859375,0.453125,0.89453125,0.64453125,5,1
679,3,0.46484375,0.3125,0.53125,0.43359375,2,1
679,3,0.109375,0.25390625,0.17578125,0.36328125,1,1
679,2,0.796875,0.47265625,0.8828125,0.64453125,2,1
679,2,0.796875,0.47265625,0.8828125,0.64453125,5,1
679,2,0.45703125,0.30859375,0.515625,0.43359375,2,1
679,2,0.1015625,0.25390625,0.171875,0.3828125,1,1
680,7,0.1171875,0.296875,0.171875,0.3671875,2,1
680,6,0.109375,0.28515625,0.17578125,0.3671875,2,1
680,5,0.109375,0.296875,0.1796875,0.37109375,2,1
680,4,0.11328125,0.296875,0.18359375,0.3671875,2,1
680,3,0.1015625,0.296875,0.171875,0.3671875,2,1
680,2,0.11328125,0.30078125,0.1796875,0.3671875,2,1
679,4,0.27734375,0.2734375,0.3515625,0.38671875,2,1
679,3,0.28125,0.27734375,0.3828125,0.375,2,1
679,2,0.28125,0.28125,0.37109375,0.39453125,2,1
678,7,0.28125,0.28515625,0.35546875,0.37109375,2,1
678,7,0.12109375,0.29296875,0.171875,0.36328125,2,1
678,7,0.453125,0.32421875,0.51953125,0.40625,2,1
678,7,0.015625,0.3984375,0.12890625,0.64453125,1,1
678,7,0.015625,0.3984375,0.12890625,0.64453125,3,1
678,7,0.01953125,0.3203125,0.078125,0.40234375,1,1
678,7,0.01953125,0.3203125,0.078125,0.40234375,3,1
678,6,0.00390625,0.32421875,0.0859375,0.4375,1,1
678,6,0.00390625,0.32421875,0.0859375,0.4375,3,1
678,6,0.015625,0.41796875,0.14453125,0.65234375,1,1
678,6,0.015625,0.41796875,0.14453125,0.65234375,3,1
678,6,0.1171875,0.28515625,0.1796875,0.375,2,1
678,6,0.22265625,0.2421875,0.27734375,0.33984375,1,1
678,6,0.4609375,0.34375,0.5234375,0.421875,2,1
678,5,0.01953125,0.40234375,0.1328125,0.6328125,1,1
678,5,0.01953125,0.40234375,0.1328125,0.6328125,3,1
678,5,0.0078125,0.3203125,0.078125,0.4140625,1,1
678,5,0.0078125,0.3203125,0.078125,0.4140625,3,1
678,5,0.125,0.28515625,0.18359375,0.375,2,1
678,5,0.21484375,0.23046875,0.26953125,0.34375,1,1
678,5,0.46484375,0.34375,0.51953125,0.421875,2,1
678,4,0.45703125,0.33984375,0.53125,0.4140625,2,1
678,4,0.21875,0.24609375,0.2734375,0.34375,1,1
678,4,0.1015625,0.28515625,0.17578125,0.37109375,2,1
678,4,0.0234375,0.4140625,0.125,0.6171875,1,1
678,4,0.0234375,0.4140625,0.125,0.6171875,3,1
678,4,0.01171875,0.3359375,0.0859375,0.41015625,1,1
678,3,0.2109375,0.23828125,0.27734375,0.3515625,1,1
678,3,0.1171875,0.3046875,0.19140625,0.3828125,2,1
678,3,0.01953125,0.33203125,0.08984375,0.421875,1,1
678,3,0.02734375,0.41796875,0.14453125,0.65234375,1,1
678,3,0.44921875,0.328125,0.515625,0.41796875,2,1
626,3,0.74609375,0.296875,0.80078125,0.40625,2,1
626,2,0.73828125,0.3125,0.8046875,0.40625,2,1
626,4,0.7421875,0.3125,0.8046875,0.3984375,2,1
626,5,0.73828125,0.296875,0.80859375,0.3984375,2,1
626,6,0.7265625,0.30859375,0.80859375,0.41796875,2,1
626,7,0.7265625,0.29296875,0.8046875,0.40625,2,1
627,2,0.73046875,0.3203125,0.796875,0.40234375,2,1
627,3,0.72265625,0.296875,0.7890625,0.40625,2,1
627,4,0.734375,0.30078125,0.796875,0.4140625,2,1
627,5,0.734375,0.32421875,0.79296875,0.4140625,2,1
627,6,0.734375,0.3203125,0.79296875,0.41796875,2,1
627,7,0.73828125,0.3125,0.80078125,0.40234375,2,1
628,2,0.7265625,0.30859375,0.796875,0.41015625,2,1
628,3,0.73046875,0.296875,0.796875,0.41015625,2,1
628,4,0.7265625,0.296875,0.80078125,0.4296875,2,1
628,5,0.73046875,0.2890625,0.796875,0.4140625,2,1
628,6,0.73046875,0.30859375,0.796875,0.40625,2,1
628,7,0.734375,0.3046875,0.79296875,0.40625,2,1
629,2,0.7109375,0.3125,0.79296875,0.41796875,2,1
629,3,0.73828125,0.3203125,0.79296875,0.41796875,2,1
629,4,0.7421875,0.3203125,0.796875,0.42578125,2,1
629,5,0.73828125,0.30859375,0.7890625,0.41015625,2,1
629,6,0.734375,0.30078125,0.7890625,0.421875,2,1
629,7,0.73828125,0.30078125,0.7890625,0.41796875,2,1
664,2,0.4375,0.3671875,0.5625,0.77734375,1,1
664,2,0.4375,0.3671875,0.5625,0.77734375,4,1
664,2,0.921875,0.609375,0.99609375,0.90625,2,1
664,2,0.3984375,0.78125,0.5703125,0.9921875,1,1
664,2,0.109375,0.65234375,0.3046875,0.98046875,1,1
664,2,0.23828125,0.67578125,0.45703125,0.984375,1,1
664,2,0.03125,0.62890625,0.234375,0.83984375,1,1
664,2,0.0234375,0.53515625,0.2421875,0.6953125,1,1
664,2,0.0390625,0.42578125,0.19140625,0.546875,1,1
664,2,0.140625,0.35546875,0.23046875,0.5,1,1
664,2,0.1328125,0.265625,0.1953125,0.36328125,1,1
664,2,0.01953125,0.33203125,0.07421875,0.4140625,1,1
664,3,0.140625,0.26953125,0.19921875,0.37890625,1,1
664,3,0.17578125,0.35546875,0.26171875,0.54296875,1,1
664,3,0.4453125,0.37109375,0.55078125,0.77734375,1,1
664,3,0.4453125,0.37109375,0.55078125,0.77734375,4,1
664,3,0.9296875,0.6015625,0.98828125,0.92578125,2,1
664,3,0.42578125,0.83203125,0.578125,0.9921875,1,1
664,3,0.20703125,0.68359375,0.453125,0.984375,1,1
664,3,0.1015625,0.6796875,0.33984375,0.98046875,1,1
664,3,0.03515625,0.52734375,0.265625,0.875,1,1
664,3,0.015625,0.42578125,0.18359375,0.56640625,1,1
664,3,0.01953125,0.359375,0.08984375,0.46484375,1,1
664,4,0.1328125,0.26171875,0.203125,0.37890625,1,1
664,4,0.19140625,0.3671875,0.28125,0.58984375,1,1
664,4,0.4453125,0.33984375,0.5546875,0.7890625,1,1
664,4,0.4453125,0.33984375,0.5546875,0.7890625,4,1
664,4,0.9140625,0.61328125,0.9921875,0.91015625,2,1
664,4,0.140625,0.71484375,0.4453125,0.99609375,1,1
664,4,0.08203125,0.671875,0.31640625,0.96484375,1,1
664,4,0.0703125,0.5546875,0.2578125,0.7890625,1,1
664,4,0.0390625,0.4609375,0.2109375,0.59765625,1,1
664,4,0.015625,0.41796875,0.17578125,0.51953125,1,1
664,4,0.0234375,0.3359375,0.08203125,0.42578125,1,1
664,5,0.1328125,0.27734375,0.203125,0.3828125,1,1
664,5,0.2109375,0.3828125,0.30078125,0.6015625,1,1
664,5,0.4375,0.35546875,0.55078125,0.7890625,1,1
664,5,0.4375,0.35546875,0.55078125,0.7890625,4,1
664,5,0.921875,0.6171875,0.9921875,0.9140625,2,1
664,5,0.1640625,0.7109375,0.4453125,0.9921875,1,1
664,5,0.08984375,0.640625,0.32421875,0.9609375,1,1
664,5,0.0390625,0.5703125,0.265625,0.80859375,1,1
664,5,0.046875,0.46875,0.203125,0.62109375,1,1
664,5,0.03125,0.39453125,0.19140625,0.53125,1,1
664,5,0.015625,0.3125,0.08203125,0.4453125,1,1
664,6,0.453125,0.375,0.546875,0.78125,1,1
664,6,0.453125,0.375,0.546875,0.78125,4,1
664,6,0.234375,0.39453125,0.3515625,0.6640625,1,1
664,6,0.1875,0.296875,0.2734375,0.40625,1,1
664,6,0.14453125,0.2734375,0.20703125,0.37890625,1,1
664,6,0.015625,0.33984375,0.078125,0.4609375,1,1
664,6,0.9140625,0.60546875,0.9921875,0.90234375,2,1
664,6,0.1796875,0.7265625,0.4453125,0.98828125,1,1
664,6,0.1015625,0.6796875,0.3359375,0.9609375,1,1
664,6,0.04296875,0.55078125,0.23828125,0.8046875,1,1
664,6,0.0078125,0.46875,0.2109375,0.61328125,1,1
665,7,0.875,0.61328125,0.97265625,0.984375,1,1
665,6,0.890625,0.5859375,0.98046875,0.99609375,1,1
665,5,0.88671875,0.6015625,0.97265625,0.96875,1,1
665,4,0.87109375,0.5703125,0.98046875,0.99609375,1,1
665,3,0.87109375,0.58984375,0.98046875,0.98828125,1,1
665,2,0.859375,0.58984375,0.9765625,0.9765625,1,1
664,7,0.91015625,0.5625,0.99609375,0.8984375,2,1
664,7,0.18359375,0.75390625,0.46484375,0.99609375,1,1
664,7,0.09375,0.65234375,0.34765625,0.9609375,1,1
664,7,0.046875,0.4765625,0.234375,0.609375,1,1
664,7,0.2578125,0.375,0.37109375,0.69140625,1,1
664,7,0.4375,0.34375,0.57421875,0.74609375,1,1
664,7,0.4375,0.34375,0.57421875,0.74609375,4,1
664,7,0.0390625,0.375,0.140625,0.53125,1,1
664,7,0.01953125,0.2890625,0.08203125,0.390625,1,1
665,2,0.80078125,0.453125,0.875,0.828125,1,1
665,2,0.53515625,0.3515625,0.6796875,0.60546875,1,1
665,2,0.08203125,0.67578125,0.33203125,0.98828125,1,1
665,2,0.0390625,0.53125,0.23828125,0.81640625,1,1
665,2,0.0234375,0.4453125,0.15234375,0.58203125,1,1
665,2,0.015625,0.33984375,0.078125,0.4296875,1,1
665,3,0.51953125,0.34765625,0.65625,0.609375,1,1
665,3,0.80859375,0.45703125,0.890625,0.85546875,1,1
665,3,0.08203125,0.671875,0.3359375,0.99609375,1,1
665,3,0.03125,0.53125,0.22265625,0.76953125,1,1
665,3,0.01953125,0.33984375,0.08203125,0.41796875,1,1
665,4,0.0234375,0.44921875,0.1484375,0.578125,1,1
665,4,0.53515625,0.33203125,0.66015625,0.6171875,1,1
665,4,0.80859375,0.45703125,0.89453125,0.8359375,1,1
665,4,0.0859375,0.671875,0.33984375,0.9921875,1,1
665,4,0.03515625,0.53125,0.2265625,0.7734375,1,1
665,5,0.53515625,0.32421875,0.66015625,0.61328125,1,1
665,5,0.07421875,0.671875,0.34375,0.99609375,1,1
665,5,0.0390625,0.53515625,0.23046875,0.80078125,1,1
665,5,0.03125,0.46484375,0.15625,0.58984375,1,1
665,5,0.01953125,0.32421875,0.08203125,0.42578125,1,1
665,6,0.01171875,0.33984375,0.07421875,0.4453125,1,1
665,6,0.015625,0.453125,0.16015625,0.59765625,1,1
665,6,0.02734375,0.51953125,0.2109375,0.8828125,1,1
665,6,0.51953125,0.328125,0.65625,0.58984375,1,1
665,6,0.76953125,0.4296875,0.87890625,0.828125,1,1
665,7,0.77734375,0.45703125,0.8828125,0.8359375,1,1
665,7,0.53515625,0.34765625,0.65625,0.59375,1,1
665,7,0.08203125,0.65234375,0.33203125,1.0,1,1
665,7,0.0390625,0.5390625,0.2265625,0.7890625,1,1
665,7,0.0234375,0.4453125,0.1640625,0.6015625,1,1
665,7,0.0234375,0.33984375,0.08203125,0.421875,1,1
666,2,0.02734375,0.48046875,0.1953125,0.80859375,1,1
666,2,0.33203125,0.328125,0.453125,0.5078125,1,1
666,2,0.484375,0.37109375,0.671875,0.65625,1,1
666,2,0.484375,0.37109375,0.671875,0.65625,4,1
666,2,0.7890625,0.49609375,0.921875,0.98828125,1,1
666,2,0.91796875,0.515625,0.9921875,0.9765625,1,1
666,3,0.46484375,0.3671875,0.66015625,0.66015625,1,1
666,3,0.46484375,0.3671875,0.66015625,0.66015625,4,1
666,3,0.33203125,0.3046875,0.44921875,0.5,1,1
666,3,0.0390625,0.48046875,0.1875,0.76953125,1,1
666,3,0.0546875,0.4296875,0.11328125,0.5390625,1,1
666,3,0.78125,0.5,0.921875,0.99609375,1,1
666,3,0.91796875,0.453125,0.9921875,0.9921875,1,1
678,2,0.4453125,0.33203125,0.52734375,0.41796875,2,1
678,2,0.28515625,0.28515625,0.33984375,0.38671875,2,1
678,2,0.12109375,0.30078125,0.1796875,0.37890625,2,1
678,2,0.0234375,0.42578125,0.12890625,0.62890625,1,1
678,2,0.015625,0.31640625,0.09375,0.4140625,1,1
677,7,0.9140625,0.6171875,0.9921875,0.9296875,2,1
677,7,0.12109375,0.29296875,0.18359375,0.3828125,2,1
677,7,0.0234375,0.3203125,0.08984375,0.4375,1,1
677,6,0.015625,0.30859375,0.09375,0.43359375,1,1
677,6,0.1171875,0.30078125,0.1875,0.3828125,2,1
677,6,0.8984375,0.5859375,0.99609375,0.92578125,2,1
677,6,0.8984375,0.5859375,0.99609375,0.92578125,5,1
677,5,0.9140625,0.609375,0.9921875,0.9296875,2,1
677,5,0.125,0.29296875,0.1796875,0.37109375,2,1
677,5,0.01953125,0.3203125,0.0859375,0.4296875,1,1
677,4,0.01171875,0.30859375,0.08203125,0.43359375,1,1
677,4,0.109375,0.28125,0.1640625,0.37890625,2,1
677,4,0.91015625,0.6171875,0.99609375,0.9375,2,1
677,3,0.109375,0.29296875,0.171875,0.37890625,2,1
677,3,0.0078125,0.3203125,0.07421875,0.44921875,1,1
677,3,0.91015625,0.6328125,0.9921875,0.94140625,2,1
677,2,0.91015625,0.62890625,0.9921875,0.9375,2,1
677,2,0.11328125,0.296875,0.16796875,0.375,2,1
677,2,0.00390625,0.32421875,0.0703125,0.4375,1,1
676,7,0.01953125,0.50390625,0.19140625,0.79296875,1,1
676,7,0.01953125,0.50390625,0.19140625,0.79296875,3,1
676,7,0.0,0.30078125,0.09375,0.390625,1,1
676,7,0.11328125,0.28515625,0.16796875,0.36328125,2,1
676,7,0.8046875,0.48046875,0.95703125,0.99609375,1,1
676,6,0.79296875,0.47265625,0.953125,0.9921875,1,1
676,6,0.01953125,0.515625,0.1953125,0.79296875,1,1
676,6,0.01953125,0.515625,0.1953125,0.79296875,3,1
676,6,0.0546875,0.3515625,0.13671875,0.48828125,1,1
676,6,0.1171875,0.296875,0.1640625,0.35546875,2,1
676,6,0.0234375,0.296875,0.0859375,0.37890625,1,1
676,5,0.01953125,0.32421875,0.08984375,0.3828125,1,1
676,5,0.0546875,0.37109375,0.125,0.4765625,1,1
676,5,0.12109375,0.296875,0.1640625,0.36328125,2,1
676,5,0.01171875,0.50390625,0.19140625,0.78515625,1,1
676,5,0.01171875,0.50390625,0.19140625,0.78515625,3,1
676,5,0.8125,0.50390625,0.953125,0.9921875,1,1
676,5,0.95703125,0.6015625,0.9921875,0.98828125,1,1
676,4,0.015625,0.515625,0.1875,0.78515625,1,1
676,4,0.015625,0.515625,0.1875,0.78515625,3,1
676,4,0.0546875,0.3515625,0.12890625,0.48046875,1,1
676,4,0.0078125,0.3125,0.0859375,0.38671875,1,1
676,4,0.8046875,0.5078125,0.9609375,0.99609375,1,1
676,3,0.8046875,0.48046875,0.94921875,0.9921875,1,1
676,3,0.01953125,0.515625,0.20703125,0.796875,1,1
676,3,0.01953125,0.515625,0.20703125,0.796875,3,1
676,3,0.0546875,0.35546875,0.12890625,0.484375,1,1
676,3,0.015625,0.3125,0.08984375,0.3984375,1,1
676,2,0.79296875,0.4765625,0.94921875,0.9921875,1,1
676,2,0.03125,0.515625,0.19140625,0.80859375,1,1
676,2,0.03125,0.515625,0.19140625,0.80859375,3,1
676,2,0.05859375,0.35546875,0.1328125,0.48828125,1,1
676,2,0.01171875,0.3125,0.08984375,0.3984375,1,1
675,7,0.578125,0.32421875,0.69140625,0.58984375,1,1
675,7,0.10546875,0.30859375,0.1484375,0.42578125,1,1
675,7,0.71484375,0.25390625,0.77734375,0.39453125,1,1
675,7,0.78515625,0.2890625,0.83203125,0.4453125,1,1
675,7,0.75390625,0.50390625,0.8984375,0.8125,2,1
675,7,0.75390625,0.50390625,0.8984375,0.8125,5,1
675,7,0.93359375,0.5703125,0.99609375,0.92578125,2,1
674,7,0.53125,0.3203125,0.703125,0.5859375,1,1
674,7,0.53125,0.3203125,0.703125,0.5859375,4,1
675,2,0.578125,0.31640625,0.66796875,0.56640625,1,1
675,2,0.703125,0.26953125,0.7421875,0.40234375,1,1
675,2,0.765625,0.28515625,0.81640625,0.41796875,1,1
675,2,0.78125,0.48046875,0.89453125,0.8359375,2,1
675,2,0.78125,0.48046875,0.89453125,0.8359375,5,1
675,2,0.9296875,0.5703125,0.9921875,0.91015625,2,1
675,3,0.77734375,0.5078125,0.90234375,0.81640625,2,1
675,3,0.77734375,0.5078125,0.90234375,0.81640625,5,1
675,3,0.93359375,0.59375,0.9921875,0.9140625,2,1
675,3,0.5703125,0.3203125,0.68359375,0.58203125,1,1
675,3,0.703125,0.26953125,0.7421875,0.39453125,1,1
675,3,0.7734375,0.28515625,0.828125,0.421875,1,1
675,3,0.1015625,0.30859375,0.15625,0.4375,1,1
675,4,0.10546875,0.30078125,0.15625,0.4375,1,1
675,4,0.57421875,0.296875,0.68359375,0.58984375,1,1
675,4,0.70703125,0.28125,0.74609375,0.39453125,1,1
675,4,0.77734375,0.28125,0.8359375,0.4140625,1,1
675,4,0.77734375,0.48828125,0.8984375,0.84375,2,1
675,4,0.77734375,0.48828125,0.8984375,0.84375,5,1
675,4,0.94140625,0.6171875,0.99609375,0.91015625,2,1
675,6,0.109375,0.28515625,0.15234375,0.42578125,1,1
675,6,0.5703125,0.2578125,0.68359375,0.61328125,1,1
675,6,0.69921875,0.2578125,0.75,0.3984375,1,1
675,6,0.77734375,0.28515625,0.83203125,0.4296875,1,1
675,6,0.7890625,0.47265625,0.89453125,0.828125,2,1
675,6,0.7890625,0.47265625,0.89453125,0.828125,5,1
675,6,0.9375,0.59765625,0.99609375,0.91796875,2,1
675,5,0.77734375,0.5078125,0.90234375,0.82421875,2,1
675,5,0.77734375,0.5078125,0.90234375,0.82421875,5,1
675,5,0.94140625,0.578125,0.99609375,0.921875,2,1
675,5,0.703125,0.2734375,0.75390625,0.39453125,1,1
675,5,0.7734375,0.28515625,0.828125,0.41796875,1,1
675,5,0.5859375,0.3203125,0.6875,0.59375,1,1
675,5,0.109375,0.3046875,0.1484375,0.421875,1,1
675,2,0.10546875,0.296875,0.1484375,0.41796875,1,1
674,6,0.53515625,0.34375,0.6953125,0.546875,1,1
674,6,0.53515625,0.34375,0.6953125,0.546875,4,1
674,5,0.515625,0.328125,0.7109375,0.54296875,1,1
674,5,0.515625,0.328125,0.7109375,0.54296875,4,1
674,4,0.52734375,0.34375,0.70703125,0.55078125,1,1
674,4,0.52734375,0.34375,0.70703125,0.55078125,4,1
674,3,0.53125,0.34765625,0.703125,0.55859375,1,1
674,3,0.53125,0.34765625,0.703125,0.55859375,4,1
674,2,0.53515625,0.328125,0.703125,0.546875,1,1
674,2,0.53515625,0.328125,0.703125,0.546875,4,1
673,7,0.62890625,0.29296875,0.71484375,0.47265625,1,1
687,7,0.68359375,0.265625,0.734375,0.39453125,1,1
687,7,0.75,0.27734375,0.8203125,0.4296875,1,1
687,7,0.83984375,0.3203125,0.8828125,0.4453125,1,1
687,6,0.67578125,0.265625,0.73046875,0.38671875,1,1
687,6,0.74609375,0.296875,0.8203125,0.4296875,1,1
687,6,0.8515625,0.32421875,0.88671875,0.45703125,1,1
687,5,0.68359375,0.26953125,0.73828125,0.390625,1,1
687,5,0.76171875,0.28515625,0.8203125,0.42578125,1,1
687,5,0.8515625,0.32421875,0.8828125,0.44921875,1,1
687,4,0.7578125,0.2890625,0.81640625,0.42578125,1,1
687,4,0.84375,0.32421875,0.890625,0.43359375,1,1
687,3,0.76953125,0.296875,0.8125,0.42578125,1,1
687,3,0.84765625,0.30859375,0.87890625,0.4375,1,1
687,2,0.68359375,0.26171875,0.72265625,0.39453125,1,1
687,2,0.765625,0.28515625,0.8125,0.41796875,1,1
687,2,0.859375,0.33203125,0.88671875,0.45703125,1,1
674,7,0.03515625,0.31640625,0.09765625,0.37109375,1,1
674,7,0.0,0.3671875,0.109375,0.43359375,1,1
674,7,0.015625,0.44140625,0.125,0.6015625,1,1
674,7,0.01953125,0.51171875,0.21875,0.70703125,1,1
674,7,0.203125,0.81640625,0.5078125,0.99609375,1,1
674,7,0.09375,0.734375,0.359375,0.984375,1,1
674,7,0.0390625,0.6640625,0.3125,0.85546875,1,1
674,6,0.18359375,0.8203125,0.52734375,0.98828125,1,1
674,6,0.12890625,0.6875,0.4140625,0.97265625,1,1
674,6,0.0625,0.6015625,0.3046875,0.91796875,1,1
674,6,0.02734375,0.5078125,0.2265625,0.640625,1,1
674,6,0.03125,0.42578125,0.1328125,0.55859375,1,1
674,6,0.015625,0.359375,0.09765625,0.4375,1,1
674,6,0.01953125,0.30859375,0.08984375,0.3828125,1,1
674,5,0.015625,0.3203125,0.09375,0.37890625,1,1
674,5,0.015625,0.375,0.12890625,0.43359375,1,1
674,5,0.02734375,0.42578125,0.12109375,0.53125,1,1
674,5,0.0234375,0.5,0.19140625,0.66796875,1,1
674,5,0.15234375,0.81640625,0.51953125,0.99609375,1,1
674,5,0.06640625,0.71484375,0.43359375,0.96484375,1,1
674,5,0.05078125,0.640625,0.3046875,0.875,1,1
674,4,0.203125,0.77734375,0.51171875,0.9921875,1,1
674,4,0.0859375,0.7265625,0.3984375,0.96875,1,1
674,4,0.0625,0.58984375,0.30859375,0.859375,1,1
674,4,0.01953125,0.52734375,0.21484375,0.6875,1,1
674,4,0.0234375,0.3828125,0.1328125,0.51171875,1,1
674,4,0.01953125,0.29296875,0.1015625,0.39453125,1,1
674,3,0.0234375,0.3125,0.1015625,0.3984375,1,1
674,3,0.01171875,0.421875,0.12109375,0.52734375,1,1
674,3,0.0390625,0.3828125,0.13671875,0.4296875,1,1
674,3,0.01953125,0.5,0.20703125,0.6796875,1,1
674,3,0.1796875,0.8125,0.49609375,0.99609375,1,1
674,3,0.1015625,0.734375,0.4140625,0.97265625,1,1
674,3,0.08984375,0.625,0.3046875,0.890625,1,1
673,7,0.7734375,0.328125,0.84375,0.515625,1,1
674,2,0.1875,0.8046875,0.5,0.98828125,1,1
674,2,0.13671875,0.71875,0.3984375,0.96875,1,1
674,2,0.05859375,0.60546875,0.30859375,0.8828125,1,1
674,2,0.0390625,0.4765625,0.1953125,0.66015625,1,1
674,2,0.02734375,0.421875,0.125,0.5546875,1,1
674,2,0.046875,0.359375,0.13671875,0.42578125,1,1
674,2,0.01953125,0.3125,0.08984375,0.390625,1,1
674,2,0.06640625,0.578125,0.25390625,0.7890625,1,1
673,7,0.40625,0.2578125,0.484375,0.38671875,1,1
673,6,0.35546875,0.23828125,0.43359375,0.37890625,1,1
673,6,0.62890625,0.2890625,0.703125,0.47265625,1,1
673,6,0.78125,0.3359375,0.83203125,0.48828125,1,1
673,5,0.77734375,0.32421875,0.83203125,0.48828125,1,1
673,5,0.64453125,0.3125,0.7109375,0.47265625,1,1
673,5,0.3359375,0.23828125,0.421875,0.3828125,1,1
673,4,0.30859375,0.234375,0.37890625,0.359375,1,1
673,4,0.63671875,0.296875,0.70703125,0.48046875,1,1
673,4,0.7734375,0.33984375,0.828125,0.48046875,1,1
673,3,0.63671875,0.28515625,0.71484375,0.484375,1,1
673,3,0.76171875,0.3203125,0.8359375,0.484375,1,1
673,3,0.28515625,0.23828125,0.3359375,0.33984375,1,1
673,2,0.6328125,0.28125,0.70703125,0.46875,1,1
673,2,0.765625,0.3125,0.83203125,0.4765625,1,1
672,7,0.5546875,0.265625,0.6328125,0.4140625,1,1
672,7,0.5546875,0.265625,0.6328125,0.4140625,4,1
672,7,0.38671875,0.296875,0.46875,0.41015625,2,1
672,7,0.27734375,0.29296875,0.36328125,0.36328125,2,1
672,6,0.54296875,0.26171875,0.6328125,0.42578125,1,1
672,6,0.54296875,0.26171875,0.6328125,0.42578125,3,1
672,6,0.45703125,0.33984375,0.51171875,0.41796875,2,1
672,6,0.36328125,0.30859375,0.453125,0.3984375,2,1
672,6,0.28515625,0.30078125,0.34765625,0.375,2,1
672,5,0.55078125,0.26171875,0.62890625,0.421875,1,1
672,5,0.55078125,0.26171875,0.62890625,0.421875,4,1
672,5,0.453125,0.3359375,0.5234375,0.421875,2,1
672,5,0.375,0.30859375,0.46875,0.4140625,2,1
672,5,0.28125,0.29296875,0.36328125,0.3828125,2,1
672,4,0.55078125,0.26171875,0.62109375,0.40234375,1,1
672,4,0.55078125,0.26171875,0.62109375,0.40234375,4,1
672,4,0.453125,0.33203125,0.5234375,0.421875,2,1
672,4,0.37109375,0.30078125,0.46484375,0.41015625,2,1
672,4,0.2734375,0.28125,0.3671875,0.3828125,2,1
672,3,0.546875,0.25390625,0.625,0.40625,1,1
672,3,0.546875,0.25390625,0.625,0.40625,4,1
672,3,0.453125,0.3359375,0.515625,0.421875,2,1
672,3,0.35546875,0.3046875,0.4609375,0.4140625,2,1
672,3,0.28125,0.28125,0.35546875,0.38671875,2,1
672,2,0.5390625,0.2578125,0.625,0.4140625,1,1
672,2,0.5390625,0.2578125,0.625,0.4140625,4,1
672,2,0.44921875,0.34375,0.5234375,0.44921875,2,1
672,2,0.3671875,0.296875,0.46875,0.40625,2,1
672,2,0.28515625,0.29296875,0.34375,0.37890625,2,1
671,7,0.578125,0.2890625,0.6640625,0.44140625,1,1
671,7,0.4453125,0.33203125,0.5078125,0.42578125,2,1
671,6,0.44140625,0.328125,0.515625,0.42578125,2,1
671,6,0.5859375,0.296875,0.66796875,0.44921875,1,1
671,5,0.5859375,0.30078125,0.6640625,0.453125,1,1
671,5,0.44921875,0.3515625,0.52734375,0.44140625,1,1
671,4,0.453125,0.33203125,0.5234375,0.4375,1,1
671,4,0.59375,0.3046875,0.671875,0.46484375,1,1
671,3,0.578125,0.30078125,0.6796875,0.4765625,1,1
671,3,0.44140625,0.34375,0.52734375,0.43359375,1,1
671,2,0.4375,0.33984375,0.5234375,0.44140625,1,1
671,2,0.5859375,0.30078125,0.6875,0.484375,1,1
670,7,0.44921875,0.34375,0.52734375,0.42578125,2,1
670,7,0.02734375,0.4765625,0.17578125,0.7421875,1,1
670,7,0.02734375,0.4765625,0.17578125,0.7421875,3,1
670,7,0.03125,0.43359375,0.140625,0.5390625,1,1
670,7,0.03125,0.43359375,0.140625,0.5390625,3,1
670,7,0.02734375,0.34765625,0.0859375,0.4453125,1,1
670,7,0.02734375,0.34765625,0.0859375,0.4453125,3,1
670,6,0.015625,0.3515625,0.08203125,0.46484375,1,1
670,6,0.015625,0.3515625,0.08203125,0.46484375,3,1
670,6,0.0234375,0.484375,0.171875,0.76953125,1,1
670,6,0.0234375,0.484375,0.171875,0.76953125,3,1
670,6,0.0078125,0.44921875,0.16796875,0.53515625,1,1
670,6,0.4453125,0.3203125,0.51953125,0.43359375,2,1
670,5,0.453125,0.32421875,0.50390625,0.4375,2,1
670,5,0.01953125,0.4765625,0.16796875,0.765625,1,1
670,5,0.01953125,0.4765625,0.16796875,0.765625,3,1
670,5,0.0234375,0.421875,0.140625,0.53515625,1,1
670,5,0.0234375,0.3515625,0.09765625,0.45703125,1,1
670,4,0.015625,0.34765625,0.0859375,0.48046875,1,1
670,4,0.03515625,0.484375,0.19140625,0.7734375,1,1
670,4,0.03515625,0.484375,0.19140625,0.7734375,3,1
670,4,0.0234375,0.42578125,0.140625,0.56640625,1,1
670,4,0.4375,0.32421875,0.5078125,0.421875,2,1
670,3,0.4453125,0.33203125,0.51171875,0.43359375,2,1
670,3,0.0234375,0.48828125,0.18359375,0.75390625,1,1
670,3,0.0234375,0.48828125,0.18359375,0.75390625,3,1
670,3,0.02734375,0.4375,0.14453125,0.52734375,1,1
670,3,0.02734375,0.4375,0.14453125,0.52734375,3,1
670,3,0.015625,0.35546875,0.09375,0.45703125,1,1
670,3,0.015625,0.35546875,0.09375,0.45703125,3,1
670,2,0.015625,0.3359375,0.0859375,0.48828125,1,1
670,2,0.015625,0.3359375,0.0859375,0.48828125,3,1
670,2,0.0390625,0.4921875,0.18359375,0.72265625,1,1
670,2,0.0390625,0.4921875,0.18359375,0.72265625,3,1
670,2,0.015625,0.42578125,0.1484375,0.55859375,1,1
670,2,0.43359375,0.31640625,0.51953125,0.421875,2,1
669,7,0.69140625,0.26171875,0.7421875,0.390625,1,1
669,7,0.33203125,0.828125,0.578125,0.98828125,1,1
669,7,0.1328125,0.7734375,0.390625,0.98828125,1,1
669,7,0.05859375,0.61328125,0.296875,0.87890625,1,1
669,7,0.05859375,0.61328125,0.296875,0.87890625,3,1
669,7,0.046875,0.46484375,0.2890625,0.69140625,1,1
669,7,0.046875,0.46484375,0.2890625,0.69140625,3,1
669,7,0.015625,0.359375,0.15625,0.5546875,1,1
669,7,0.015625,0.359375,0.15625,0.5546875,3,1
669,6,0.68359375,0.23046875,0.7421875,0.3984375,1,1
669,6,0.32421875,0.81640625,0.5546875,0.9921875,1,1
669,6,0.15625,0.73046875,0.40234375,0.9921875,1,1
669,6,0.05859375,0.625,0.328125,0.86328125,1,1
669,6,0.05859375,0.625,0.328125,0.86328125,3,1
669,6,0.02734375,0.48046875,0.31640625,0.6484375,1,1
669,6,0.02734375,0.41796875,0.15234375,0.55078125,1,1
669,6,0.015625,0.34765625,0.10546875,0.453125,1,1
666,4,0.45703125,0.375,0.6875,0.64453125,1,1
666,4,0.45703125,0.375,0.6875,0.64453125,4,1
666,4,0.328125,0.34375,0.4375,0.5078125,1,1
666,4,0.0078125,0.484375,0.19921875,0.796875,1,1
666,4,0.0078125,0.484375,0.19921875,0.796875,3,1
666,4,0.04296875,0.43359375,0.109375,0.56640625,1,1
666,4,0.78515625,0.52734375,0.91796875,0.98828125,1,1
666,4,0.91015625,0.484375,0.9921875,0.97265625,1,1
666,5,0.4609375,0.34765625,0.69140625,0.6796875,1,1
666,5,0.4609375,0.34765625,0.69140625,0.6796875,4,1
666,5,0.32421875,0.33203125,0.4453125,0.5078125,1,1
666,5,0.02734375,0.484375,0.19921875,0.80859375,1,1
666,5,0.02734375,0.484375,0.19921875,0.80859375,3,1
666,5,0.02734375,0.4140625,0.1015625,0.5390625,1,1
666,5,0.78515625,0.51171875,0.921875,0.9921875,1,1
666,5,0.90234375,0.42578125,0.9921875,0.97265625,1,1
666,6,0.46484375,0.35546875,0.703125,0.66796875,1,1
666,6,0.46484375,0.35546875,0.703125,0.66796875,4,1
666,6,0.33203125,0.33984375,0.4375,0.51953125,1,1
666,6,0.0078125,0.42578125,0.125,0.5390625,1,1
666,6,0.03515625,0.484375,0.2265625,0.8046875,1,1
666,6,0.03515625,0.484375,0.2265625,0.8046875,3,1
666,6,0.77734375,0.48046875,0.92578125,0.9921875,1,1
666,6,0.89453125,0.40625,0.9921875,0.98828125,1,1
666,7,0.484375,0.36328125,0.7109375,0.671875,1,1
666,7,0.484375,0.36328125,0.7109375,0.671875,4,1
666,7,0.3203125,0.32421875,0.46484375,0.5234375,2,1
666,7,0.01171875,0.48828125,0.19140625,0.80859375,1,1
666,7,0.01171875,0.48828125,0.19140625,0.80859375,3,1
666,7,0.0078125,0.40234375,0.125,0.5390625,1,1
666,7,0.7734375,0.5,0.92578125,0.98046875,1,1
666,7,0.90234375,0.41796875,0.9921875,0.984375,1,1
667,2,0.28125,0.35546875,0.48828125,0.640625,1,1
667,2,0.28125,0.35546875,0.48828125,0.640625,4,1
667,2,0.22265625,0.296875,0.31640625,0.44921875,1,1
667,2,0.7109375,0.62890625,0.94921875,0.984375,1,1
667,2,0.7109375,0.62890625,0.94921875,0.984375,5,1
667,2,0.10546875,0.75,0.41015625,0.98828125,1,1
667,2,0.78515625,0.53515625,0.87109375,0.671875,2,1
667,2,0.05859375,0.47265625,0.2265625,0.703125,1,1
667,2,0.01953125,0.41015625,0.16015625,0.515625,1,1
667,2,0.01953125,0.375,0.09765625,0.484375,1,1
667,2,0.02734375,0.31640625,0.1015625,0.3828125,1,1
667,3,0.27734375,0.37109375,0.4921875,0.62890625,1,1
667,3,0.27734375,0.37109375,0.4921875,0.62890625,4,1
667,3,0.21484375,0.28515625,0.3203125,0.46875,1,1
667,3,0.03515625,0.3125,0.10546875,0.390625,1,1
667,3,0.01953125,0.3828125,0.09765625,0.4453125,1,1
667,3,0.0546875,0.4609375,0.23046875,0.6796875,1,1
667,3,0.0546875,0.4609375,0.23046875,0.6796875,3,1
667,3,0.015625,0.4140625,0.15234375,0.54296875,1,1
667,3,0.8125,0.53515625,0.90234375,0.69140625,2,1
667,3,0.8125,0.53515625,0.90234375,0.69140625,5,1
667,3,0.73046875,0.65234375,0.94921875,0.9921875,1,1
667,3,0.73046875,0.65234375,0.94921875,0.9921875,5,1
667,3,0.1015625,0.7578125,0.41796875,0.9921875,1,1
669,5,0.68359375,0.25,0.7421875,0.38671875,1,1
669,5,0.7421875,0.25390625,0.7734375,0.36328125,1,1
669,5,0.0078125,0.3984375,0.11328125,0.46875,1,1
669,5,0.0078125,0.3984375,0.11328125,0.46875,3,1
669,5,0.015625,0.4453125,0.2265625,0.59765625,1,1
669,5,0.0546875,0.61328125,0.30859375,0.98828125,1,1
669,5,0.0546875,0.61328125,0.30859375,0.98828125,3,1
669,5,0.15625,0.7578125,0.390625,0.9765625,1,1
669,5,0.3359375,0.83984375,0.609375,0.98046875,1,1
669,4,0.6875,0.2265625,0.75,0.40625,1,1
669,4,0.37890625,0.8359375,0.5859375,0.98828125,1,1
669,4,0.171875,0.76171875,0.37890625,0.98046875,1,1
669,4,0.05078125,0.63671875,0.30859375,0.88671875,1,1
669,4,0.05859375,0.4921875,0.29296875,0.7265625,1,1
669,4,0.03515625,0.40234375,0.19140625,0.56640625,1,1
669,4,0.01953125,0.3671875,0.140625,0.48046875,1,1
669,3,0.68359375,0.2109375,0.75390625,0.40234375,1,1
669,3,0.359375,0.7890625,0.5625,0.9921875,1,1
669,3,0.1796875,0.75390625,0.390625,0.9921875,1,1
669,3,0.046875,0.625,0.30859375,0.9296875,1,1
669,3,0.06640625,0.5,0.2890625,0.703125,1,1
669,2,0.3671875,0.79296875,0.5625,0.984375,1,1
669,2,0.1875,0.7578125,0.390625,0.98828125,1,1
669,2,0.04296875,0.62890625,0.30078125,0.91015625,1,1
669,2,0.03125,0.5,0.29296875,0.69140625,1,1
669,2,0.015625,0.359375,0.15625,0.55078125,1,1
667,7,0.12109375,0.765625,0.41796875,0.984375,1,1
667,7,0.62890625,0.640625,0.97265625,0.98046875,1,1
667,6,0.65625,0.6484375,0.98046875,0.9765625,1,1
667,6,0.65625,0.6484375,0.98046875,0.9765625,5,1
667,6,0.109375,0.76171875,0.4453125,0.98828125,1,1
667,5,0.078125,0.7421875,0.44140625,0.984375,1,1
667,5,0.6796875,0.6640625,0.96875,0.9765625,1,1
667,5,0.6796875,0.6640625,0.96875,0.9765625,5,1
667,4,0.7265625,0.609375,0.9609375,0.984375,1,1
667,4,0.7265625,0.609375,0.9609375,0.984375,5,1
667,4,0.12890625,0.78515625,0.43359375,0.98828125,1,1
667,4,0.8046875,0.54296875,0.875,0.6640625,2,1
667,4,0.28515625,0.37109375,0.48828125,0.6015625,1,1
667,4,0.28515625,0.37109375,0.48828125,0.6015625,4,1
667,4,0.05859375,0.45703125,0.23046875,0.69140625,1,1
667,4,0.03125,0.421875,0.1484375,0.53515625,1,1
667,4,0.21484375,0.29296875,0.32421875,0.45703125,1,1
667,4,0.01953125,0.375,0.1015625,0.4609375,1,1
667,4,0.01953125,0.3203125,0.09765625,0.39453125,1,1
667,5,0.28125,0.37109375,0.484375,0.61328125,1,1
667,5,0.28125,0.37109375,0.484375,0.61328125,4,1
667,5,0.04296875,0.453125,0.2265625,0.71484375,1,1
667,5,0.03125,0.421875,0.140625,0.52734375,1,1
667,5,0.2109375,0.3046875,0.328125,0.45703125,1,1
667,5,0.0078125,0.37109375,0.0859375,0.45703125,1,1
667,5,0.0390625,0.33203125,0.125,0.40625,1,1
667,5,0.02734375,0.30078125,0.0859375,0.359375,1,1
667,5,0.8046875,0.53125,0.8828125,0.66796875,2,1
667,6,0.7890625,0.51953125,0.87109375,0.66796875,2,1
667,7,0.79296875,0.51953125,0.875,0.66796875,2,1
667,7,0.28125,0.33984375,0.4921875,0.625,1,1
667,7,0.28125,0.33984375,0.4921875,0.625,4,1
667,7,0.0703125,0.44921875,0.23828125,0.71875,1,1
667,7,0.21484375,0.2890625,0.33203125,0.43359375,1,1
667,7,0.03515625,0.3046875,0.09375,0.35546875,1,1
667,7,0.015625,0.3671875,0.08984375,0.41796875,1,1
667,7,0.03125,0.4375,0.13671875,0.53515625,1,1
667,6,0.28125,0.35546875,0.484375,0.6171875,1,1
667,6,0.28125,0.35546875,0.484375,0.6171875,4,1
667,6,0.23046875,0.296875,0.31640625,0.45703125,1,1
667,6,0.0703125,0.45703125,0.2265625,0.72265625,1,1
667,6,0.01953125,0.44921875,0.1171875,0.7109375,1,1
667,6,0.0078125,0.3828125,0.1015625,0.48046875,1,1
667,6,0.01953125,0.3359375,0.1015625,0.4140625,1,1
667,6,0.0234375,0.29296875,0.09375,0.34375,1,1
669,2,0.703125,0.25,0.7421875,0.3828125,1,1
669,2,0.75,0.2578125,0.76953125,0.37109375,1,1
668,7,0.79296875,0.3359375,0.87109375,0.51171875,1,1
668,6,0.79296875,0.31640625,0.859375,0.484375,1,1
668,5,0.78125,0.3203125,0.828125,0.46484375,1,1
670,7,0.8359375,0.3125,0.88671875,0.4296875,1,1
670,6,0.828125,0.30859375,0.8828125,0.43359375,1,1
670,5,0.8203125,0.296875,0.8828125,0.421875,1,1
670,4,0.828125,0.2890625,0.8828125,0.4296875,1,1
670,3,0.83203125,0.3125,0.8828125,0.421875,1,1
670,2,0.83203125,0.3046875,0.88671875,0.44140625,1,1
668,7,0.1328125,0.71875,0.4296875,0.96875,1,1
668,7,0.40625,0.8203125,0.78515625,0.98046875,1,1
668,7,0.7421875,0.65234375,0.9765625,0.9765625,1,1
668,7,0.4375,0.59375,0.7265625,0.828125,1,1
668,7,0.4453125,0.2734375,0.52734375,0.35546875,1,1
668,7,0.41796875,0.3984375,0.625,0.50390625,1,1
668,7,0.5625,0.40234375,0.76171875,0.6328125,1,1
668,7,0.51953125,0.28125,0.57421875,0.35546875,1,1
668,7,0.046875,0.5,0.17578125,0.59375,1,1
668,7,0.1015625,0.6015625,0.2890625,0.78125,1,1
668,7,0.234375,0.53515625,0.421875,0.75390625,1,1
668,7,0.32421875,0.46484375,0.515625,0.625,1,1
668,7,0.11328125,0.43359375,0.19921875,0.578125,1,1
668,7,0.20703125,0.36328125,0.31640625,0.5234375,1,1
668,7,0.10546875,0.33984375,0.19140625,0.453125,1,1
668,7,0.2109375,0.27734375,0.2890625,0.3671875,1,1
668,7,0.21484375,0.21484375,0.28515625,0.30078125,1,1
668,6,0.3984375,0.22265625,0.45703125,0.3203125,1,1
668,6,0.44140625,0.26953125,0.53125,0.37109375,1,1
668,6,0.53125,0.25390625,0.578125,0.37890625,1,1
668,6,0.2109375,0.234375,0.28125,0.29296875,1,1
668,6,0.1015625,0.29296875,0.15625,0.375,1,1
668,6,0.203125,0.3515625,0.3125,0.53125,1,1
668,6,0.0546875,0.49609375,0.17578125,0.671875,1,1
668,6,0.1171875,0.625,0.37109375,0.8125,1,1
668,6,0.2265625,0.49609375,0.4453125,0.796875,1,1
668,6,0.1171875,0.796875,0.47265625,0.9921875,1,1
668,6,0.484375,0.80078125,0.81640625,0.9921875,1,1
668,6,0.7109375,0.61328125,0.98828125,0.9375,1,1
668,6,0.44921875,0.60546875,0.74609375,0.8125,1,1
668,6,0.5703125,0.39453125,0.7578125,0.59375,1,1
668,6,0.35546875,0.45703125,0.54296875,0.6484375,1,1
668,6,0.4140625,0.3984375,0.6328125,0.54296875,1,1
668,6,0.58984375,0.328125,0.7109375,0.43359375,1,1
668,3,0.765625,0.58984375,0.98828125,0.96875,1,1
668,3,0.46484375,0.68359375,0.8203125,0.99609375,1,1
668,3,0.11328125,0.75,0.484375,0.98828125,1,1
668,3,0.16796875,0.640625,0.45703125,0.82421875,1,1
668,3,0.0859375,0.53125,0.25390625,0.6796875,1,1
668,3,0.140625,0.44921875,0.29296875,0.625,1,1
668,3,0.234375,0.3515625,0.32421875,0.54296875,1,1
668,3,0.40625,0.234375,0.48046875,0.3203125,1,1
668,3,0.30078125,0.51171875,0.5234375,0.67578125,1,1
668,3,0.3671875,0.44140625,0.55859375,0.68359375,1,1
668,3,0.42578125,0.390625,0.6328125,0.56640625,1,1
668,3,0.64453125,0.50390625,0.7578125,0.79296875,1,1
668,3,0.66015625,0.390625,0.7734375,0.5625,1,1
668,3,0.75390625,0.32421875,0.8046875,0.51171875,1,1
668,3,0.53515625,0.2578125,0.58203125,0.38671875,1,1
668,3,0.140625,0.36328125,0.21484375,0.44921875,1,1
668,3,0.02734375,0.421875,0.109375,0.59375,1,1
668,3,0.22265625,0.2421875,0.28515625,0.2890625,1,1
668,5,0.3984375,0.203125,0.47265625,0.3203125,1,1
668,5,0.109375,0.7421875,0.4765625,0.9921875,1,1
668,5,0.48828125,0.77734375,0.83984375,0.99609375,1,1
668,5,0.75,0.625,0.98828125,0.95703125,1,1
668,5,0.46484375,0.58203125,0.76171875,0.7890625,1,1
668,5,0.15234375,0.6484375,0.44140625,0.828125,1,1
668,5,0.0546875,0.51171875,0.20703125,0.71484375,1,1
668,5,0.21484375,0.515625,0.47265625,0.72265625,1,1
668,5,0.35546875,0.4375,0.56640625,0.65234375,1,1
668,5,0.41796875,0.37890625,0.62890625,0.5234375,1,1
668,5,0.5625,0.3203125,0.7578125,0.5859375,1,1
668,5,0.5078125,0.28125,0.59375,0.375,1,1
668,5,0.22265625,0.359375,0.3203125,0.515625,1,1
668,5,0.125,0.4296875,0.24609375,0.58203125,1,1
668,5,0.0234375,0.4140625,0.09765625,0.5390625,1,1
668,5,0.09375,0.35546875,0.17578125,0.4375,1,1
668,5,0.03125,0.359375,0.09375,0.421875,1,1
668,5,0.03125,0.296875,0.11328125,0.3671875,1,1
668,5,0.1875,0.31640625,0.2578125,0.390625,1,1
668,5,0.2109375,0.2265625,0.27734375,0.30078125,1,1
668,4,0.484375,0.70703125,0.8203125,0.9921875,1,1
668,4,0.56640625,0.54296875,0.7890625,0.8046875,1,1
668,4,0.76953125,0.59765625,0.9765625,0.953125,1,1
668,4,0.1171875,0.765625,0.484375,0.9921875,1,1
668,4,0.171875,0.65234375,0.45703125,0.83203125,1,1
668,4,0.09375,0.52734375,0.23828125,0.73828125,1,1
668,4,0.04296875,0.39453125,0.10546875,0.56640625,1,1
668,4,0.12109375,0.3671875,0.20703125,0.453125,1,1
668,4,0.13671875,0.44140625,0.27734375,0.59765625,1,1
668,4,0.28515625,0.4921875,0.484375,0.75,1,1
668,4,0.3671875,0.4453125,0.55859375,0.66796875,1,1
668,4,0.39453125,0.38671875,0.62890625,0.515625,1,1
668,4,0.62890625,0.3984375,0.75,0.6015625,1,1
668,4,0.74609375,0.328125,0.796875,0.5546875,1,1
668,4,0.78515625,0.3046875,0.82421875,0.41796875,1,1
668,4,0.5234375,0.26171875,0.57421875,0.37890625,1,1
668,4,0.41015625,0.2265625,0.453125,0.32421875,1,1
668,4,0.4375,0.2890625,0.53515625,0.359375,1,1
668,4,0.23046875,0.359375,0.3125,0.49609375,1,1
668,4,0.2109375,0.2265625,0.2734375,0.28125,1,1
669,7,0.7421875,0.25,0.76953125,0.359375,1,1
669,6,0.7421875,0.2421875,0.7734375,0.37890625,1,1
688,3,0.21484375,0.82421875,0.46875,0.9765625,1,1
688,4,0.2421875,0.80078125,0.4609375,0.99609375,1,1
618,6,0.203125,0.3203125,0.328125,0.56640625,1,1
618,6,0.171875,0.3125,0.24609375,0.41796875,2,1
618,6,0.12109375,0.25,0.19140625,0.39453125,1,1
618,6,0.3046875,0.2265625,0.35546875,0.3203125,1,1
618,6,0.0234375,0.359375,0.0859375,0.5,1,1
637,7,0.0234375,0.3125,0.0859375,0.3984375,1,1
637,6,0.0234375,0.32421875,0.07421875,0.3984375,1,1
637,5,0.0234375,0.3203125,0.078125,0.40625,1,1
637,4,0.01171875,0.3046875,0.07421875,0.4140625,1,1
637,3,0.01953125,0.30078125,0.07421875,0.40234375,1,1
637,2,0.00390625,0.3046875,0.078125,0.3984375,1,1
639,2,0.3828125,0.83984375,0.51953125,0.98828125,1,1
649,2,0.33203125,0.81640625,0.46484375,0.98828125,1,1
668,2,0.75390625,0.26953125,0.796875,0.37109375,1,1
668,2,0.70703125,0.3359375,0.78515625,0.578125,1,1
668,2,0.48828125,0.6875,0.81640625,0.9921875,1,1
668,2,0.11328125,0.765625,0.48046875,0.98828125,1,1
668,2,0.0859375,0.515625,0.25390625,0.6953125,1,1
668,2,0.18359375,0.609375,0.45703125,0.8203125,1,1
668,2,0.33203125,0.48828125,0.515625,0.78125,1,1
668,2,0.42578125,0.44140625,0.55859375,0.65234375,1,1
668,2,0.1640625,0.4609375,0.296875,0.609375,1,1
668,2,0.21875,0.3671875,0.32421875,0.48046875,1,1
668,2,0.0546875,0.44140625,0.125,0.53125,1,1
668,2,0.12109375,0.36328125,0.21484375,0.45703125,1,1
668,2,0.2109375,0.23828125,0.2734375,0.296875,1,1
668,2,0.40234375,0.234375,0.45703125,0.3203125,1,1
668,2,0.44140625,0.26953125,0.53125,0.359375,1,1
668,2,0.48046875,0.36328125,0.69921875,0.42578125,1,1
668,2,0.59765625,0.4453125,0.7421875,0.76953125,1,1
668,2,0.75390625,0.6015625,0.9921875,0.94921875,1,1
620,4,0.4453125,0.33984375,0.51171875,0.44921875,2,1
657,3,0.109375,0.28515625,0.171875,0.36328125,2,1
562,6,0.10546875,0.16796875,0.1953125,0.2890625,1,1
562,6,0.0078125,0.2421875,0.0546875,0.37109375,1,1
562,7,0.10546875,0.16796875,0.1953125,0.2890625,1,1
562,7,0.0078125,0.2421875,0.0546875,0.37109375,1,1
563,2,0.0078125,0.234375,0.06640625,0.34765625,1,1
563,3,0.01171875,0.23828125,0.06640625,0.33203125,1,1
563,4,0.01171875,0.2421875,0.06640625,0.3359375,1,1
563,5,0.0078125,0.23828125,0.0625,0.3359375,1,1
563,6,0.015625,0.2421875,0.0625,0.33203125,1,1
563,7,0.015625,0.234375,0.0625,0.3359375,1,1
564,2,0.0,0.23046875,0.05859375,0.3203125,1,1
564,3,0.0,0.2265625,0.05859375,0.32421875,1,1
564,4,0.0,0.23046875,0.05859375,0.31640625,1,1
564,5,0.00390625,0.23046875,0.0625,0.30859375,1,1
564,6,0.0,0.2265625,0.06640625,0.3125,1,1
564,7,0.0,0.234375,0.06640625,0.3125,1,1
566,2,0.5859375,0.234375,0.703125,0.609375,1,1
566,2,0.5859375,0.234375,0.703125,0.609375,3,1
566,2,0.0,0.40234375,0.08984375,0.62109375,1,1
566,2,0.046875,0.26171875,0.14453125,0.46875,1,1
566,2,0.1328125,0.23046875,0.20703125,0.3984375,2,1
566,2,0.1328125,0.23046875,0.20703125,0.3984375,5,1
566,2,0.30078125,0.1953125,0.36328125,0.35546875,2,1
566,2,0.30078125,0.1953125,0.36328125,0.35546875,5,1
566,2,0.328125,0.140625,0.390625,0.25,1,1
566,2,0.328125,0.140625,0.390625,0.25,3,1
566,2,0.1328125,0.171875,0.2265625,0.265625,1,1
566,2,0.0859375,0.1953125,0.140625,0.2890625,1,1
566,2,0.35546875,0.09375,0.4140625,0.171875,1,1
566,2,0.4296875,0.078125,0.4765625,0.17578125,1,1
566,2,0.515625,0.07421875,0.56640625,0.1953125,1,1
566,2,0.5625,0.0859375,0.60546875,0.2109375,1,1
566,2,0.6328125,0.10546875,0.6953125,0.20703125,1,1
566,2,0.66796875,0.1015625,0.7578125,0.1875,1,1
566,2,0.93359375,0.23046875,0.98828125,0.34375,2,1
566,2,0.93359375,0.23046875,0.98828125,0.34375,5,1
566,2,0.87109375,0.1484375,0.91015625,0.21484375,1,1
566,3,0.5859375,0.234375,0.703125,0.609375,1,1
566,3,0.5859375,0.234375,0.703125,0.609375,3,1
566,3,0.0,0.40234375,0.08984375,0.62109375,1,1
566,3,0.046875,0.26171875,0.14453125,0.46875,1,1
566,3,0.1328125,0.23046875,0.20703125,0.3984375,2,1
566,3,0.1328125,0.23046875,0.20703125,0.3984375,5,1
566,3,0.30078125,0.1953125,0.36328125,0.35546875,2,1
566,3,0.30078125,0.1953125,0.36328125,0.35546875,5,1
566,3,0.328125,0.140625,0.390625,0.25,1,1
566,3,0.328125,0.140625,0.390625,0.25,3,1
566,3,0.1328125,0.171875,0.2265625,0.265625,1,1
566,3,0.0859375,0.1953125,0.140625,0.2890625,1,1
566,3,0.35546875,0.09375,0.4140625,0.171875,1,1
566,3,0.4296875,0.078125,0.4765625,0.17578125,1,1
566,3,0.515625,0.07421875,0.56640625,0.1953125,1,1
566,3,0.5625,0.0859375,0.60546875,0.2109375,1,1
566,3,0.6328125,0.10546875,0.6953125,0.20703125,1,1
566,3,0.66796875,0.1015625,0.7578125,0.1875,1,1
566,3,0.93359375,0.23046875,0.98828125,0.34375,2,1
566,3,0.93359375,0.23046875,0.98828125,0.34375,5,1
566,3,0.87109375,0.1484375,0.91015625,0.21484375,1,1
566,4,0.5859375,0.234375,0.70703125,0.609375,1,1
566,4,0.5859375,0.234375,0.70703125,0.609375,3,1
566,4,0.0,0.40234375,0.08984375,0.62109375,1,1
566,4,0.046875,0.26171875,0.14453125,0.4765625,1,1
566,4,0.1328125,0.23046875,0.20703125,0.3984375,2,1
566,4,0.1328125,0.23046875,0.20703125,0.3984375,5,1
566,4,0.30078125,0.1953125,0.36328125,0.35546875,2,1
566,4,0.30078125,0.1953125,0.36328125,0.35546875,5,1
566,4,0.328125,0.140625,0.390625,0.25,1,1
566,4,0.328125,0.140625,0.390625,0.25,3,1
566,4,0.1328125,0.171875,0.2265625,0.265625,1,1
566,4,0.0859375,0.1953125,0.140625,0.2890625,1,1
566,4,0.35546875,0.09375,0.4140625,0.171875,1,1
566,4,0.4296875,0.078125,0.4765625,0.17578125,1,1
566,4,0.515625,0.07421875,0.56640625,0.1953125,1,1
566,4,0.5625,0.0859375,0.60546875,0.2109375,1,1
566,4,0.6328125,0.10546875,0.6953125,0.20703125,1,1
566,4,0.66796875,0.1015625,0.7578125,0.1875,1,1
566,4,0.93359375,0.23046875,0.98828125,0.34375,2,1
566,4,0.93359375,0.23046875,0.98828125,0.34375,5,1
566,4,0.87109375,0.1484375,0.91015625,0.21484375,1,1
566,5,0.5859375,0.234375,0.7109375,0.609375,1,1
566,5,0.5859375,0.234375,0.7109375,0.609375,3,1
566,5,0.0,0.40234375,0.08984375,0.62890625,1,1
566,5,0.046875,0.26171875,0.14453125,0.48828125,1,1
566,5,0.1328125,0.23046875,0.20703125,0.3984375,2,1
566,5,0.1328125,0.23046875,0.20703125,0.3984375,5,1
566,5,0.30078125,0.1953125,0.36328125,0.35546875,2,1
566,5,0.30078125,0.1953125,0.36328125,0.35546875,5,1
566,5,0.328125,0.140625,0.390625,0.25,1,1
566,5,0.328125,0.140625,0.390625,0.25,3,1
566,5,0.1328125,0.171875,0.2265625,0.265625,1,1
566,5,0.0859375,0.1953125,0.140625,0.2890625,1,1
566,5,0.35546875,0.09375,0.4140625,0.171875,1,1
566,5,0.4296875,0.078125,0.4765625,0.17578125,1,1
566,5,0.515625,0.07421875,0.56640625,0.1953125,1,1
566,5,0.5625,0.0859375,0.60546875,0.2109375,1,1
566,5,0.6328125,0.10546875,0.6953125,0.20703125,1,1
566,5,0.66796875,0.1015625,0.7578125,0.1875,1,1
566,5,0.93359375,0.23046875,0.98828125,0.34375,2,1
566,5,0.93359375,0.23046875,0.98828125,0.34375,5,1
566,5,0.87109375,0.1484375,0.91015625,0.21484375,1,1
566,6,0.5859375,0.234375,0.71875,0.609375,1,1
566,6,0.5859375,0.234375,0.71875,0.609375,3,1
566,6,0.0,0.40234375,0.08984375,0.63671875,1,1
566,6,0.046875,0.26171875,0.14453125,0.49609375,1,1
566,6,0.1328125,0.23046875,0.20703125,0.3984375,2,1
566,6,0.1328125,0.23046875,0.20703125,0.3984375,5,1
566,6,0.30078125,0.1953125,0.36328125,0.35546875,2,1
566,6,0.30078125,0.1953125,0.36328125,0.35546875,5,1
566,6,0.328125,0.140625,0.390625,0.25,1,1
566,6,0.328125,0.140625,0.390625,0.25,3,1
566,6,0.1328125,0.171875,0.2265625,0.265625,1,1
566,6,0.0859375,0.1953125,0.140625,0.2890625,1,1
566,6,0.35546875,0.09375,0.4140625,0.171875,1,1
566,6,0.4296875,0.078125,0.4765625,0.17578125,1,1
566,6,0.515625,0.07421875,0.56640625,0.1953125,1,1
566,6,0.5625,0.0859375,0.60546875,0.2109375,1,1
566,6,0.6328125,0.10546875,0.6953125,0.20703125,1,1
566,6,0.66796875,0.1015625,0.7578125,0.1875,1,1
566,6,0.93359375,0.23828125,0.98828125,0.3515625,2,1
566,6,0.93359375,0.23828125,0.98828125,0.3515625,5,1
566,6,0.87109375,0.1484375,0.91015625,0.21484375,1,1
566,7,0.5859375,0.2421875,0.72265625,0.6171875,1,1
566,7,0.5859375,0.2421875,0.72265625,0.6171875,3,1
566,7,0.0,0.40234375,0.08984375,0.6484375,1,1
566,7,0.046875,0.26171875,0.14453125,0.50390625,1,1
566,7,0.13671875,0.23828125,0.2109375,0.40625,2,1
566,7,0.13671875,0.23828125,0.2109375,0.40625,5,1
566,7,0.30078125,0.1953125,0.36328125,0.35546875,2,1
566,7,0.30078125,0.1953125,0.36328125,0.35546875,5,1
566,7,0.328125,0.140625,0.390625,0.25,1,1
566,7,0.328125,0.140625,0.390625,0.25,3,1
566,7,0.13671875,0.171875,0.23046875,0.265625,1,1
566,7,0.0859375,0.1953125,0.140625,0.2890625,1,1
566,7,0.35546875,0.09375,0.4140625,0.171875,1,1
566,7,0.4296875,0.078125,0.4765625,0.17578125,1,1
566,7,0.515625,0.07421875,0.56640625,0.1953125,1,1
566,7,0.5625,0.0859375,0.60546875,0.2109375,1,1
566,7,0.6328125,0.10546875,0.6953125,0.20703125,1,1
566,7,0.66796875,0.1015625,0.7578125,0.1875,1,1
566,7,0.93359375,0.24609375,0.98828125,0.359375,2,1
566,7,0.93359375,0.24609375,0.98828125,0.359375,5,1
566,7,0.87109375,0.1484375,0.91015625,0.21484375,1,1
567,2,0.01171875,0.23046875,0.0859375,0.328125,1,1
567,2,0.09375,0.1875,0.15234375,0.29296875,1,1
567,2,0.12890625,0.2421875,0.19921875,0.37890625,2,1
567,2,0.1796875,0.1640625,0.234375,0.25390625,1,1
567,2,0.18359375,0.17578125,0.28125,0.4296875,1,1
567,2,0.265625,0.1796875,0.31640625,0.26953125,2,1
567,2,0.29296875,0.21875,0.37109375,0.34765625,2,1
567,2,0.29296875,0.21875,0.37109375,0.34765625,5,1
567,2,0.40625,0.1875,0.46875,0.3203125,2,1
567,2,0.5234375,0.05859375,0.56640625,0.19140625,1,1
567,2,0.67578125,0.1640625,0.75,0.31640625,2,1
567,2,0.82421875,0.20703125,0.890625,0.31640625,2,1
567,2,0.8515625,0.15234375,0.9140625,0.23828125,1,1
567,3,0.01171875,0.23046875,0.0859375,0.328125,1,1
567,3,0.09375,0.1875,0.15234375,0.29296875,1,1
567,3,0.12890625,0.2421875,0.19921875,0.37890625,2,1
567,3,0.1796875,0.1640625,0.234375,0.25390625,1,1
567,3,0.18359375,0.17578125,0.28125,0.4375,1,1
567,3,0.265625,0.1796875,0.31640625,0.26953125,2,1
567,3,0.29296875,0.21875,0.37109375,0.34765625,2,1
567,3,0.29296875,0.21875,0.37109375,0.34765625,5,1
567,3,0.40625,0.1875,0.46875,0.3203125,2,1
567,3,0.5234375,0.05859375,0.56640625,0.19140625,1,1
567,3,0.67578125,0.1640625,0.75,0.31640625,2,1
567,3,0.82421875,0.2109375,0.890625,0.3203125,2,1
567,3,0.8515625,0.15234375,0.9140625,0.23828125,1,1
567,4,0.01171875,0.23046875,0.0859375,0.328125,1,1
567,4,0.09375,0.1875,0.15234375,0.29296875,1,1
567,4,0.12890625,0.2421875,0.19921875,0.37890625,2,1
567,4,0.1796875,0.1640625,0.234375,0.25390625,1,1
567,4,0.18359375,0.17578125,0.28125,0.4453125,1,1
567,4,0.265625,0.1796875,0.31640625,0.26953125,2,1
567,4,0.29296875,0.21875,0.37109375,0.34765625,2,1
567,4,0.29296875,0.21875,0.37109375,0.34765625,5,1
567,4,0.40625,0.1875,0.46875,0.3203125,2,1
567,4,0.5234375,0.05859375,0.56640625,0.19140625,1,1
567,4,0.67578125,0.1640625,0.75,0.31640625,2,1
567,4,0.82421875,0.2109375,0.890625,0.3203125,2,1
567,4,0.8515625,0.15234375,0.9140625,0.23828125,1,1
567,5,0.015625,0.23046875,0.08984375,0.328125,1,1
567,5,0.09375,0.1875,0.15234375,0.29296875,1,1
567,5,0.12890625,0.2421875,0.19921875,0.37890625,2,1
567,5,0.1796875,0.1640625,0.234375,0.25390625,1,1
567,5,0.18359375,0.17578125,0.28125,0.45703125,1,1
567,5,0.265625,0.1796875,0.31640625,0.26953125,2,1
567,5,0.29296875,0.21875,0.37109375,0.34765625,2,1
567,5,0.29296875,0.21875,0.37109375,0.34765625,5,1
567,5,0.40625,0.1875,0.46875,0.3203125,2,1
567,5,0.5234375,0.05859375,0.56640625,0.19140625,1,1
567,5,0.6796875,0.1640625,0.75390625,0.31640625,2,1
567,5,0.82421875,0.2109375,0.890625,0.3203125,2,1
567,5,0.8515625,0.15234375,0.9140625,0.23828125,1,1
567,6,0.015625,0.23046875,0.08984375,0.328125,1,1
567,6,0.09375,0.1875,0.15234375,0.29296875,1,1
567,6,0.12890625,0.2421875,0.19921875,0.37890625,2,1
567,6,0.1796875,0.1640625,0.234375,0.25390625,1,1
567,6,0.18359375,0.17578125,0.28125,0.45703125,1,1
567,6,0.265625,0.1796875,0.31640625,0.26953125,2,1
567,6,0.29296875,0.21875,0.37109375,0.34765625,2,1
567,6,0.29296875,0.21875,0.37109375,0.34765625,5,1
567,6,0.40625,0.1875,0.46875,0.3203125,2,1
567,6,0.5234375,0.05859375,0.56640625,0.19140625,1,1
567,6,0.6796875,0.1640625,0.75390625,0.31640625,2,1
567,6,0.82421875,0.2109375,0.890625,0.3203125,2,1
567,6,0.8515625,0.15234375,0.9140625,0.23828125,1,1
567,7,0.015625,0.23046875,0.08984375,0.328125,1,1
567,7,0.09375,0.1875,0.15234375,0.29296875,1,1
567,7,0.12890625,0.2421875,0.19921875,0.37890625,2,1
567,7,0.1796875,0.1640625,0.234375,0.25390625,1,1
567,7,0.18359375,0.17578125,0.28125,0.45703125,1,1
567,7,0.265625,0.1796875,0.31640625,0.26953125,2,1
567,7,0.29296875,0.21875,0.37109375,0.34765625,2,1
567,7,0.29296875,0.21875,0.37109375,0.34765625,5,1
567,7,0.40625,0.1875,0.46875,0.3203125,2,1
567,7,0.5234375,0.05859375,0.56640625,0.19140625,1,1
567,7,0.6796875,0.1640625,0.75390625,0.31640625,2,1
567,7,0.82421875,0.2109375,0.890625,0.3203125,2,1
567,7,0.8515625,0.15234375,0.9140625,0.23828125,1,1
568,2,0.0,0.359375,0.07421875,0.61328125,1,1
568,2,0.08984375,0.26953125,0.25390625,0.58984375,1,1
568,2,0.21875,0.29296875,0.3359375,0.68359375,1,1
568,2,0.21875,0.29296875,0.3359375,0.68359375,3,1
568,2,0.32421875,0.25390625,0.4609375,0.67578125,1,1
568,2,0.32421875,0.25390625,0.4609375,0.67578125,3,1
568,2,0.00390625,0.2890625,0.0546875,0.36328125,2,1
568,2,0.07421875,0.26171875,0.15234375,0.421875,1,1
568,2,0.1796875,0.2109375,0.234375,0.33203125,1,1
568,2,0.296875,0.21875,0.36328125,0.33984375,2,1
568,2,0.25,0.19921875,0.31640625,0.26953125,2,1
568,2,0.25,0.19921875,0.31640625,0.26953125,5,1
568,2,0.2265625,0.13671875,0.28125,0.21484375,1,1
568,2,0.1875,0.16796875,0.2265625,0.2265625,1,1
568,2,0.31640625,0.1171875,0.37890625,0.203125,1,1
568,2,0.38671875,0.15234375,0.45703125,0.28515625,1,1
568,2,0.46484375,0.11328125,0.56640625,0.2421875,1,1
568,2,0.44921875,0.08984375,0.53125,0.1796875,1,1
568,2,0.6015625,0.1328125,0.69140625,0.3125,1,1
568,2,0.6796875,0.23828125,0.78125,0.51171875,1,1
568,2,0.6171875,0.09765625,0.68359375,0.171875,1,1
568,2,0.76171875,0.1953125,0.83203125,0.31640625,2,1
568,2,0.828125,0.22265625,0.88671875,0.31640625,2,1
568,2,0.89453125,0.23046875,0.95703125,0.328125,2,1
568,3,0.0,0.359375,0.07421875,0.61328125,1,1
568,3,0.08984375,0.26953125,0.25390625,0.58984375,1,1
568,3,0.21875,0.29296875,0.3359375,0.68359375,1,1
568,3,0.21875,0.29296875,0.3359375,0.68359375,3,1
568,3,0.32421875,0.25390625,0.4609375,0.67578125,1,1
568,3,0.32421875,0.25390625,0.4609375,0.67578125,3,1
568,3,0.00390625,0.2890625,0.0546875,0.36328125,2,1
568,3,0.07421875,0.26171875,0.15234375,0.421875,1,1
568,3,0.1796875,0.2109375,0.234375,0.33203125,1,1
568,3,0.296875,0.21875,0.36328125,0.33984375,2,1
568,3,0.25,0.19921875,0.31640625,0.26953125,2,1
568,3,0.25,0.19921875,0.31640625,0.26953125,5,1
568,3,0.2265625,0.13671875,0.28125,0.21484375,1,1
568,3,0.1875,0.16796875,0.2265625,0.2265625,1,1
568,3,0.31640625,0.1171875,0.37890625,0.203125,1,1
568,3,0.38671875,0.15234375,0.45703125,0.28515625,1,1
568,3,0.46484375,0.11328125,0.56640625,0.2421875,1,1
568,3,0.44921875,0.08984375,0.53125,0.1796875,1,1
568,3,0.6015625,0.1328125,0.69140625,0.3125,1,1
568,3,0.6796875,0.23828125,0.78125,0.51171875,1,1
568,3,0.6171875,0.09765625,0.68359375,0.171875,1,1
568,3,0.76171875,0.1953125,0.83203125,0.31640625,2,1
568,3,0.828125,0.22265625,0.88671875,0.31640625,2,1
568,3,0.89453125,0.23046875,0.95703125,0.328125,2,1
568,4,0.0,0.359375,0.07421875,0.61328125,1,1
568,4,0.08984375,0.26953125,0.25390625,0.58984375,1,1
568,4,0.21875,0.29296875,0.3359375,0.68359375,1,1
568,4,0.21875,0.29296875,0.3359375,0.68359375,3,1
568,4,0.32421875,0.25390625,0.4609375,0.67578125,1,1
568,4,0.32421875,0.25390625,0.4609375,0.67578125,3,1
568,4,0.00390625,0.2890625,0.0546875,0.36328125,2,1
568,4,0.07421875,0.26171875,0.15234375,0.421875,1,1
568,4,0.1796875,0.2109375,0.234375,0.33203125,1,1
568,4,0.296875,0.21875,0.36328125,0.33984375,2,1
568,4,0.25,0.19921875,0.31640625,0.26953125,2,1
568,4,0.25,0.19921875,0.31640625,0.26953125,5,1
568,4,0.2265625,0.13671875,0.28125,0.21484375,1,1
568,4,0.1875,0.16796875,0.2265625,0.2265625,1,1
568,4,0.31640625,0.1171875,0.37890625,0.203125,1,1
568,4,0.38671875,0.15234375,0.45703125,0.28515625,1,1
568,4,0.46484375,0.11328125,0.56640625,0.2421875,1,1
568,4,0.44921875,0.08984375,0.53125,0.1796875,1,1
568,4,0.6015625,0.1328125,0.69140625,0.3125,1,1
568,4,0.6796875,0.23828125,0.78125,0.51171875,1,1
568,4,0.6171875,0.09765625,0.68359375,0.171875,1,1
568,4,0.76171875,0.1953125,0.83203125,0.31640625,2,1
568,4,0.828125,0.22265625,0.88671875,0.31640625,2,1
568,4,0.89453125,0.23046875,0.95703125,0.328125,2,1
568,5,0.0,0.359375,0.07421875,0.61328125,1,1
568,5,0.08984375,0.26953125,0.25390625,0.58984375,1,1
568,5,0.21875,0.29296875,0.3359375,0.68359375,1,1
568,5,0.21875,0.29296875,0.3359375,0.68359375,3,1
568,5,0.32421875,0.25390625,0.4609375,0.67578125,1,1
568,5,0.32421875,0.25390625,0.4609375,0.67578125,3,1
568,5,0.00390625,0.2890625,0.0546875,0.36328125,2,1
568,5,0.07421875,0.26171875,0.15234375,0.421875,1,1
568,5,0.1796875,0.2109375,0.234375,0.33203125,1,1
568,5,0.296875,0.21875,0.36328125,0.33984375,2,1
568,5,0.25,0.19921875,0.31640625,0.26953125,2,1
568,5,0.25,0.19921875,0.31640625,0.26953125,5,1
568,5,0.2265625,0.13671875,0.28125,0.21484375,1,1
568,5,0.1875,0.16796875,0.2265625,0.2265625,1,1
568,5,0.31640625,0.1171875,0.37890625,0.203125,1,1
568,5,0.38671875,0.15234375,0.45703125,0.28515625,1,1
568,5,0.46484375,0.11328125,0.56640625,0.2421875,1,1
568,5,0.44921875,0.08984375,0.53125,0.1796875,1,1
568,5,0.6015625,0.1328125,0.69140625,0.3125,1,1
568,5,0.6796875,0.23828125,0.78125,0.51171875,1,1
568,5,0.6171875,0.09765625,0.68359375,0.171875,1,1
568,5,0.76171875,0.1953125,0.83203125,0.31640625,2,1
568,5,0.828125,0.22265625,0.88671875,0.31640625,2,1
568,5,0.89453125,0.23046875,0.95703125,0.328125,2,1
568,6,0.0,0.359375,0.07421875,0.61328125,1,1
568,6,0.08984375,0.26953125,0.25390625,0.58984375,1,1
568,6,0.21875,0.29296875,0.3359375,0.68359375,1,1
568,6,0.21875,0.29296875,0.3359375,0.68359375,3,1
568,6,0.32421875,0.25390625,0.4609375,0.67578125,1,1
568,6,0.32421875,0.25390625,0.4609375,0.67578125,3,1
568,6,0.00390625,0.2890625,0.0546875,0.36328125,2,1
568,6,0.07421875,0.26171875,0.15234375,0.421875,1,1
568,6,0.1796875,0.2109375,0.234375,0.33203125,1,1
568,6,0.296875,0.21875,0.36328125,0.33984375,2,1
568,6,0.25,0.19921875,0.31640625,0.26953125,2,1
568,6,0.25,0.19921875,0.31640625,0.26953125,5,1
568,6,0.2265625,0.13671875,0.28125,0.21484375,1,1
568,6,0.1875,0.16796875,0.2265625,0.2265625,1,1
568,6,0.31640625,0.1171875,0.37890625,0.203125,1,1
568,6,0.38671875,0.15234375,0.45703125,0.28515625,1,1
568,6,0.46484375,0.11328125,0.56640625,0.2421875,1,1
568,6,0.44921875,0.08984375,0.53125,0.1796875,1,1
568,6,0.6015625,0.1328125,0.69140625,0.3125,1,1
568,6,0.6796875,0.23828125,0.78125,0.51171875,1,1
568,6,0.6171875,0.09765625,0.68359375,0.171875,1,1
568,6,0.76171875,0.1953125,0.83203125,0.31640625,2,1
568,6,0.828125,0.22265625,0.88671875,0.31640625,2,1
568,6,0.89453125,0.23046875,0.95703125,0.328125,2,1
568,7,0.0,0.359375,0.07421875,0.61328125,1,1
568,7,0.08984375,0.26953125,0.25390625,0.58984375,1,1
568,7,0.21875,0.29296875,0.3359375,0.68359375,1,1
568,7,0.21875,0.29296875,0.3359375,0.68359375,3,1
568,7,0.32421875,0.25390625,0.4609375,0.67578125,1,1
568,7,0.32421875,0.25390625,0.4609375,0.67578125,3,1
568,7,0.00390625,0.2890625,0.0546875,0.36328125,2,1
568,7,0.07421875,0.26171875,0.15234375,0.421875,1,1
568,7,0.1796875,0.2109375,0.234375,0.33203125,1,1
568,7,0.296875,0.21875,0.36328125,0.33984375,2,1
568,7,0.25,0.19921875,0.31640625,0.26953125,2,1
568,7,0.25,0.19921875,0.31640625,0.26953125,5,1
568,7,0.2265625,0.13671875,0.28125,0.21484375,1,1
568,7,0.1875,0.16796875,0.2265625,0.2265625,1,1
568,7,0.31640625,0.1171875,0.37890625,0.203125,1,1
568,7,0.38671875,0.15234375,0.45703125,0.28515625,1,1
568,7,0.46484375,0.11328125,0.56640625,0.2421875,1,1
568,7,0.44921875,0.08984375,0.53125,0.1796875,1,1
568,7,0.6015625,0.1328125,0.69140625,0.3125,1,1
568,7,0.6796875,0.23828125,0.78125,0.51171875,1,1
568,7,0.6171875,0.09765625,0.68359375,0.171875,1,1
568,7,0.76171875,0.1953125,0.83203125,0.31640625,2,1
568,7,0.828125,0.22265625,0.88671875,0.31640625,2,1
568,7,0.89453125,0.23046875,0.95703125,0.328125,2,1
569,2,0.0,0.34765625,0.12109375,0.68359375,1,1
569,2,0.0,0.34765625,0.12109375,0.68359375,3,1
569,2,0.0703125,0.23828125,0.1484375,0.3828125,1,1
569,2,0.07421875,0.30859375,0.23828125,0.6015625,1,1
569,2,0.07421875,0.30859375,0.23828125,0.6015625,3,1
569,2,0.1484375,0.2578125,0.390625,0.60546875,1,1
569,2,0.1484375,0.2578125,0.390625,0.60546875,3,1
569,2,0.18359375,0.2421875,0.2578125,0.3515625,2,1
569,2,0.1015625,0.1796875,0.15625,0.265625,1,1
569,2,0.00390625,0.29296875,0.0546875,0.359375,2,1
569,2,0.2578125,0.1953125,0.31640625,0.2734375,2,1
569,2,0.3671875,0.11328125,0.41015625,0.234375,1,1
569,2,0.28515625,0.21875,0.359375,0.33203125,2,1
569,2,0.28515625,0.21875,0.359375,0.33203125,5,1
569,2,0.44921875,0.19140625,0.5546875,0.546875,1,1
569,2,0.44921875,0.19140625,0.5546875,0.546875,3,1
569,2,0.55859375,0.23046875,0.703125,0.6015625,1,1
569,2,0.55859375,0.23046875,0.703125,0.6015625,3,1
569,2,0.6640625,0.24609375,0.80078125,0.5703125,1,1
569,2,0.6640625,0.24609375,0.80078125,0.5703125,3,1
569,2,0.765625,0.2109375,0.890625,0.5546875,1,1
569,2,0.765625,0.2109375,0.890625,0.5546875,3,1
569,2,0.640625,0.1484375,0.71484375,0.30078125,1,1
569,2,0.640625,0.1484375,0.71484375,0.30078125,4,1
569,2,0.62109375,0.09375,0.69921875,0.1640625,1,1
569,2,0.76171875,0.1171875,0.828125,0.1953125,1,1
569,2,0.91015625,0.26953125,0.9921875,0.43359375,1,1
569,3,0.0,0.34765625,0.12109375,0.68359375,1,1
569,3,0.0,0.34765625,0.12109375,0.68359375,3,1
569,3,0.0703125,0.23828125,0.1484375,0.3828125,1,1
569,3,0.07421875,0.30859375,0.23828125,0.6015625,1,1
569,3,0.07421875,0.30859375,0.23828125,0.6015625,3,1
569,3,0.1484375,0.2578125,0.390625,0.60546875,1,1
569,3,0.1484375,0.2578125,0.390625,0.60546875,3,1
569,3,0.18359375,0.2421875,0.2578125,0.3515625,2,1
569,3,0.1015625,0.1796875,0.15625,0.265625,1,1
569,3,0.00390625,0.29296875,0.0546875,0.359375,2,1
569,3,0.2578125,0.1953125,0.31640625,0.2734375,2,1
569,3,0.3671875,0.11328125,0.41015625,0.234375,1,1
569,3,0.28515625,0.21875,0.359375,0.33203125,2,1
569,3,0.28515625,0.21875,0.359375,0.33203125,5,1
569,3,0.44921875,0.19140625,0.5546875,0.546875,1,1
569,3,0.44921875,0.19140625,0.5546875,0.546875,3,1
569,3,0.55859375,0.23046875,0.703125,0.6015625,1,1
569,3,0.55859375,0.23046875,0.703125,0.6015625,3,1
569,3,0.6640625,0.24609375,0.80078125,0.5703125,1,1
569,3,0.6640625,0.24609375,0.80078125,0.5703125,3,1
569,3,0.765625,0.2109375,0.890625,0.5546875,1,1
569,3,0.765625,0.2109375,0.890625,0.5546875,3,1
569,3,0.640625,0.1484375,0.71484375,0.30078125,1,1
569,3,0.640625,0.1484375,0.71484375,0.30078125,4,1
569,3,0.62109375,0.09375,0.69921875,0.1640625,1,1
569,3,0.76171875,0.1171875,0.828125,0.1953125,1,1
569,3,0.91015625,0.26953125,0.9921875,0.43359375,1,1
569,4,0.0,0.34765625,0.12109375,0.68359375,1,1
569,4,0.0,0.34765625,0.12109375,0.68359375,3,1
569,4,0.0703125,0.23828125,0.1484375,0.3828125,1,1
569,4,0.07421875,0.30859375,0.23828125,0.6015625,1,1
569,4,0.07421875,0.30859375,0.23828125,0.6015625,3,1
569,4,0.1484375,0.2578125,0.390625,0.60546875,1,1
569,4,0.1484375,0.2578125,0.390625,0.60546875,3,1
569,4,0.18359375,0.2421875,0.2578125,0.3515625,2,1
569,4,0.1015625,0.1796875,0.15625,0.265625,1,1
569,4,0.00390625,0.29296875,0.0546875,0.359375,2,1
569,4,0.2578125,0.1953125,0.31640625,0.2734375,2,1
569,4,0.3671875,0.11328125,0.41015625,0.234375,1,1
569,4,0.28515625,0.21875,0.359375,0.33203125,2,1
569,4,0.28515625,0.21875,0.359375,0.33203125,5,1
569,4,0.44921875,0.19140625,0.5546875,0.546875,1,1
569,4,0.44921875,0.19140625,0.5546875,0.546875,3,1
569,4,0.55859375,0.23046875,0.703125,0.6015625,1,1
569,4,0.55859375,0.23046875,0.703125,0.6015625,3,1
569,4,0.6640625,0.24609375,0.80078125,0.5703125,1,1
569,4,0.6640625,0.24609375,0.80078125,0.5703125,3,1
569,4,0.765625,0.2109375,0.890625,0.5546875,1,1
569,4,0.765625,0.2109375,0.890625,0.5546875,3,1
569,4,0.640625,0.1484375,0.71484375,0.30078125,1,1
569,4,0.640625,0.1484375,0.71484375,0.30078125,4,1
569,4,0.62109375,0.09375,0.69921875,0.1640625,1,1
569,4,0.76171875,0.1171875,0.828125,0.1953125,1,1
569,4,0.91015625,0.26953125,0.9921875,0.43359375,1,1
569,5,0.0,0.34765625,0.12109375,0.68359375,1,1
569,5,0.0,0.34765625,0.12109375,0.68359375,3,1
569,5,0.0703125,0.23828125,0.1484375,0.3828125,1,1
569,5,0.07421875,0.30859375,0.23828125,0.6015625,1,1
569,5,0.07421875,0.30859375,0.23828125,0.6015625,3,1
569,5,0.1484375,0.2578125,0.390625,0.60546875,1,1
569,5,0.1484375,0.2578125,0.390625,0.60546875,3,1
569,5,0.18359375,0.2421875,0.2578125,0.3515625,2,1
569,5,0.1015625,0.1796875,0.15625,0.265625,1,1
569,5,0.00390625,0.29296875,0.0546875,0.359375,2,1
569,5,0.2578125,0.1953125,0.31640625,0.2734375,2,1
569,5,0.3671875,0.11328125,0.41015625,0.234375,1,1
569,5,0.28515625,0.21875,0.359375,0.33203125,2,1
569,5,0.28515625,0.21875,0.359375,0.33203125,5,1
569,5,0.44921875,0.19140625,0.5546875,0.546875,1,1
569,5,0.44921875,0.19140625,0.5546875,0.546875,3,1
569,5,0.55859375,0.23046875,0.703125,0.6015625,1,1
569,5,0.55859375,0.23046875,0.703125,0.6015625,3,1
569,5,0.6640625,0.24609375,0.80078125,0.5703125,1,1
569,5,0.6640625,0.24609375,0.80078125,0.5703125,3,1
569,5,0.765625,0.2109375,0.890625,0.5546875,1,1
569,5,0.765625,0.2109375,0.890625,0.5546875,3,1
569,5,0.640625,0.1484375,0.71484375,0.30078125,1,1
569,5,0.640625,0.1484375,0.71484375,0.30078125,4,1
569,5,0.62109375,0.09375,0.69921875,0.1640625,1,1
569,5,0.76171875,0.1171875,0.828125,0.1953125,1,1
569,5,0.91015625,0.26953125,0.9921875,0.43359375,1,1
569,6,0.0,0.34765625,0.12109375,0.68359375,1,1
569,6,0.0,0.34765625,0.12109375,0.68359375,3,1
569,6,0.0703125,0.23828125,0.1484375,0.3828125,1,1
569,6,0.07421875,0.30859375,0.23828125,0.6015625,1,1
569,6,0.07421875,0.30859375,0.23828125,0.6015625,3,1
569,6,0.1484375,0.2578125,0.390625,0.60546875,1,1
569,6,0.1484375,0.2578125,0.390625,0.60546875,3,1
569,6,0.18359375,0.2421875,0.2578125,0.3515625,2,1
569,6,0.1015625,0.1796875,0.15625,0.265625,1,1
569,6,0.00390625,0.29296875,0.0546875,0.359375,2,1
569,6,0.2578125,0.1953125,0.31640625,0.2734375,2,1
569,6,0.3671875,0.11328125,0.41015625,0.234375,1,1
569,6,0.28515625,0.21875,0.359375,0.33203125,2,1
569,6,0.28515625,0.21875,0.359375,0.33203125,5,1
569,6,0.44921875,0.19140625,0.5546875,0.546875,1,1
569,6,0.44921875,0.19140625,0.5546875,0.546875,3,1
569,6,0.55859375,0.23046875,0.703125,0.6015625,1,1
569,6,0.55859375,0.23046875,0.703125,0.6015625,3,1
569,6,0.6640625,0.24609375,0.80078125,0.5703125,1,1
569,6,0.6640625,0.24609375,0.80078125,0.5703125,3,1
569,6,0.765625,0.2109375,0.890625,0.5546875,1,1
569,6,0.765625,0.2109375,0.890625,0.5546875,3,1
569,6,0.640625,0.1484375,0.71484375,0.30078125,1,1
569,6,0.640625,0.1484375,0.71484375,0.30078125,4,1
569,6,0.62109375,0.09375,0.69921875,0.1640625,1,1
569,6,0.76171875,0.1171875,0.828125,0.1953125,1,1
569,6,0.91015625,0.26953125,0.9921875,0.43359375,1,1
569,7,0.0,0.34765625,0.12109375,0.68359375,1,1
569,7,0.0,0.34765625,0.12109375,0.68359375,3,1
569,7,0.0703125,0.23828125,0.1484375,0.3828125,1,1
569,7,0.07421875,0.30859375,0.23828125,0.6015625,1,1
569,7,0.07421875,0.30859375,0.23828125,0.6015625,3,1
569,7,0.1484375,0.2578125,0.390625,0.60546875,1,1
569,7,0.1484375,0.2578125,0.390625,0.60546875,3,1
569,7,0.18359375,0.2421875,0.2578125,0.3515625,2,1
569,7,0.1015625,0.1796875,0.15625,0.265625,1,1
569,7,0.00390625,0.29296875,0.0546875,0.359375,2,1
569,7,0.2578125,0.1953125,0.31640625,0.2734375,2,1
569,7,0.3671875,0.11328125,0.41015625,0.234375,1,1
569,7,0.28515625,0.21875,0.359375,0.33203125,2,1
569,7,0.28515625,0.21875,0.359375,0.33203125,5,1
569,7,0.44921875,0.19140625,0.5546875,0.546875,1,1
569,7,0.44921875,0.19140625,0.5546875,0.546875,3,1
569,7,0.55859375,0.23046875,0.703125,0.6015625,1,1
569,7,0.55859375,0.23046875,0.703125,0.6015625,3,1
569,7,0.6640625,0.24609375,0.80078125,0.5703125,1,1
569,7,0.6640625,0.24609375,0.80078125,0.5703125,3,1
569,7,0.765625,0.2109375,0.890625,0.5546875,1,1
569,7,0.765625,0.2109375,0.890625,0.5546875,3,1
569,7,0.640625,0.1484375,0.71484375,0.30078125,1,1
569,7,0.640625,0.1484375,0.71484375,0.30078125,4,1
569,7,0.62109375,0.09375,0.69921875,0.1640625,1,1
569,7,0.76171875,0.1171875,0.828125,0.1953125,1,1
569,7,0.91015625,0.26953125,0.9921875,0.43359375,1,1
570,2,0.0546875,0.21875,0.13671875,0.3984375,1,1
570,2,0.13671875,0.2421875,0.1953125,0.375,2,1
570,2,0.0546875,0.33984375,0.10546875,0.6796875,1,1
570,2,0.0546875,0.33984375,0.10546875,0.6796875,3,1
570,2,0.1015625,0.31640625,0.16796875,0.6796875,1,1
570,2,0.1015625,0.31640625,0.16796875,0.6796875,3,1
570,2,0.15625,0.2890625,0.2578125,0.6796875,1,1
570,2,0.15625,0.2890625,0.2578125,0.6796875,3,1
570,2,0.16015625,0.20703125,0.23046875,0.2890625,2,1
570,2,0.25390625,0.18359375,0.31640625,0.28515625,2,1
570,2,0.25390625,0.18359375,0.31640625,0.28515625,5,1
570,2,0.2734375,0.109375,0.3671875,0.1953125,1,1
570,2,0.3125,0.1796875,0.37890625,0.27734375,2,1
570,2,0.31640625,0.25,0.46875,0.6640625,1,1
570,2,0.31640625,0.25,0.46875,0.6640625,3,1
570,2,0.5,0.2265625,0.61328125,0.5390625,1,1
570,2,0.39453125,0.09765625,0.4765625,0.22265625,1,1
570,2,0.46875,0.09765625,0.609375,0.24609375,1,1
570,2,0.61328125,0.1796875,0.75,0.35546875,1,1
570,2,0.7421875,0.16796875,0.7890625,0.24609375,2,1
570,2,0.8046875,0.18359375,0.85546875,0.26171875,2,1
570,2,0.92578125,0.30078125,0.984375,0.51953125,1,1
570,2,0.92578125,0.30078125,0.984375,0.51953125,3,1
570,3,0.0546875,0.21875,0.13671875,0.3984375,1,1
570,3,0.13671875,0.2421875,0.1953125,0.375,2,1
570,3,0.0546875,0.33984375,0.10546875,0.6796875,1,1
570,3,0.0546875,0.33984375,0.10546875,0.6796875,3,1
570,3,0.1015625,0.31640625,0.16796875,0.6796875,1,1
570,3,0.1015625,0.31640625,0.16796875,0.6796875,3,1
570,3,0.15625,0.2890625,0.2578125,0.6796875,1,1
570,3,0.15625,0.2890625,0.2578125,0.6796875,3,1
570,3,0.16015625,0.20703125,0.23046875,0.2890625,2,1
570,3,0.25390625,0.18359375,0.31640625,0.28515625,2,1
570,3,0.25390625,0.18359375,0.31640625,0.28515625,5,1
570,3,0.2734375,0.109375,0.3671875,0.1953125,1,1
570,3,0.3125,0.1796875,0.37890625,0.27734375,2,1
570,3,0.31640625,0.25,0.46875,0.6640625,1,1
570,3,0.31640625,0.25,0.46875,0.6640625,3,1
570,3,0.5,0.2265625,0.61328125,0.5390625,1,1
570,3,0.39453125,0.09765625,0.4765625,0.22265625,1,1
570,3,0.46875,0.09765625,0.609375,0.24609375,1,1
570,3,0.61328125,0.1796875,0.75,0.35546875,1,1
570,3,0.7421875,0.16796875,0.7890625,0.24609375,2,1
570,3,0.8046875,0.18359375,0.85546875,0.26171875,2,1
570,3,0.92578125,0.30078125,0.984375,0.51953125,1,1
570,3,0.92578125,0.30078125,0.984375,0.51953125,3,1
570,4,0.0546875,0.21875,0.13671875,0.3984375,1,1
570,4,0.13671875,0.2421875,0.1953125,0.375,2,1
570,4,0.0546875,0.33984375,0.10546875,0.6796875,1,1
570,4,0.0546875,0.33984375,0.10546875,0.6796875,3,1
570,4,0.1015625,0.31640625,0.16796875,0.6796875,1,1
570,4,0.1015625,0.31640625,0.16796875,0.6796875,3,1
570,4,0.15625,0.2890625,0.2578125,0.6796875,1,1
570,4,0.15625,0.2890625,0.2578125,0.6796875,3,1
570,4,0.16015625,0.20703125,0.23046875,0.2890625,2,1
570,4,0.25390625,0.18359375,0.31640625,0.28515625,2,1
570,4,0.25390625,0.18359375,0.31640625,0.28515625,5,1
570,4,0.2734375,0.109375,0.3671875,0.1953125,1,1
570,4,0.3125,0.1796875,0.37890625,0.27734375,2,1
570,4,0.31640625,0.25,0.46875,0.6640625,1,1
570,4,0.31640625,0.25,0.46875,0.6640625,3,1
570,4,0.5,0.2265625,0.61328125,0.5390625,1,1
570,4,0.39453125,0.09765625,0.4765625,0.22265625,1,1
570,4,0.46875,0.09765625,0.609375,0.24609375,1,1
570,4,0.61328125,0.1796875,0.75,0.35546875,1,1
570,4,0.7421875,0.16796875,0.7890625,0.24609375,2,1
570,4,0.8046875,0.18359375,0.85546875,0.26171875,2,1
570,4,0.92578125,0.30078125,0.984375,0.51953125,1,1
570,4,0.92578125,0.30078125,0.984375,0.51953125,3,1
570,5,0.0546875,0.21875,0.13671875,0.3984375,1,1
570,5,0.13671875,0.2421875,0.1953125,0.375,2,1
570,5,0.0546875,0.33984375,0.10546875,0.6796875,1,1
570,5,0.0546875,0.33984375,0.10546875,0.6796875,3,1
570,5,0.1015625,0.31640625,0.16796875,0.6796875,1,1
570,5,0.1015625,0.31640625,0.16796875,0.6796875,3,1
570,5,0.15625,0.2890625,0.2578125,0.6796875,1,1
570,5,0.15625,0.2890625,0.2578125,0.6796875,3,1
570,5,0.16015625,0.20703125,0.23046875,0.2890625,2,1
570,5,0.25390625,0.18359375,0.31640625,0.28515625,2,1
570,5,0.25390625,0.18359375,0.31640625,0.28515625,5,1
570,5,0.2734375,0.109375,0.3671875,0.1953125,1,1
570,5,0.3125,0.1796875,0.37890625,0.27734375,2,1
570,5,0.31640625,0.25,0.46875,0.6640625,1,1
570,5,0.31640625,0.25,0.46875,0.6640625,3,1
570,5,0.5,0.2265625,0.61328125,0.5390625,1,1
570,5,0.39453125,0.09765625,0.4765625,0.22265625,1,1
570,5,0.46875,0.09765625,0.609375,0.24609375,1,1
570,5,0.61328125,0.1796875,0.75,0.35546875,1,1
570,5,0.7421875,0.16796875,0.7890625,0.24609375,2,1
570,5,0.8046875,0.18359375,0.85546875,0.26171875,2,1
570,5,0.92578125,0.30078125,0.984375,0.51953125,1,1
570,5,0.92578125,0.30078125,0.984375,0.51953125,3,1
570,6,0.0546875,0.21875,0.13671875,0.3984375,1,1
570,6,0.13671875,0.2421875,0.1953125,0.375,2,1
570,6,0.0546875,0.33984375,0.10546875,0.6796875,1,1
570,6,0.0546875,0.33984375,0.10546875,0.6796875,3,1
570,6,0.1015625,0.31640625,0.16796875,0.6796875,1,1
570,6,0.1015625,0.31640625,0.16796875,0.6796875,3,1
570,6,0.15625,0.2890625,0.2578125,0.6796875,1,1
570,6,0.15625,0.2890625,0.2578125,0.6796875,3,1
570,6,0.16015625,0.20703125,0.23046875,0.2890625,2,1
570,6,0.25390625,0.18359375,0.31640625,0.28515625,2,1
570,6,0.25390625,0.18359375,0.31640625,0.28515625,5,1
570,6,0.2734375,0.109375,0.3671875,0.1953125,1,1
570,6,0.3125,0.1796875,0.37890625,0.27734375,2,1
570,6,0.31640625,0.25,0.46875,0.6640625,1,1
570,6,0.31640625,0.25,0.46875,0.6640625,3,1
570,6,0.5,0.2265625,0.61328125,0.5390625,1,1
570,6,0.39453125,0.09765625,0.4765625,0.22265625,1,1
570,6,0.46875,0.09765625,0.609375,0.24609375,1,1
570,6,0.61328125,0.1796875,0.75,0.35546875,1,1
570,6,0.7421875,0.16796875,0.7890625,0.24609375,2,1
570,6,0.8046875,0.18359375,0.85546875,0.26171875,2,1
570,6,0.92578125,0.30078125,0.984375,0.51953125,1,1
570,6,0.92578125,0.30078125,0.984375,0.51953125,3,1
570,7,0.0546875,0.21875,0.13671875,0.3984375,1,1
570,7,0.13671875,0.2421875,0.1953125,0.375,2,1
570,7,0.0546875,0.33984375,0.10546875,0.6796875,1,1
570,7,0.0546875,0.33984375,0.10546875,0.6796875,3,1
570,7,0.1015625,0.31640625,0.16796875,0.6796875,1,1
570,7,0.1015625,0.31640625,0.16796875,0.6796875,3,1
570,7,0.15625,0.2890625,0.2578125,0.6796875,1,1
570,7,0.15625,0.2890625,0.2578125,0.6796875,3,1
570,7,0.16015625,0.20703125,0.23046875,0.2890625,2,1
570,7,0.25390625,0.18359375,0.31640625,0.28515625,2,1
570,7,0.25390625,0.18359375,0.31640625,0.28515625,5,1
570,7,0.2734375,0.109375,0.3671875,0.1953125,1,1
570,7,0.3125,0.1796875,0.37890625,0.27734375,2,1
570,7,0.31640625,0.25,0.46875,0.6640625,1,1
570,7,0.31640625,0.25,0.46875,0.6640625,3,1
570,7,0.5,0.2265625,0.61328125,0.5390625,1,1
570,7,0.39453125,0.09765625,0.4765625,0.22265625,1,1
570,7,0.46875,0.09765625,0.609375,0.24609375,1,1
570,7,0.61328125,0.1796875,0.75,0.35546875,1,1
570,7,0.7421875,0.16796875,0.7890625,0.24609375,2,1
570,7,0.8046875,0.18359375,0.85546875,0.26171875,2,1
570,7,0.92578125,0.30078125,0.984375,0.51953125,1,1
570,7,0.92578125,0.30078125,0.984375,0.51953125,3,1
571,2,0.0703125,0.33203125,0.15234375,0.6171875,1,1
571,2,0.0703125,0.33203125,0.15234375,0.6171875,3,1
571,2,0.140625,0.1640625,0.2109375,0.25390625,1,1
571,2,0.1484375,0.21875,0.23046875,0.3046875,2,1
571,2,0.18359375,0.23828125,0.25,0.375,2,1
571,2,0.24609375,0.1953125,0.32421875,0.28125,2,1
571,2,0.29296875,0.10546875,0.375,0.2578125,1,1
571,2,0.40625,0.171875,0.4609375,0.24609375,2,1
571,2,0.4375,0.078125,0.48828125,0.171875,1,1
571,2,0.48828125,0.09375,0.53125,0.22265625,1,1
571,2,0.5546875,0.09375,0.61328125,0.22265625,1,1
571,2,0.546875,0.22265625,0.6484375,0.51953125,1,1
571,2,0.546875,0.22265625,0.6484375,0.51953125,3,1
571,2,0.7890625,0.23046875,0.86328125,0.46875,1,1
571,2,0.6171875,0.08203125,0.65234375,0.1640625,1,1
571,2,0.6953125,0.16015625,0.734375,0.2421875,2,1
571,2,0.8046875,0.18359375,0.859375,0.25,2,1
571,2,0.93359375,0.23828125,0.98828125,0.33203125,2,1
571,2,0.83203125,0.140625,0.890625,0.2109375,1,1
571,3,0.07421875,0.33203125,0.15234375,0.61328125,1,1
571,3,0.07421875,0.33203125,0.15234375,0.61328125,3,1
571,3,0.140625,0.1640625,0.2109375,0.25390625,1,1
571,3,0.1484375,0.21875,0.23046875,0.3046875,2,1
571,3,0.18359375,0.23828125,0.25,0.375,2,1
571,3,0.24609375,0.1953125,0.32421875,0.28125,2,1
571,3,0.29296875,0.10546875,0.375,0.2578125,1,1
571,3,0.40625,0.171875,0.4609375,0.24609375,2,1
571,3,0.4375,0.078125,0.48828125,0.171875,1,1
571,3,0.48828125,0.09375,0.53125,0.22265625,1,1
571,3,0.5546875,0.09375,0.61328125,0.22265625,1,1
571,3,0.546875,0.22265625,0.6484375,0.51953125,1,1
571,3,0.546875,0.22265625,0.6484375,0.51953125,3,1
571,3,0.7890625,0.23046875,0.86328125,0.46875,1,1
571,3,0.6171875,0.08203125,0.65234375,0.1640625,1,1
571,3,0.6953125,0.16015625,0.734375,0.2421875,2,1
571,3,0.8046875,0.18359375,0.859375,0.25,2,1
571,3,0.93359375,0.23828125,0.98828125,0.33203125,2,1
571,3,0.83203125,0.140625,0.890625,0.2109375,1,1
571,4,0.0703125,0.33203125,0.15234375,0.6171875,1,1
571,4,0.0703125,0.33203125,0.15234375,0.6171875,3,1
571,4,0.140625,0.1640625,0.2109375,0.25390625,1,1
571,4,0.1484375,0.21875,0.23046875,0.3046875,2,1
571,4,0.18359375,0.23828125,0.25,0.375,2,1
571,4,0.24609375,0.1953125,0.32421875,0.28125,2,1
571,4,0.29296875,0.10546875,0.375,0.2578125,1,1
571,4,0.40625,0.171875,0.4609375,0.24609375,2,1
571,4,0.4375,0.078125,0.48828125,0.171875,1,1
571,4,0.48828125,0.09375,0.53125,0.22265625,1,1
571,4,0.5546875,0.09375,0.61328125,0.22265625,1,1
571,4,0.546875,0.22265625,0.6484375,0.51953125,1,1
571,4,0.546875,0.22265625,0.6484375,0.51953125,3,1
571,4,0.7890625,0.23046875,0.86328125,0.46875,1,1
571,4,0.6171875,0.08203125,0.65234375,0.1640625,1,1
571,4,0.6953125,0.16015625,0.734375,0.2421875,2,1
571,4,0.8046875,0.18359375,0.859375,0.25,2,1
571,4,0.93359375,0.23828125,0.98828125,0.33203125,2,1
571,4,0.83203125,0.140625,0.890625,0.2109375,1,1
571,5,0.0703125,0.33203125,0.15234375,0.6171875,1,1
571,5,0.0703125,0.33203125,0.15234375,0.6171875,3,1
571,5,0.140625,0.1640625,0.2109375,0.25390625,1,1
571,5,0.1484375,0.21875,0.23046875,0.3046875,2,1
571,5,0.18359375,0.23828125,0.25,0.375,2,1
571,5,0.24609375,0.1953125,0.32421875,0.28125,2,1
571,5,0.29296875,0.10546875,0.375,0.2578125,1,1
571,5,0.40625,0.171875,0.4609375,0.24609375,2,1
571,5,0.4375,0.078125,0.48828125,0.171875,1,1
571,5,0.48828125,0.09375,0.53125,0.22265625,1,1
571,5,0.5546875,0.09375,0.61328125,0.22265625,1,1
571,5,0.546875,0.22265625,0.6484375,0.51953125,1,1
571,5,0.546875,0.22265625,0.6484375,0.51953125,3,1
571,5,0.7890625,0.23046875,0.86328125,0.46875,1,1
571,5,0.6171875,0.08203125,0.65234375,0.1640625,1,1
571,5,0.6953125,0.16015625,0.734375,0.2421875,2,1
571,5,0.8046875,0.18359375,0.859375,0.25,2,1
571,5,0.93359375,0.23828125,0.98828125,0.33203125,2,1
571,5,0.83203125,0.140625,0.890625,0.2109375,1,1
571,6,0.0703125,0.33203125,0.15234375,0.6171875,1,1
571,6,0.0703125,0.33203125,0.15234375,0.6171875,3,1
571,6,0.140625,0.1640625,0.2109375,0.25390625,1,1
571,6,0.1484375,0.21875,0.23046875,0.3046875,2,1
571,6,0.18359375,0.23828125,0.25,0.375,2,1
571,6,0.24609375,0.1953125,0.32421875,0.28125,2,1
571,6,0.29296875,0.10546875,0.375,0.2578125,1,1
571,6,0.40625,0.171875,0.4609375,0.24609375,2,1
571,6,0.4375,0.078125,0.48828125,0.171875,1,1
571,6,0.48828125,0.09375,0.53125,0.22265625,1,1
571,6,0.5546875,0.09375,0.61328125,0.22265625,1,1
571,6,0.546875,0.22265625,0.6484375,0.51953125,1,1
571,6,0.546875,0.22265625,0.6484375,0.51953125,3,1
571,6,0.7890625,0.23046875,0.86328125,0.46875,1,1
571,6,0.6171875,0.08203125,0.65234375,0.1640625,1,1
571,6,0.6953125,0.16015625,0.734375,0.2421875,2,1
571,6,0.8046875,0.18359375,0.859375,0.25,2,1
571,6,0.93359375,0.23828125,0.98828125,0.33203125,2,1
571,6,0.83203125,0.140625,0.890625,0.2109375,1,1
571,7,0.0703125,0.33203125,0.15234375,0.6171875,1,1
571,7,0.0703125,0.33203125,0.15234375,0.6171875,3,1
571,7,0.140625,0.1640625,0.2109375,0.25390625,1,1
571,7,0.1484375,0.21875,0.23046875,0.3046875,2,1
571,7,0.18359375,0.23828125,0.25,0.375,2,1
571,7,0.24609375,0.1953125,0.32421875,0.28125,2,1
571,7,0.29296875,0.10546875,0.375,0.2578125,1,1
571,7,0.40625,0.171875,0.4609375,0.24609375,2,1
571,7,0.4375,0.078125,0.48828125,0.171875,1,1
571,7,0.48828125,0.09375,0.53125,0.22265625,1,1
571,7,0.5546875,0.09375,0.61328125,0.22265625,1,1
571,7,0.546875,0.22265625,0.6484375,0.51953125,1,1
571,7,0.546875,0.22265625,0.6484375,0.51953125,3,1
571,7,0.79296875,0.25390625,0.86328125,0.47265625,1,1
571,7,0.6171875,0.08203125,0.65234375,0.1640625,1,1
571,7,0.6953125,0.16015625,0.734375,0.2421875,2,1
571,7,0.8046875,0.18359375,0.859375,0.25,2,1
571,7,0.93359375,0.23828125,0.98828125,0.33203125,2,1
571,7,0.83203125,0.140625,0.890625,0.2109375,1,1
572,2,0.0,0.34375,0.07421875,0.609375,1,1
572,2,0.03125,0.36328125,0.08984375,0.69921875,1,1
572,2,0.03125,0.36328125,0.08984375,0.69921875,3,1
572,2,0.04296875,0.31640625,0.18359375,0.625,1,1
572,2,0.04296875,0.31640625,0.18359375,0.625,3,1
572,2,0.0546875,0.234375,0.12109375,0.390625,1,1
572,2,0.125,0.23046875,0.16796875,0.37109375,1,1
572,2,0.12890625,0.28515625,0.28515625,0.625,1,1
572,2,0.12890625,0.28515625,0.28515625,0.625,3,1
572,2,0.140625,0.16015625,0.19921875,0.28125,1,1
572,2,0.26171875,0.12890625,0.3203125,0.2734375,1,1
572,2,0.28515625,0.2265625,0.47265625,0.53515625,1,1
572,2,0.40234375,0.16015625,0.46875,0.25390625,2,1
572,2,0.484375,0.23828125,0.58203125,0.62890625,1,1
572,2,0.484375,0.23828125,0.58203125,0.62890625,3,1
572,2,0.5703125,0.1015625,0.64453125,0.29296875,1,1
572,2,0.66796875,0.24609375,0.8046875,0.5078125,1,1
572,2,0.796875,0.26171875,0.90625,0.52734375,1,1
572,2,0.796875,0.26171875,0.90625,0.52734375,3,1
572,2,0.73046875,0.16796875,0.84765625,0.30859375,1,1
572,2,0.8828125,0.21875,0.94921875,0.328125,2,1
572,2,0.42578125,0.06640625,0.48828125,0.15625,1,1
572,3,0.0,0.34375,0.07421875,0.609375,1,1
572,3,0.03125,0.36328125,0.08984375,0.69921875,1,1
572,3,0.03125,0.36328125,0.08984375,0.69921875,3,1
572,3,0.04296875,0.31640625,0.18359375,0.625,1,1
572,3,0.04296875,0.31640625,0.18359375,0.625,3,1
572,3,0.0546875,0.234375,0.12109375,0.390625,1,1
572,3,0.125,0.23046875,0.16796875,0.37109375,1,1
572,3,0.10546875,0.28515625,0.28515625,0.625,1,1
572,3,0.10546875,0.28515625,0.28515625,0.625,3,1
572,3,0.140625,0.16015625,0.19921875,0.28125,1,1
572,3,0.26171875,0.12890625,0.3203125,0.2734375,1,1
572,3,0.28515625,0.2265625,0.47265625,0.53515625,1,1
572,3,0.40234375,0.16015625,0.46875,0.25390625,2,1
572,3,0.484375,0.23828125,0.58203125,0.62890625,1,1
572,3,0.484375,0.23828125,0.58203125,0.62890625,3,1
572,3,0.5703125,0.1015625,0.64453125,0.29296875,1,1
572,3,0.66796875,0.24609375,0.8046875,0.5078125,1,1
572,3,0.796875,0.26171875,0.90625,0.52734375,1,1
572,3,0.796875,0.26171875,0.90625,0.52734375,3,1
572,3,0.73046875,0.16796875,0.84765625,0.30859375,1,1
572,3,0.8828125,0.21875,0.94921875,0.328125,2,1
572,3,0.42578125,0.06640625,0.48828125,0.15625,1,1
572,4,0.0,0.34375,0.07421875,0.609375,1,1
572,4,0.03125,0.36328125,0.08984375,0.69921875,1,1
572,4,0.03125,0.36328125,0.08984375,0.69921875,3,1
572,4,0.04296875,0.31640625,0.18359375,0.625,1,1
572,4,0.04296875,0.31640625,0.18359375,0.625,3,1
572,4,0.0546875,0.234375,0.12109375,0.390625,1,1
572,4,0.125,0.23046875,0.16796875,0.37109375,1,1
572,4,0.09765625,0.28515625,0.28515625,0.625,1,1
572,4,0.09765625,0.28515625,0.28515625,0.625,3,1
572,4,0.140625,0.16015625,0.19921875,0.28125,1,1
572,4,0.26171875,0.12890625,0.3203125,0.2734375,1,1
572,4,0.28515625,0.2265625,0.47265625,0.53515625,1,1
572,4,0.40234375,0.16015625,0.46875,0.25390625,2,1
572,4,0.484375,0.23828125,0.58203125,0.62890625,1,1
572,4,0.484375,0.23828125,0.58203125,0.62890625,3,1
572,4,0.5703125,0.1015625,0.64453125,0.29296875,1,1
572,4,0.66796875,0.24609375,0.8046875,0.5078125,1,1
572,4,0.796875,0.26171875,0.90625,0.52734375,1,1
572,4,0.796875,0.26171875,0.90625,0.52734375,3,1
572,4,0.73046875,0.16796875,0.84765625,0.30859375,1,1
572,4,0.8828125,0.21875,0.94921875,0.328125,2,1
572,4,0.42578125,0.06640625,0.48828125,0.15625,1,1
572,5,0.0,0.34375,0.07421875,0.609375,1,1
572,5,0.03125,0.36328125,0.08984375,0.69921875,1,1
572,5,0.03125,0.36328125,0.08984375,0.69921875,3,1
572,5,0.04296875,0.31640625,0.18359375,0.625,1,1
572,5,0.04296875,0.31640625,0.18359375,0.625,3,1
572,5,0.0546875,0.234375,0.12109375,0.390625,1,1
572,5,0.125,0.23046875,0.16796875,0.37109375,1,1
572,5,0.09375,0.28515625,0.28125,0.625,1,1
572,5,0.09375,0.28515625,0.28125,0.625,3,1
572,5,0.140625,0.16015625,0.19921875,0.28125,1,1
572,5,0.26171875,0.12890625,0.3203125,0.2734375,1,1
572,5,0.28515625,0.2265625,0.47265625,0.53515625,1,1
572,5,0.40234375,0.16015625,0.46875,0.25390625,2,1
572,5,0.484375,0.23828125,0.58203125,0.62890625,1,1
572,5,0.484375,0.23828125,0.58203125,0.62890625,3,1
572,5,0.5703125,0.1015625,0.64453125,0.29296875,1,1
572,5,0.66796875,0.24609375,0.8046875,0.5078125,1,1
572,5,0.796875,0.26171875,0.90625,0.52734375,1,1
572,5,0.796875,0.26171875,0.90625,0.52734375,3,1
572,5,0.73046875,0.16796875,0.84765625,0.30859375,1,1
572,5,0.8828125,0.21875,0.94921875,0.328125,2,1
572,5,0.42578125,0.06640625,0.48828125,0.15625,1,1
572,6,0.0,0.34375,0.07421875,0.609375,1,1
572,6,0.03125,0.36328125,0.08984375,0.69921875,1,1
572,6,0.03125,0.36328125,0.08984375,0.69921875,3,1
572,6,0.04296875,0.31640625,0.18359375,0.625,1,1
572,6,0.04296875,0.31640625,0.18359375,0.625,3,1
572,6,0.0546875,0.234375,0.12109375,0.390625,1,1
572,6,0.125,0.23046875,0.16796875,0.37109375,1,1
572,6,0.1015625,0.28515625,0.28515625,0.625,1,1
572,6,0.1015625,0.28515625,0.28515625,0.625,3,1
572,6,0.140625,0.16015625,0.19921875,0.28125,1,1
572,6,0.26171875,0.12890625,0.3203125,0.2734375,1,1
572,6,0.28515625,0.2265625,0.47265625,0.53515625,1,1
572,6,0.40234375,0.16015625,0.46875,0.25390625,2,1
572,6,0.484375,0.23828125,0.58203125,0.62890625,1,1
572,6,0.484375,0.23828125,0.58203125,0.62890625,3,1
572,6,0.5703125,0.1015625,0.64453125,0.29296875,1,1
572,6,0.66796875,0.24609375,0.8046875,0.5078125,1,1
572,6,0.796875,0.26171875,0.90625,0.52734375,1,1
572,6,0.796875,0.26171875,0.90625,0.52734375,3,1
572,6,0.73046875,0.16796875,0.84765625,0.30859375,1,1
572,6,0.8828125,0.21875,0.94921875,0.328125,2,1
572,6,0.42578125,0.06640625,0.48828125,0.15625,1,1
572,7,0.0,0.34375,0.07421875,0.609375,1,1
572,7,0.03125,0.36328125,0.08984375,0.69921875,1,1
572,7,0.03125,0.36328125,0.08984375,0.69921875,3,1
572,7,0.04296875,0.31640625,0.18359375,0.625,1,1
572,7,0.04296875,0.31640625,0.18359375,0.625,3,1
572,7,0.0546875,0.234375,0.12109375,0.390625,1,1
572,7,0.125,0.23046875,0.16796875,0.37109375,1,1
572,7,0.1015625,0.28515625,0.28125,0.625,1,1
572,7,0.1015625,0.28515625,0.28125,0.625,3,1
572,7,0.140625,0.16015625,0.19921875,0.28125,1,1
572,7,0.26171875,0.12890625,0.3203125,0.2734375,1,1
572,7,0.28515625,0.2265625,0.47265625,0.53515625,1,1
572,7,0.40234375,0.16015625,0.46875,0.25390625,2,1
572,7,0.484375,0.23828125,0.58203125,0.62890625,1,1
572,7,0.484375,0.23828125,0.58203125,0.62890625,3,1
572,7,0.5703125,0.1015625,0.64453125,0.29296875,1,1
572,7,0.66796875,0.24609375,0.8046875,0.5078125,1,1
572,7,0.796875,0.26171875,0.90625,0.52734375,1,1
572,7,0.796875,0.26171875,0.90625,0.52734375,3,1
572,7,0.73046875,0.16796875,0.84765625,0.30859375,1,1
572,7,0.8828125,0.21875,0.94921875,0.328125,2,1
572,7,0.42578125,0.06640625,0.48828125,0.15625,1,1
573,2,0.0,0.34765625,0.078125,0.671875,1,1
573,2,0.0,0.34765625,0.078125,0.671875,3,1
573,2,0.08984375,0.27734375,0.19140625,0.609375,1,1
573,2,0.08984375,0.27734375,0.19140625,0.609375,3,1
573,2,0.18359375,0.25390625,0.23828125,0.37890625,2,1
573,2,0.18359375,0.25390625,0.23828125,0.37890625,5,1
573,2,0.23046875,0.2265625,0.41796875,0.359375,1,1
573,2,0.17578125,0.1640625,0.2421875,0.24609375,1,1
573,2,0.2578125,0.1953125,0.34765625,0.2734375,1,1
573,2,0.25390625,0.31640625,0.4765625,0.578125,1,1
573,2,0.49609375,0.25,0.58203125,0.578125,1,1
573,2,0.49609375,0.25,0.58203125,0.578125,3,1
573,2,0.5859375,0.23828125,0.6953125,0.60546875,1,1
573,2,0.5859375,0.23828125,0.6953125,0.60546875,3,1
573,2,0.515625,0.20703125,0.703125,0.32421875,1,1
573,2,0.70703125,0.234375,0.8359375,0.57421875,1,1
573,2,0.70703125,0.234375,0.8359375,0.57421875,3,1
573,2,0.8203125,0.2265625,0.94921875,0.46484375,1,1
573,2,0.8203125,0.2265625,0.94921875,0.46484375,3,1
573,2,0.95703125,0.2890625,0.9921875,0.4375,1,1
573,2,0.421875,0.09765625,0.4765625,0.21484375,1,1
573,3,0.0,0.34765625,0.078125,0.671875,1,1
573,3,0.0,0.34765625,0.078125,0.671875,3,1
573,3,0.08984375,0.27734375,0.19140625,0.609375,1,1
573,3,0.08984375,0.27734375,0.19140625,0.609375,3,1
573,3,0.18359375,0.25390625,0.23828125,0.37890625,2,1
573,3,0.18359375,0.25390625,0.23828125,0.37890625,5,1
573,3,0.23046875,0.2265625,0.41796875,0.359375,1,1
573,3,0.17578125,0.1640625,0.2421875,0.24609375,1,1
573,3,0.2578125,0.1953125,0.34765625,0.2734375,1,1
573,3,0.25390625,0.31640625,0.4765625,0.578125,1,1
573,3,0.49609375,0.25,0.58203125,0.578125,1,1
573,3,0.49609375,0.25,0.58203125,0.578125,3,1
573,3,0.5859375,0.23828125,0.6953125,0.60546875,1,1
573,3,0.5859375,0.23828125,0.6953125,0.60546875,3,1
573,3,0.515625,0.20703125,0.703125,0.32421875,1,1
573,3,0.70703125,0.234375,0.8359375,0.57421875,1,1
573,3,0.70703125,0.234375,0.8359375,0.57421875,3,1
573,3,0.8203125,0.2265625,0.94921875,0.46484375,1,1
573,3,0.8203125,0.2265625,0.94921875,0.46484375,3,1
573,3,0.95703125,0.2890625,0.9921875,0.4375,1,1
573,3,0.421875,0.09765625,0.4765625,0.21484375,1,1
573,4,0.0,0.34765625,0.078125,0.671875,1,1
573,4,0.0,0.34765625,0.078125,0.671875,3,1
573,4,0.08984375,0.27734375,0.19140625,0.609375,1,1
573,4,0.08984375,0.27734375,0.19140625,0.609375,3,1
573,4,0.18359375,0.25390625,0.23828125,0.37890625,2,1
573,4,0.18359375,0.25390625,0.23828125,0.37890625,5,1
573,4,0.23046875,0.2265625,0.41796875,0.359375,1,1
573,4,0.17578125,0.1640625,0.2421875,0.24609375,1,1
573,4,0.2578125,0.1953125,0.34765625,0.2734375,1,1
573,4,0.25390625,0.31640625,0.4765625,0.578125,1,1
573,4,0.49609375,0.25,0.58203125,0.578125,1,1
573,4,0.49609375,0.25,0.58203125,0.578125,3,1
573,4,0.5859375,0.23828125,0.70703125,0.60546875,1,1
573,4,0.5859375,0.23828125,0.70703125,0.60546875,3,1
573,4,0.515625,0.20703125,0.703125,0.32421875,1,1
573,4,0.70703125,0.234375,0.8359375,0.57421875,1,1
573,4,0.70703125,0.234375,0.8359375,0.57421875,3,1
573,4,0.8203125,0.2265625,0.94921875,0.46484375,1,1
573,4,0.8203125,0.2265625,0.94921875,0.46484375,3,1
573,4,0.95703125,0.2890625,0.9921875,0.4375,1,1
573,4,0.421875,0.09765625,0.4765625,0.21484375,1,1
573,5,0.0,0.34765625,0.078125,0.671875,1,1
573,5,0.0,0.34765625,0.078125,0.671875,3,1
573,5,0.08984375,0.27734375,0.19140625,0.609375,1,1
573,5,0.08984375,0.27734375,0.19140625,0.609375,3,1
573,5,0.18359375,0.25390625,0.23828125,0.37890625,2,1
573,5,0.18359375,0.25390625,0.23828125,0.37890625,5,1
573,5,0.23046875,0.2265625,0.41796875,0.359375,1,1
573,5,0.17578125,0.1640625,0.2421875,0.24609375,1,1
573,5,0.2578125,0.1953125,0.34765625,0.2734375,1,1
573,5,0.25390625,0.31640625,0.4765625,0.578125,1,1
573,5,0.49609375,0.25,0.58203125,0.578125,1,1
573,5,0.49609375,0.25,0.58203125,0.578125,3,1
573,5,0.5859375,0.23828125,0.734375,0.60546875,1,1
573,5,0.5859375,0.23828125,0.734375,0.60546875,3,1
573,5,0.515625,0.20703125,0.703125,0.32421875,1,1
573,5,0.70703125,0.234375,0.8359375,0.57421875,1,1
573,5,0.70703125,0.234375,0.8359375,0.57421875,3,1
573,5,0.8203125,0.2265625,0.94921875,0.46484375,1,1
573,5,0.8203125,0.2265625,0.94921875,0.46484375,3,1
573,5,0.95703125,0.2890625,0.9921875,0.4375,1,1
573,5,0.421875,0.09765625,0.4765625,0.21484375,1,1
573,6,0.0,0.34765625,0.078125,0.671875,1,1
573,6,0.0,0.34765625,0.078125,0.671875,3,1
573,6,0.08984375,0.27734375,0.19140625,0.609375,1,1
573,6,0.08984375,0.27734375,0.19140625,0.609375,3,1
573,6,0.18359375,0.25390625,0.23828125,0.37890625,2,1
573,6,0.18359375,0.25390625,0.23828125,0.37890625,5,1
573,6,0.23046875,0.2265625,0.41796875,0.359375,1,1
573,6,0.17578125,0.1640625,0.2421875,0.24609375,1,1
573,6,0.2578125,0.1953125,0.34765625,0.2734375,1,1
573,6,0.25390625,0.31640625,0.4765625,0.578125,1,1
573,6,0.49609375,0.25,0.58203125,0.578125,1,1
573,6,0.49609375,0.25,0.58203125,0.578125,3,1
573,6,0.5859375,0.23828125,0.71875,0.60546875,1,1
573,6,0.5859375,0.23828125,0.71875,0.60546875,3,1
573,6,0.515625,0.20703125,0.703125,0.32421875,1,1
573,6,0.70703125,0.234375,0.8359375,0.57421875,1,1
573,6,0.70703125,0.234375,0.8359375,0.57421875,3,1
573,6,0.8203125,0.2265625,0.94921875,0.46484375,1,1
573,6,0.8203125,0.2265625,0.94921875,0.46484375,3,1
573,6,0.95703125,0.2890625,0.9921875,0.4375,1,1
573,6,0.421875,0.09765625,0.4765625,0.21484375,1,1
573,7,0.0,0.34765625,0.078125,0.671875,1,1
573,7,0.0,0.34765625,0.078125,0.671875,3,1
573,7,0.08984375,0.27734375,0.19140625,0.609375,1,1
573,7,0.08984375,0.27734375,0.19140625,0.609375,3,1
573,7,0.18359375,0.25390625,0.23828125,0.37890625,2,1
573,7,0.18359375,0.25390625,0.23828125,0.37890625,5,1
573,7,0.23046875,0.2265625,0.41796875,0.359375,1,1
573,7,0.17578125,0.1640625,0.2421875,0.24609375,1,1
573,7,0.2578125,0.1953125,0.34765625,0.2734375,1,1
573,7,0.25390625,0.31640625,0.4765625,0.578125,1,1
573,7,0.49609375,0.25,0.58203125,0.578125,1,1
573,7,0.49609375,0.25,0.58203125,0.578125,3,1
573,7,0.5859375,0.23828125,0.71484375,0.60546875,1,1
573,7,0.5859375,0.23828125,0.71484375,0.60546875,3,1
573,7,0.515625,0.20703125,0.703125,0.32421875,1,1
573,7,0.70703125,0.234375,0.8359375,0.57421875,1,1
573,7,0.70703125,0.234375,0.8359375,0.57421875,3,1
573,7,0.8203125,0.2265625,0.94921875,0.46484375,1,1
573,7,0.8203125,0.2265625,0.94921875,0.46484375,3,1
573,7,0.95703125,0.2890625,0.9921875,0.4375,1,1
573,7,0.421875,0.09765625,0.4765625,0.21484375,1,1
574,2,0.19921875,0.28125,0.3203125,0.66015625,1,1
574,2,0.19921875,0.28125,0.3203125,0.66015625,3,1
574,2,0.0,0.3359375,0.0390625,0.4453125,2,1
574,2,0.09765625,0.22265625,0.1640625,0.42578125,1,1
574,2,0.16015625,0.19921875,0.22265625,0.421875,1,1
574,2,0.171875,0.13671875,0.24609375,0.22265625,1,1
574,2,0.21875,0.13671875,0.2734375,0.28515625,1,1
574,2,0.26171875,0.10546875,0.3203125,0.23046875,1,1
574,2,0.3046875,0.1953125,0.3671875,0.3359375,2,1
574,2,0.32421875,0.16796875,0.37109375,0.25390625,2,1
574,2,0.35546875,0.09375,0.4609375,0.21875,1,1
574,2,0.39453125,0.18359375,0.484375,0.32421875,2,1
574,2,0.49609375,0.140625,0.6171875,0.30078125,1,1
574,2,0.48046875,0.08984375,0.609375,0.19921875,1,1
574,2,0.609375,0.23828125,0.6953125,0.60546875,1,1
574,2,0.609375,0.23828125,0.6953125,0.60546875,3,1
574,2,0.6953125,0.1640625,0.73828125,0.24609375,2,1
574,2,0.7734375,0.15234375,0.8515625,0.34375,1,1
574,2,0.94140625,0.28515625,0.9921875,0.5078125,1,1
574,2,0.94140625,0.28515625,0.9921875,0.5078125,3,1
574,3,0.19921875,0.28125,0.3203125,0.66015625,1,1
574,3,0.19921875,0.28125,0.3203125,0.66015625,3,1
574,3,0.0,0.3359375,0.0390625,0.4453125,2,1
574,3,0.09765625,0.22265625,0.1640625,0.42578125,1,1
574,3,0.16015625,0.19921875,0.22265625,0.421875,1,1
574,3,0.171875,0.13671875,0.24609375,0.22265625,1,1
574,3,0.21875,0.13671875,0.2734375,0.28515625,1,1
574,3,0.26171875,0.10546875,0.3203125,0.23046875,1,1
574,3,0.3046875,0.1953125,0.3671875,0.3359375,2,1
574,3,0.32421875,0.16796875,0.37109375,0.25390625,2,1
574,3,0.35546875,0.09375,0.4609375,0.21875,1,1
574,3,0.39453125,0.18359375,0.484375,0.32421875,2,1
574,3,0.49609375,0.140625,0.6171875,0.30078125,1,1
574,3,0.48046875,0.08984375,0.609375,0.19921875,1,1
574,3,0.609375,0.23828125,0.6953125,0.60546875,1,1
574,3,0.609375,0.23828125,0.6953125,0.60546875,3,1
574,3,0.6953125,0.1640625,0.73828125,0.24609375,2,1
574,3,0.7734375,0.15234375,0.8515625,0.34375,1,1
574,3,0.94140625,0.28515625,0.9921875,0.5078125,1,1
574,3,0.94140625,0.28515625,0.9921875,0.5078125,3,1
574,4,0.19921875,0.28125,0.3203125,0.66015625,1,1
574,4,0.19921875,0.28125,0.3203125,0.66015625,3,1
574,4,0.0,0.3359375,0.0390625,0.4453125,2,1
574,4,0.09765625,0.22265625,0.1640625,0.42578125,1,1
574,4,0.16015625,0.19921875,0.22265625,0.421875,1,1
574,4,0.171875,0.13671875,0.24609375,0.22265625,1,1
574,4,0.21875,0.13671875,0.2734375,0.28515625,1,1
574,4,0.26171875,0.10546875,0.3203125,0.23046875,1,1
574,4,0.3046875,0.1953125,0.3671875,0.3359375,2,1
574,4,0.32421875,0.16796875,0.37109375,0.25390625,2,1
574,4,0.35546875,0.09375,0.4609375,0.21875,1,1
574,4,0.39453125,0.18359375,0.484375,0.32421875,2,1
574,4,0.49609375,0.140625,0.6171875,0.30078125,1,1
574,4,0.48046875,0.08984375,0.609375,0.19921875,1,1
574,4,0.609375,0.23828125,0.6953125,0.60546875,1,1
574,4,0.609375,0.23828125,0.6953125,0.60546875,3,1
574,4,0.6953125,0.1640625,0.73828125,0.24609375,2,1
574,4,0.7734375,0.15234375,0.8515625,0.34375,1,1
574,4,0.94140625,0.28515625,0.9921875,0.5078125,1,1
574,4,0.94140625,0.28515625,0.9921875,0.5078125,3,1
574,5,0.19921875,0.28125,0.3203125,0.66015625,1,1
574,5,0.19921875,0.28125,0.3203125,0.66015625,3,1
574,5,0.0,0.3359375,0.0390625,0.4453125,2,1
574,5,0.09765625,0.22265625,0.1640625,0.42578125,1,1
574,5,0.16015625,0.19921875,0.22265625,0.421875,1,1
574,5,0.171875,0.13671875,0.24609375,0.22265625,1,1
574,5,0.21875,0.13671875,0.2734375,0.28515625,1,1
574,5,0.26171875,0.10546875,0.3203125,0.23046875,1,1
574,5,0.3046875,0.1953125,0.3671875,0.3359375,2,1
574,5,0.32421875,0.16796875,0.37109375,0.25390625,2,1
574,5,0.35546875,0.09375,0.4609375,0.21875,1,1
574,5,0.39453125,0.18359375,0.484375,0.32421875,2,1
574,5,0.49609375,0.140625,0.6171875,0.30078125,1,1
574,5,0.48046875,0.08984375,0.609375,0.19921875,1,1
574,5,0.609375,0.23828125,0.6953125,0.60546875,1,1
574,5,0.609375,0.23828125,0.6953125,0.60546875,3,1
574,5,0.6953125,0.1640625,0.73828125,0.24609375,2,1
574,5,0.7734375,0.15234375,0.8515625,0.34375,1,1
574,5,0.94140625,0.28515625,0.9921875,0.5078125,1,1
574,5,0.94140625,0.28515625,0.9921875,0.5078125,3,1
574,6,0.19921875,0.28125,0.3203125,0.66015625,1,1
574,6,0.19921875,0.28125,0.3203125,0.66015625,3,1
574,6,0.0,0.3359375,0.0390625,0.4453125,2,1
574,6,0.09765625,0.22265625,0.1640625,0.42578125,1,1
574,6,0.16015625,0.19921875,0.22265625,0.421875,1,1
574,6,0.171875,0.13671875,0.24609375,0.22265625,1,1
574,6,0.21875,0.13671875,0.2734375,0.28515625,1,1
574,6,0.26171875,0.10546875,0.3203125,0.23046875,1,1
574,6,0.3046875,0.1953125,0.3671875,0.3359375,2,1
574,6,0.32421875,0.16796875,0.37109375,0.25390625,2,1
574,6,0.35546875,0.09375,0.4609375,0.21875,1,1
574,6,0.39453125,0.18359375,0.484375,0.32421875,2,1
574,6,0.49609375,0.140625,0.6171875,0.30078125,1,1
574,6,0.48046875,0.08984375,0.609375,0.19921875,1,1
574,6,0.609375,0.23828125,0.6953125,0.60546875,1,1
574,6,0.609375,0.23828125,0.6953125,0.60546875,3,1
574,6,0.6953125,0.1640625,0.73828125,0.24609375,2,1
574,6,0.7734375,0.15234375,0.8515625,0.34375,1,1
574,6,0.94140625,0.28515625,0.9921875,0.5078125,1,1
574,6,0.94140625,0.28515625,0.9921875,0.5078125,3,1
574,7,0.19921875,0.28125,0.3203125,0.66015625,1,1
574,7,0.19921875,0.28125,0.3203125,0.66015625,3,1
574,7,0.0,0.3359375,0.0390625,0.4453125,2,1
574,7,0.09765625,0.22265625,0.1640625,0.42578125,1,1
574,7,0.16015625,0.19921875,0.22265625,0.421875,1,1
574,7,0.171875,0.13671875,0.24609375,0.22265625,1,1
574,7,0.21875,0.13671875,0.2734375,0.28515625,1,1
574,7,0.26171875,0.10546875,0.3203125,0.23046875,1,1
574,7,0.3046875,0.1953125,0.3671875,0.3359375,2,1
574,7,0.32421875,0.16796875,0.37109375,0.25390625,2,1
574,7,0.35546875,0.09375,0.4609375,0.21875,1,1
574,7,0.39453125,0.18359375,0.484375,0.32421875,2,1
574,7,0.49609375,0.140625,0.6171875,0.30078125,1,1
574,7,0.48046875,0.08984375,0.609375,0.19921875,1,1
574,7,0.609375,0.23828125,0.6953125,0.60546875,1,1
574,7,0.609375,0.23828125,0.6953125,0.60546875,3,1
574,7,0.6953125,0.1640625,0.73828125,0.24609375,2,1
574,7,0.7734375,0.15234375,0.8515625,0.34375,1,1
574,7,0.94140625,0.28515625,0.9921875,0.5078125,1,1
574,7,0.94140625,0.28515625,0.9921875,0.5078125,3,1
575,2,0.02734375,0.359375,0.13671875,0.625,1,1
575,2,0.02734375,0.359375,0.13671875,0.625,3,1
575,2,0.09375,0.21484375,0.171875,0.37890625,1,1
575,2,0.06640625,0.23828125,0.13671875,0.40625,1,1
575,2,0.19921875,0.30859375,0.328125,0.671875,1,1
575,2,0.19921875,0.30859375,0.328125,0.671875,3,1
575,2,0.1796875,0.25,0.234375,0.37890625,2,1
575,2,0.15234375,0.15234375,0.21484375,0.26953125,1,1
575,2,0.25,0.21484375,0.3046875,0.35546875,2,1
575,2,0.24609375,0.19921875,0.3203125,0.26171875,2,1
575,2,0.32421875,0.16796875,0.3671875,0.26171875,2,1
575,2,0.34765625,0.1484375,0.39453125,0.37109375,1,1
575,2,0.3984375,0.1953125,0.47265625,0.32421875,2,1
575,2,0.44921875,0.06640625,0.51171875,0.1640625,1,1
575,2,0.5234375,0.1015625,0.61328125,0.234375,1,1
575,2,0.5234375,0.1015625,0.61328125,0.234375,4,1
575,2,0.76953125,0.2578125,0.87890625,0.47265625,1,1
575,2,0.86328125,0.18359375,0.93359375,0.328125,1,1
575,2,0.9296875,0.25,0.98828125,0.3359375,2,1
575,3,0.02734375,0.359375,0.13671875,0.625,1,1
575,3,0.02734375,0.359375,0.13671875,0.625,3,1
575,3,0.09375,0.21484375,0.171875,0.37890625,1,1
575,3,0.06640625,0.23828125,0.13671875,0.40625,1,1
575,3,0.19921875,0.30859375,0.328125,0.671875,1,1
575,3,0.19921875,0.30859375,0.328125,0.671875,3,1
575,3,0.1796875,0.25,0.234375,0.37890625,2,1
575,3,0.15234375,0.15234375,0.21484375,0.26953125,1,1
575,3,0.25,0.21484375,0.3046875,0.35546875,2,1
575,3,0.24609375,0.19921875,0.3203125,0.26171875,2,1
575,3,0.32421875,0.16796875,0.3671875,0.26171875,2,1
575,3,0.34765625,0.1484375,0.39453125,0.37109375,1,1
575,3,0.3984375,0.1953125,0.47265625,0.32421875,2,1
575,3,0.44921875,0.06640625,0.51171875,0.1640625,1,1
575,3,0.5234375,0.1015625,0.61328125,0.234375,1,1
575,3,0.5234375,0.1015625,0.61328125,0.234375,4,1
575,3,0.76953125,0.2578125,0.87890625,0.47265625,1,1
575,3,0.86328125,0.18359375,0.93359375,0.328125,1,1
575,3,0.9296875,0.25,0.98828125,0.3359375,2,1
575,4,0.02734375,0.359375,0.13671875,0.625,1,1
575,4,0.02734375,0.359375,0.13671875,0.625,3,1
575,4,0.09375,0.21484375,0.171875,0.37890625,1,1
575,4,0.06640625,0.23828125,0.13671875,0.40625,1,1
575,4,0.19921875,0.30859375,0.33984375,0.671875,1,1
575,4,0.19921875,0.30859375,0.33984375,0.671875,3,1
575,4,0.1796875,0.25,0.234375,0.37890625,2,1
575,4,0.15234375,0.15234375,0.21484375,0.26953125,1,1
575,4,0.25,0.21484375,0.3046875,0.35546875,2,1
575,4,0.24609375,0.19921875,0.3203125,0.26171875,2,1
575,4,0.32421875,0.16796875,0.3671875,0.26171875,2,1
575,4,0.34765625,0.1484375,0.39453125,0.37109375,1,1
575,4,0.3984375,0.1953125,0.47265625,0.32421875,2,1
575,4,0.44921875,0.06640625,0.51171875,0.1640625,1,1
575,4,0.5234375,0.1015625,0.61328125,0.234375,1,1
575,4,0.5234375,0.1015625,0.61328125,0.234375,4,1
575,4,0.76953125,0.2578125,0.87890625,0.47265625,1,1
575,4,0.86328125,0.18359375,0.93359375,0.328125,1,1
575,4,0.9296875,0.25,0.98828125,0.3359375,2,1
575,5,0.02734375,0.359375,0.13671875,0.625,1,1
575,5,0.02734375,0.359375,0.13671875,0.625,3,1
575,5,0.09375,0.21484375,0.171875,0.37890625,1,1
575,5,0.06640625,0.23828125,0.13671875,0.40625,1,1
575,5,0.19921875,0.30859375,0.328125,0.671875,1,1
575,5,0.19921875,0.30859375,0.328125,0.671875,3,1
575,5,0.1796875,0.25,0.234375,0.37890625,2,1
575,5,0.15234375,0.15234375,0.21484375,0.26953125,1,1
575,5,0.25,0.21484375,0.3046875,0.35546875,2,1
575,5,0.24609375,0.19921875,0.3203125,0.26171875,2,1
575,5,0.32421875,0.16796875,0.3671875,0.26171875,2,1
575,5,0.34765625,0.1484375,0.39453125,0.37109375,1,1
575,5,0.3984375,0.1953125,0.47265625,0.32421875,2,1
575,5,0.44921875,0.06640625,0.51171875,0.1640625,1,1
575,5,0.5234375,0.1015625,0.61328125,0.234375,1,1
575,5,0.5234375,0.1015625,0.61328125,0.234375,4,1
575,5,0.76953125,0.2578125,0.87890625,0.47265625,1,1
575,5,0.86328125,0.18359375,0.93359375,0.328125,1,1
575,5,0.9296875,0.25,0.98828125,0.3359375,2,1
575,6,0.02734375,0.359375,0.13671875,0.625,1,1
575,6,0.02734375,0.359375,0.13671875,0.625,3,1
575,6,0.09375,0.21484375,0.171875,0.37890625,1,1
575,6,0.06640625,0.23828125,0.13671875,0.40625,1,1
575,6,0.19921875,0.30859375,0.3359375,0.671875,1,1
575,6,0.19921875,0.30859375,0.3359375,0.671875,3,1
575,6,0.1796875,0.25,0.234375,0.37890625,2,1
575,6,0.15234375,0.15234375,0.21484375,0.26953125,1,1
575,6,0.25,0.21484375,0.3046875,0.35546875,2,1
575,6,0.24609375,0.19921875,0.3203125,0.26171875,2,1
575,6,0.32421875,0.16796875,0.3671875,0.26171875,2,1
575,6,0.34765625,0.1484375,0.39453125,0.37109375,1,1
575,6,0.3984375,0.1953125,0.47265625,0.32421875,2,1
575,6,0.44921875,0.06640625,0.51171875,0.1640625,1,1
575,6,0.5234375,0.1015625,0.61328125,0.234375,1,1
575,6,0.5234375,0.1015625,0.61328125,0.234375,4,1
575,6,0.76953125,0.2578125,0.87890625,0.47265625,1,1
575,6,0.86328125,0.18359375,0.93359375,0.328125,1,1
575,6,0.9296875,0.25,0.98828125,0.3359375,2,1
575,7,0.02734375,0.359375,0.13671875,0.625,1,1
575,7,0.02734375,0.359375,0.13671875,0.625,3,1
575,7,0.09375,0.21484375,0.171875,0.37890625,1,1
575,7,0.06640625,0.23828125,0.13671875,0.40625,1,1
575,7,0.19921875,0.30859375,0.328125,0.671875,1,1
575,7,0.19921875,0.30859375,0.328125,0.671875,3,1
575,7,0.1796875,0.25,0.234375,0.37890625,2,1
575,7,0.15234375,0.15234375,0.21484375,0.26953125,1,1
575,7,0.25,0.21484375,0.3046875,0.35546875,2,1
575,7,0.24609375,0.19921875,0.3203125,0.26171875,2,1
575,7,0.32421875,0.16796875,0.3671875,0.26171875,2,1
575,7,0.34765625,0.1484375,0.39453125,0.37109375,1,1
575,7,0.3984375,0.1953125,0.47265625,0.32421875,2,1
575,7,0.44921875,0.06640625,0.51171875,0.1640625,1,1
575,7,0.5234375,0.1015625,0.61328125,0.234375,1,1
575,7,0.5234375,0.1015625,0.61328125,0.234375,4,1
575,7,0.76953125,0.2578125,0.87890625,0.47265625,1,1
575,7,0.86328125,0.18359375,0.93359375,0.328125,1,1
575,7,0.9296875,0.25,0.98828125,0.3359375,2,1
576,2,0.0625,0.33203125,0.15625,0.6953125,1,1
576,2,0.0625,0.33203125,0.15625,0.6953125,3,1
576,2,0.0,0.34765625,0.0859375,0.6640625,1,1
576,2,0.05078125,0.265625,0.1640625,0.453125,1,1
576,2,0.12109375,0.23046875,0.2265625,0.41796875,1,1
576,2,0.234375,0.2890625,0.421875,0.578125,1,1
576,2,0.234375,0.2109375,0.3046875,0.3359375,2,1
576,2,0.30859375,0.1640625,0.3984375,0.34765625,1,1
576,2,0.3671875,0.0859375,0.46875,0.18359375,1,1
576,2,0.40234375,0.19921875,0.4765625,0.328125,2,1
576,2,0.44921875,0.23828125,0.5625,0.53125,1,1
576,2,0.484375,0.13671875,0.5546875,0.30078125,1,1
576,2,0.48046875,0.10546875,0.59765625,0.24609375,1,1
576,2,0.56640625,0.23828125,0.67578125,0.6015625,1,1
576,2,0.56640625,0.23828125,0.67578125,0.6015625,3,1
576,2,0.640625,0.234375,0.7265625,0.52734375,1,1
576,2,0.640625,0.234375,0.7265625,0.52734375,3,1
576,2,0.6953125,0.2421875,0.79296875,0.57421875,1,1
576,2,0.6953125,0.2421875,0.79296875,0.57421875,3,1
576,2,0.78125,0.27734375,0.8671875,0.57421875,1,1
576,2,0.78125,0.27734375,0.8671875,0.57421875,3,1
576,2,0.62109375,0.0859375,0.703125,0.19921875,1,1
576,2,0.84375,0.25,0.9609375,0.51953125,1,1
576,2,0.84375,0.25,0.9609375,0.51953125,3,1
576,3,0.0625,0.33203125,0.15625,0.6953125,1,1
576,3,0.0625,0.33203125,0.15625,0.6953125,3,1
576,3,0.0,0.34765625,0.0859375,0.6640625,1,1
576,3,0.05078125,0.265625,0.1640625,0.453125,1,1
576,3,0.12109375,0.23046875,0.2265625,0.41796875,1,1
576,3,0.234375,0.2890625,0.421875,0.578125,1,1
576,3,0.234375,0.2109375,0.3046875,0.3359375,2,1
576,3,0.30859375,0.1640625,0.3984375,0.34765625,1,1
576,3,0.3671875,0.0859375,0.46875,0.18359375,1,1
576,3,0.40234375,0.19921875,0.4765625,0.328125,2,1
576,3,0.44921875,0.23828125,0.5625,0.53125,1,1
576,3,0.484375,0.13671875,0.5546875,0.30078125,1,1
576,3,0.48046875,0.10546875,0.59765625,0.24609375,1,1
576,3,0.56640625,0.23828125,0.67578125,0.6015625,1,1
576,3,0.56640625,0.23828125,0.67578125,0.6015625,3,1
576,3,0.640625,0.234375,0.7265625,0.52734375,1,1
576,3,0.640625,0.234375,0.7265625,0.52734375,3,1
576,3,0.6953125,0.2421875,0.79296875,0.57421875,1,1
576,3,0.6953125,0.2421875,0.79296875,0.57421875,3,1
576,3,0.78125,0.27734375,0.8671875,0.57421875,1,1
576,3,0.78125,0.27734375,0.8671875,0.57421875,3,1
576,3,0.62109375,0.0859375,0.703125,0.19921875,1,1
576,3,0.84375,0.25,0.9609375,0.51953125,1,1
576,3,0.84375,0.25,0.9609375,0.51953125,3,1
576,4,0.0625,0.33203125,0.15625,0.6953125,1,1
576,4,0.0625,0.33203125,0.15625,0.6953125,3,1
576,4,0.0,0.34765625,0.0859375,0.6640625,1,1
576,4,0.05078125,0.265625,0.1640625,0.453125,1,1
576,4,0.12109375,0.23046875,0.2265625,0.41796875,1,1
576,4,0.234375,0.2890625,0.421875,0.578125,1,1
576,4,0.234375,0.2109375,0.3046875,0.3359375,2,1
576,4,0.30859375,0.1640625,0.3984375,0.34765625,1,1
576,4,0.3671875,0.0859375,0.46875,0.18359375,1,1
576,4,0.40234375,0.19921875,0.4765625,0.328125,2,1
576,4,0.44921875,0.23828125,0.5625,0.53125,1,1
576,4,0.484375,0.13671875,0.5546875,0.30078125,1,1
576,4,0.48046875,0.10546875,0.59765625,0.24609375,1,1
576,4,0.56640625,0.23828125,0.67578125,0.6015625,1,1
576,4,0.56640625,0.23828125,0.67578125,0.6015625,3,1
576,4,0.640625,0.234375,0.7265625,0.52734375,1,1
576,4,0.640625,0.234375,0.7265625,0.52734375,3,1
576,4,0.6953125,0.2421875,0.79296875,0.57421875,1,1
576,4,0.6953125,0.2421875,0.79296875,0.57421875,3,1
576,4,0.78125,0.27734375,0.8671875,0.57421875,1,1
576,4,0.78125,0.27734375,0.8671875,0.57421875,3,1
576,4,0.62109375,0.0859375,0.703125,0.19921875,1,1
576,4,0.84375,0.25,0.9609375,0.51953125,1,1
576,4,0.84375,0.25,0.9609375,0.51953125,3,1
576,5,0.0625,0.33203125,0.15625,0.6953125,1,1
576,5,0.0625,0.33203125,0.15625,0.6953125,3,1
576,5,0.0,0.34765625,0.0859375,0.6640625,1,1
576,5,0.05078125,0.265625,0.1640625,0.453125,1,1
576,5,0.12109375,0.23046875,0.2265625,0.41796875,1,1
576,5,0.234375,0.2890625,0.421875,0.578125,1,1
576,5,0.234375,0.2109375,0.3046875,0.3359375,2,1
576,5,0.30859375,0.1640625,0.3984375,0.34765625,1,1
576,5,0.3671875,0.0859375,0.46875,0.18359375,1,1
576,5,0.40234375,0.19921875,0.4765625,0.328125,2,1
576,5,0.44921875,0.23828125,0.5625,0.53125,1,1
576,5,0.484375,0.13671875,0.5546875,0.30078125,1,1
576,5,0.48046875,0.10546875,0.59765625,0.24609375,1,1
576,5,0.56640625,0.23828125,0.67578125,0.6015625,1,1
576,5,0.56640625,0.23828125,0.67578125,0.6015625,3,1
576,5,0.640625,0.234375,0.7265625,0.52734375,1,1
576,5,0.640625,0.234375,0.7265625,0.52734375,3,1
576,5,0.6953125,0.2421875,0.79296875,0.57421875,1,1
576,5,0.6953125,0.2421875,0.79296875,0.57421875,3,1
576,5,0.78125,0.27734375,0.8671875,0.57421875,1,1
576,5,0.78125,0.27734375,0.8671875,0.57421875,3,1
576,5,0.62109375,0.0859375,0.703125,0.19921875,1,1
576,5,0.84375,0.25,0.9609375,0.51953125,1,1
576,5,0.84375,0.25,0.9609375,0.51953125,3,1
576,6,0.0625,0.33203125,0.15625,0.6953125,1,1
576,6,0.0625,0.33203125,0.15625,0.6953125,3,1
576,6,0.0,0.34765625,0.0859375,0.6640625,1,1
576,6,0.05078125,0.265625,0.1640625,0.453125,1,1
576,6,0.12109375,0.23046875,0.2265625,0.41796875,1,1
576,6,0.234375,0.2890625,0.421875,0.578125,1,1
576,6,0.234375,0.2109375,0.3046875,0.3359375,2,1
576,6,0.30859375,0.1640625,0.3984375,0.34765625,1,1
576,6,0.3671875,0.0859375,0.46875,0.18359375,1,1
576,6,0.40234375,0.19921875,0.4765625,0.328125,2,1
576,6,0.44921875,0.23828125,0.5625,0.53125,1,1
576,6,0.484375,0.13671875,0.5546875,0.30078125,1,1
576,6,0.48046875,0.10546875,0.59765625,0.24609375,1,1
576,6,0.56640625,0.23828125,0.67578125,0.6015625,1,1
576,6,0.56640625,0.23828125,0.67578125,0.6015625,3,1
576,6,0.640625,0.234375,0.7265625,0.52734375,1,1
576,6,0.640625,0.234375,0.7265625,0.52734375,3,1
576,6,0.6953125,0.2421875,0.79296875,0.57421875,1,1
576,6,0.6953125,0.2421875,0.79296875,0.57421875,3,1
576,6,0.78125,0.27734375,0.8671875,0.57421875,1,1
576,6,0.78125,0.27734375,0.8671875,0.57421875,3,1
576,6,0.62109375,0.0859375,0.703125,0.19921875,1,1
576,6,0.84375,0.25,0.9609375,0.51953125,1,1
576,6,0.84375,0.25,0.9609375,0.51953125,3,1
576,7,0.0625,0.33203125,0.15625,0.6953125,1,1
576,7,0.0625,0.33203125,0.15625,0.6953125,3,1
576,7,0.0,0.34765625,0.0859375,0.6640625,1,1
576,7,0.05078125,0.265625,0.1640625,0.453125,1,1
576,7,0.12109375,0.23046875,0.2265625,0.41796875,1,1
576,7,0.234375,0.2890625,0.421875,0.578125,1,1
576,7,0.234375,0.2109375,0.3046875,0.3359375,2,1
576,7,0.30859375,0.1640625,0.3984375,0.34765625,1,1
576,7,0.3671875,0.0859375,0.46875,0.18359375,1,1
576,7,0.40234375,0.19921875,0.4765625,0.328125,2,1
576,7,0.44921875,0.23828125,0.5625,0.53125,1,1
576,7,0.484375,0.13671875,0.5546875,0.30078125,1,1
576,7,0.48046875,0.10546875,0.59765625,0.24609375,1,1
576,7,0.56640625,0.23828125,0.67578125,0.6015625,1,1
576,7,0.56640625,0.23828125,0.67578125,0.6015625,3,1
576,7,0.640625,0.234375,0.7265625,0.52734375,1,1
576,7,0.640625,0.234375,0.7265625,0.52734375,3,1
576,7,0.6953125,0.2421875,0.79296875,0.57421875,1,1
576,7,0.6953125,0.2421875,0.79296875,0.57421875,3,1
576,7,0.78125,0.27734375,0.8671875,0.57421875,1,1
576,7,0.78125,0.27734375,0.8671875,0.57421875,3,1
576,7,0.62109375,0.0859375,0.703125,0.19921875,1,1
576,7,0.84375,0.25,0.9609375,0.51953125,1,1
576,7,0.84375,0.25,0.9609375,0.51953125,3,1
577,2,0.046875,0.296875,0.1484375,0.5,1,1
577,2,0.11328125,0.26953125,0.1796875,0.45703125,1,1
577,2,0.16015625,0.19921875,0.234375,0.40625,1,1
577,2,0.23046875,0.3359375,0.32421875,0.66796875,1,1
577,2,0.23046875,0.3359375,0.32421875,0.66796875,3,1
577,2,0.21875,0.2265625,0.29296875,0.42578125,2,1
577,2,0.22265625,0.14453125,0.265625,0.25390625,1,1
577,2,0.26953125,0.1328125,0.32421875,0.25390625,1,1
577,2,0.34375,0.1484375,0.40234375,0.40625,1,1
577,2,0.296875,0.2265625,0.3515625,0.3515625,2,1
577,2,0.40625,0.1484375,0.46875,0.3515625,1,1
577,2,0.46875,0.1875,0.6015625,0.4765625,1,1
577,2,0.46875,0.09765625,0.5859375,0.22265625,1,1
577,2,0.5625,0.09765625,0.6328125,0.2109375,1,1
577,2,0.5625,0.09765625,0.6328125,0.2109375,4,1
577,2,0.66796875,0.23046875,0.84375,0.50390625,1,1
577,2,0.66796875,0.23046875,0.84375,0.50390625,3,1
577,2,0.6796875,0.140625,0.765625,0.28515625,1,1
577,2,0.796875,0.25390625,0.9296875,0.41015625,1,1
577,2,0.92578125,0.265625,0.98828125,0.52734375,1,1
577,2,0.92578125,0.265625,0.98828125,0.52734375,3,1
577,3,0.046875,0.296875,0.1484375,0.5,1,1
577,3,0.11328125,0.26953125,0.1796875,0.45703125,1,1
577,3,0.16015625,0.19921875,0.234375,0.40625,1,1
577,3,0.23046875,0.3359375,0.32421875,0.66796875,1,1
577,3,0.23046875,0.3359375,0.32421875,0.66796875,3,1
577,3,0.21875,0.2265625,0.29296875,0.42578125,2,1
577,3,0.22265625,0.14453125,0.265625,0.25390625,1,1
577,3,0.26953125,0.1328125,0.32421875,0.25390625,1,1
577,3,0.34375,0.1484375,0.40234375,0.40625,1,1
577,3,0.296875,0.2265625,0.3515625,0.3515625,2,1
577,3,0.40625,0.1484375,0.46875,0.3515625,1,1
577,3,0.46875,0.1875,0.6015625,0.4765625,1,1
577,3,0.46875,0.09765625,0.5859375,0.22265625,1,1
577,3,0.5625,0.09765625,0.6328125,0.2109375,1,1
577,3,0.5625,0.09765625,0.6328125,0.2109375,4,1
577,3,0.66796875,0.23046875,0.84375,0.50390625,1,1
577,3,0.66796875,0.23046875,0.84375,0.50390625,3,1
577,3,0.6796875,0.140625,0.765625,0.28515625,1,1
577,3,0.78125,0.234375,0.93359375,0.40625,1,1
577,3,0.92578125,0.265625,0.98828125,0.52734375,1,1
577,3,0.92578125,0.265625,0.98828125,0.52734375,3,1
577,4,0.046875,0.296875,0.1484375,0.5,1,1
577,4,0.11328125,0.26953125,0.1796875,0.45703125,1,1
577,4,0.16015625,0.19921875,0.234375,0.40625,1,1
577,4,0.23046875,0.3359375,0.32421875,0.66796875,1,1
577,4,0.23046875,0.3359375,0.32421875,0.66796875,3,1
577,4,0.21875,0.2265625,0.29296875,0.42578125,2,1
577,4,0.22265625,0.14453125,0.265625,0.25390625,1,1
577,4,0.26953125,0.1328125,0.32421875,0.25390625,1,1
577,4,0.34375,0.1484375,0.40234375,0.40625,1,1
577,4,0.296875,0.2265625,0.3515625,0.3515625,2,1
577,4,0.40625,0.1484375,0.46875,0.3515625,1,1
577,4,0.46875,0.1875,0.6015625,0.4765625,1,1
577,4,0.46875,0.09765625,0.5859375,0.22265625,1,1
577,4,0.5625,0.09765625,0.6328125,0.2109375,1,1
577,4,0.5625,0.09765625,0.6328125,0.2109375,4,1
577,4,0.66796875,0.23046875,0.84375,0.50390625,1,1
577,4,0.66796875,0.23046875,0.84375,0.50390625,3,1
577,4,0.6796875,0.140625,0.765625,0.28515625,1,1
577,4,0.75,0.21875,0.89453125,0.40625,1,1
577,4,0.92578125,0.265625,0.98828125,0.52734375,1,1
577,4,0.92578125,0.265625,0.98828125,0.52734375,3,1
577,5,0.046875,0.296875,0.1484375,0.5,1,1
577,5,0.11328125,0.26953125,0.1796875,0.45703125,1,1
577,5,0.16015625,0.19921875,0.234375,0.40625,1,1
577,5,0.23046875,0.3359375,0.32421875,0.66796875,1,1
577,5,0.23046875,0.3359375,0.32421875,0.66796875,3,1
577,5,0.21875,0.2265625,0.29296875,0.42578125,2,1
577,5,0.22265625,0.14453125,0.265625,0.25390625,1,1
577,5,0.26953125,0.1328125,0.32421875,0.25390625,1,1
577,5,0.34375,0.1484375,0.40234375,0.40625,1,1
577,5,0.296875,0.2265625,0.3515625,0.3515625,2,1
577,5,0.40625,0.1484375,0.46875,0.3515625,1,1
577,5,0.46875,0.1875,0.6015625,0.4765625,1,1
577,5,0.46875,0.09765625,0.5859375,0.22265625,1,1
577,5,0.5625,0.09765625,0.6328125,0.2109375,1,1
577,5,0.5625,0.09765625,0.6328125,0.2109375,4,1
577,5,0.66796875,0.23046875,0.84375,0.50390625,1,1
577,5,0.66796875,0.23046875,0.84375,0.50390625,3,1
577,5,0.6796875,0.140625,0.765625,0.28515625,1,1
577,5,0.7109375,0.19921875,0.859375,0.37890625,1,1
577,5,0.92578125,0.265625,0.98828125,0.52734375,1,1
577,5,0.92578125,0.265625,0.98828125,0.52734375,3,1
577,6,0.046875,0.296875,0.1484375,0.5,1,1
577,6,0.11328125,0.26953125,0.1796875,0.45703125,1,1
577,6,0.16015625,0.19921875,0.234375,0.40625,1,1
577,6,0.23046875,0.3359375,0.32421875,0.66796875,1,1
577,6,0.23046875,0.3359375,0.32421875,0.66796875,3,1
577,6,0.21875,0.2265625,0.29296875,0.42578125,2,1
577,6,0.22265625,0.14453125,0.265625,0.25390625,1,1
577,6,0.26953125,0.1328125,0.32421875,0.25390625,1,1
577,6,0.34375,0.1484375,0.40234375,0.40625,1,1
577,6,0.296875,0.2265625,0.3515625,0.3515625,2,1
577,6,0.40625,0.1484375,0.46875,0.3515625,1,1
577,6,0.46875,0.1875,0.6015625,0.4765625,1,1
577,6,0.46875,0.09765625,0.5859375,0.22265625,1,1
577,6,0.5625,0.09765625,0.6328125,0.2109375,1,1
577,6,0.5625,0.09765625,0.6328125,0.2109375,4,1
577,6,0.66796875,0.23046875,0.84375,0.50390625,1,1
577,6,0.66796875,0.23046875,0.84375,0.50390625,3,1
577,6,0.6796875,0.140625,0.765625,0.28515625,1,1
577,6,0.6875,0.20703125,0.83984375,0.37890625,1,1
577,6,0.92578125,0.265625,0.98828125,0.52734375,1,1
577,6,0.92578125,0.265625,0.98828125,0.52734375,3,1
577,7,0.046875,0.296875,0.1484375,0.5,1,1
577,7,0.11328125,0.26953125,0.1796875,0.45703125,1,1
577,7,0.16015625,0.19921875,0.234375,0.40625,1,1
577,7,0.23046875,0.3359375,0.32421875,0.66796875,1,1
577,7,0.23046875,0.3359375,0.32421875,0.66796875,3,1
577,7,0.21875,0.2265625,0.29296875,0.42578125,2,1
577,7,0.22265625,0.14453125,0.265625,0.25390625,1,1
577,7,0.26953125,0.1328125,0.32421875,0.25390625,1,1
577,7,0.34375,0.1484375,0.40234375,0.40625,1,1
577,7,0.296875,0.2265625,0.3515625,0.3515625,2,1
577,7,0.40625,0.1484375,0.46875,0.3515625,1,1
577,7,0.46875,0.1875,0.6015625,0.4765625,1,1
577,7,0.46875,0.09765625,0.5859375,0.22265625,1,1
577,7,0.5625,0.09765625,0.6328125,0.2109375,1,1
577,7,0.5625,0.09765625,0.6328125,0.2109375,4,1
577,7,0.66796875,0.23046875,0.84375,0.50390625,1,1
577,7,0.66796875,0.23046875,0.84375,0.50390625,3,1
577,7,0.6796875,0.140625,0.765625,0.28515625,1,1
577,7,0.69140625,0.19921875,0.8359375,0.37109375,1,1
577,7,0.92578125,0.265625,0.98828125,0.52734375,1,1
577,7,0.92578125,0.265625,0.98828125,0.52734375,3,1
578,2,0.046875,0.25,0.1171875,0.453125,1,1
578,2,0.09765625,0.20703125,0.1484375,0.46484375,1,1
578,2,0.140625,0.21875,0.19921875,0.39453125,2,1
578,2,0.140625,0.21875,0.19921875,0.39453125,5,1
578,2,0.1953125,0.15625,0.23046875,0.2578125,1,1
578,2,0.1796875,0.26953125,0.23828125,0.37109375,2,1
578,2,0.2265625,0.18359375,0.28125,0.390625,1,1
578,2,0.24609375,0.1171875,0.29296875,0.21484375,1,1
578,2,0.29296875,0.19921875,0.39453125,0.3984375,1,1
578,2,0.40234375,0.14453125,0.46484375,0.37109375,1,1
578,2,0.47265625,0.2109375,0.58984375,0.48828125,1,1
578,2,0.46875,0.12890625,0.5625,0.265625,1,1
578,2,0.45703125,0.0703125,0.5234375,0.14453125,1,1
578,2,0.53515625,0.125,0.6015625,0.27734375,1,1
578,2,0.6015625,0.125,0.67578125,0.34375,1,1
578,2,0.6796875,0.15234375,0.7734375,0.3359375,1,1
578,2,0.7421875,0.16015625,0.8125,0.31640625,1,1
578,2,0.796875,0.1328125,0.86328125,0.234375,1,1
578,2,0.875,0.23046875,0.96484375,0.3984375,1,1
578,3,0.046875,0.25,0.1171875,0.453125,1,1
578,3,0.09765625,0.20703125,0.1484375,0.46484375,1,1
578,3,0.140625,0.21875,0.19921875,0.39453125,2,1
578,3,0.140625,0.21875,0.19921875,0.39453125,5,1
578,3,0.1953125,0.15625,0.23046875,0.2578125,1,1
578,3,0.1796875,0.26953125,0.23828125,0.37109375,2,1
578,3,0.2265625,0.18359375,0.28125,0.390625,1,1
578,3,0.24609375,0.1171875,0.29296875,0.21484375,1,1
578,3,0.29296875,0.19921875,0.39453125,0.3984375,1,1
578,3,0.40234375,0.14453125,0.46484375,0.37109375,1,1
578,3,0.47265625,0.2109375,0.58984375,0.48828125,1,1
578,3,0.46875,0.12890625,0.5625,0.265625,1,1
578,3,0.45703125,0.0703125,0.5234375,0.14453125,1,1
578,3,0.53515625,0.125,0.6015625,0.27734375,1,1
578,3,0.6015625,0.125,0.67578125,0.34375,1,1
578,3,0.6796875,0.15234375,0.7734375,0.3359375,1,1
578,3,0.7421875,0.16015625,0.8125,0.31640625,1,1
578,3,0.796875,0.1328125,0.86328125,0.234375,1,1
578,3,0.875,0.23046875,0.96484375,0.3984375,1,1
578,4,0.046875,0.25,0.1171875,0.453125,1,1
578,4,0.09765625,0.20703125,0.1484375,0.46484375,1,1
578,4,0.140625,0.21875,0.19921875,0.39453125,2,1
578,4,0.140625,0.21875,0.19921875,0.39453125,5,1
578,4,0.1953125,0.15625,0.23046875,0.2578125,1,1
578,4,0.1796875,0.26953125,0.23828125,0.37109375,2,1
578,4,0.2265625,0.18359375,0.28125,0.390625,1,1
578,4,0.24609375,0.1171875,0.29296875,0.21484375,1,1
578,4,0.29296875,0.19921875,0.39453125,0.3984375,1,1
578,4,0.40234375,0.14453125,0.46484375,0.37109375,1,1
578,4,0.47265625,0.2109375,0.58984375,0.48828125,1,1
578,4,0.46875,0.12890625,0.5625,0.265625,1,1
578,4,0.45703125,0.0703125,0.5234375,0.14453125,1,1
578,4,0.53515625,0.125,0.6015625,0.27734375,1,1
578,4,0.6015625,0.125,0.67578125,0.34375,1,1
578,4,0.6796875,0.15234375,0.7734375,0.3359375,1,1
578,4,0.7421875,0.16015625,0.8125,0.31640625,1,1
578,4,0.796875,0.1328125,0.86328125,0.234375,1,1
578,4,0.875,0.23046875,0.96484375,0.3984375,1,1
578,5,0.046875,0.25,0.1171875,0.453125,1,1
578,5,0.09765625,0.20703125,0.1484375,0.46484375,1,1
578,5,0.140625,0.21875,0.19921875,0.39453125,2,1
578,5,0.140625,0.21875,0.19921875,0.39453125,5,1
578,5,0.1953125,0.15625,0.23046875,0.2578125,1,1
578,5,0.1796875,0.26953125,0.23828125,0.37109375,2,1
578,5,0.2265625,0.18359375,0.28125,0.390625,1,1
578,5,0.24609375,0.1171875,0.29296875,0.21484375,1,1
578,5,0.29296875,0.19921875,0.39453125,0.3984375,1,1
578,5,0.40234375,0.14453125,0.46484375,0.37109375,1,1
578,5,0.47265625,0.2109375,0.58984375,0.48828125,1,1
578,5,0.46875,0.12890625,0.5625,0.265625,1,1
578,5,0.45703125,0.0703125,0.5234375,0.14453125,1,1
578,5,0.53515625,0.125,0.6015625,0.27734375,1,1
578,5,0.6015625,0.125,0.67578125,0.34375,1,1
578,5,0.6796875,0.15234375,0.7734375,0.3359375,1,1
578,5,0.7421875,0.16015625,0.8125,0.31640625,1,1
578,5,0.796875,0.1328125,0.86328125,0.234375,1,1
578,5,0.875,0.23046875,0.96484375,0.3984375,1,1
578,6,0.046875,0.25,0.1171875,0.453125,1,1
578,6,0.09765625,0.20703125,0.1484375,0.46484375,1,1
578,6,0.140625,0.21875,0.19921875,0.39453125,2,1
578,6,0.140625,0.21875,0.19921875,0.39453125,5,1
578,6,0.1953125,0.15625,0.23046875,0.2578125,1,1
578,6,0.1796875,0.26953125,0.23828125,0.37109375,2,1
578,6,0.2265625,0.18359375,0.28125,0.390625,1,1
578,6,0.24609375,0.1171875,0.29296875,0.21484375,1,1
578,6,0.29296875,0.19921875,0.39453125,0.3984375,1,1
578,6,0.40234375,0.14453125,0.46484375,0.37109375,1,1
578,6,0.47265625,0.2109375,0.58984375,0.48828125,1,1
578,6,0.46875,0.12890625,0.5625,0.265625,1,1
578,6,0.45703125,0.0703125,0.5234375,0.14453125,1,1
578,6,0.53515625,0.125,0.6015625,0.27734375,1,1
578,6,0.6015625,0.125,0.67578125,0.34375,1,1
578,6,0.6796875,0.15234375,0.7734375,0.3359375,1,1
578,6,0.7421875,0.16015625,0.8125,0.31640625,1,1
578,6,0.796875,0.1328125,0.86328125,0.234375,1,1
578,6,0.875,0.23046875,0.96484375,0.3984375,1,1
578,7,0.046875,0.25,0.1171875,0.453125,1,1
578,7,0.09765625,0.20703125,0.1484375,0.46484375,1,1
578,7,0.140625,0.21875,0.19921875,0.39453125,2,1
578,7,0.140625,0.21875,0.19921875,0.39453125,5,1
578,7,0.1953125,0.15625,0.23046875,0.2578125,1,1
578,7,0.1796875,0.26953125,0.23828125,0.37109375,2,1
578,7,0.2265625,0.18359375,0.28125,0.390625,1,1
578,7,0.24609375,0.1171875,0.29296875,0.21484375,1,1
578,7,0.29296875,0.19921875,0.39453125,0.3984375,1,1
578,7,0.40234375,0.14453125,0.46484375,0.37109375,1,1
578,7,0.47265625,0.2109375,0.58984375,0.48828125,1,1
578,7,0.46875,0.12890625,0.5625,0.265625,1,1
578,7,0.45703125,0.0703125,0.5234375,0.14453125,1,1
578,7,0.53515625,0.125,0.6015625,0.27734375,1,1
578,7,0.6015625,0.125,0.67578125,0.34375,1,1
578,7,0.6796875,0.15234375,0.7734375,0.3359375,1,1
578,7,0.7421875,0.16015625,0.8125,0.31640625,1,1
578,7,0.796875,0.1328125,0.86328125,0.234375,1,1
578,7,0.875,0.23046875,0.96484375,0.3984375,1,1
579,2,0.0,0.36328125,0.11328125,0.66796875,1,1
579,2,0.06640625,0.21484375,0.16796875,0.39453125,1,1
579,2,0.13671875,0.234375,0.20703125,0.3984375,2,1
579,2,0.2265625,0.1875,0.28515625,0.39453125,1,1
579,2,0.2578125,0.125,0.328125,0.25390625,1,1
579,2,0.29296875,0.2265625,0.34765625,0.359375,2,1
579,2,0.33984375,0.16796875,0.390625,0.3984375,1,1
579,2,0.39453125,0.19140625,0.5234375,0.41015625,1,1
579,2,0.3828125,0.09375,0.47265625,0.1796875,1,1
579,2,0.44921875,0.06640625,0.5078125,0.15625,1,1
579,2,0.65234375,0.1015625,0.75390625,0.18359375,1,1
579,2,0.6953125,0.1796875,0.73828125,0.23828125,2,1
579,2,0.83203125,0.23046875,0.90625,0.32421875,2,1
579,2,0.79296875,0.171875,0.84765625,0.2421875,2,1
579,3,0.0,0.36328125,0.11328125,0.66796875,1,1
579,3,0.06640625,0.21484375,0.16796875,0.39453125,1,1
579,3,0.13671875,0.234375,0.20703125,0.3984375,2,1
579,3,0.2265625,0.1875,0.28515625,0.39453125,1,1
579,3,0.2578125,0.125,0.328125,0.25390625,1,1
579,3,0.29296875,0.2265625,0.34765625,0.359375,2,1
579,3,0.33984375,0.16796875,0.390625,0.3984375,1,1
579,3,0.39453125,0.19140625,0.5234375,0.41015625,1,1
579,3,0.3828125,0.09375,0.47265625,0.1796875,1,1
579,3,0.44921875,0.06640625,0.5078125,0.15625,1,1
579,3,0.65234375,0.1015625,0.75390625,0.18359375,1,1
579,3,0.6953125,0.1796875,0.73828125,0.23828125,2,1
579,3,0.83203125,0.23046875,0.90625,0.32421875,2,1
579,3,0.79296875,0.171875,0.84765625,0.2421875,2,1
579,4,0.0,0.36328125,0.11328125,0.66796875,1,1
579,4,0.06640625,0.21484375,0.16796875,0.39453125,1,1
579,4,0.13671875,0.234375,0.20703125,0.3984375,2,1
579,4,0.2265625,0.1875,0.28515625,0.39453125,1,1
579,4,0.2578125,0.125,0.328125,0.25390625,1,1
579,4,0.29296875,0.2265625,0.34765625,0.359375,2,1
579,4,0.33984375,0.16796875,0.390625,0.3984375,1,1
579,4,0.39453125,0.19140625,0.5234375,0.41015625,1,1
579,4,0.3828125,0.09375,0.47265625,0.1796875,1,1
579,4,0.44921875,0.06640625,0.5078125,0.15625,1,1
579,4,0.65234375,0.1015625,0.75390625,0.18359375,1,1
579,4,0.6953125,0.1796875,0.73828125,0.23828125,2,1
579,4,0.83203125,0.23046875,0.90625,0.32421875,2,1
579,4,0.79296875,0.171875,0.84765625,0.2421875,2,1
579,5,0.0,0.36328125,0.11328125,0.66796875,1,1
579,5,0.06640625,0.21484375,0.16796875,0.39453125,1,1
579,5,0.13671875,0.234375,0.20703125,0.3984375,2,1
579,5,0.2265625,0.1875,0.28515625,0.39453125,1,1
579,5,0.2578125,0.125,0.328125,0.25390625,1,1
579,5,0.29296875,0.2265625,0.34765625,0.359375,2,1
579,5,0.33984375,0.16796875,0.390625,0.3984375,1,1
579,5,0.39453125,0.19140625,0.5234375,0.41015625,1,1
579,5,0.3828125,0.09375,0.47265625,0.1796875,1,1
579,5,0.44921875,0.06640625,0.5078125,0.15625,1,1
579,5,0.65234375,0.1015625,0.75390625,0.18359375,1,1
579,5,0.6953125,0.1796875,0.73828125,0.23828125,2,1
579,5,0.83203125,0.23046875,0.90625,0.32421875,2,1
579,5,0.79296875,0.171875,0.84765625,0.2421875,2,1
579,6,0.0,0.36328125,0.11328125,0.66796875,1,1
579,6,0.06640625,0.21484375,0.16796875,0.39453125,1,1
579,6,0.13671875,0.234375,0.20703125,0.3984375,2,1
579,6,0.2265625,0.1875,0.28515625,0.39453125,1,1
579,6,0.2578125,0.125,0.328125,0.25390625,1,1
579,6,0.29296875,0.2265625,0.34765625,0.359375,2,1
579,6,0.33984375,0.16796875,0.390625,0.3984375,1,1
579,6,0.39453125,0.19140625,0.5234375,0.41015625,1,1
579,6,0.3828125,0.09375,0.47265625,0.1796875,1,1
579,6,0.44921875,0.06640625,0.5078125,0.15625,1,1
579,6,0.65234375,0.1015625,0.75390625,0.18359375,1,1
579,6,0.6953125,0.1796875,0.73828125,0.23828125,2,1
579,6,0.83203125,0.23046875,0.90625,0.32421875,2,1
579,6,0.79296875,0.171875,0.84765625,0.2421875,2,1
579,7,0.0,0.36328125,0.11328125,0.66796875,1,1
579,7,0.06640625,0.21484375,0.16796875,0.39453125,1,1
579,7,0.13671875,0.234375,0.20703125,0.3984375,2,1
579,7,0.2265625,0.1875,0.28515625,0.39453125,1,1
579,7,0.2578125,0.125,0.328125,0.25390625,1,1
579,7,0.29296875,0.2265625,0.34765625,0.359375,2,1
579,7,0.33984375,0.16796875,0.390625,0.3984375,1,1
579,7,0.39453125,0.19140625,0.5234375,0.41015625,1,1
579,7,0.3828125,0.09375,0.47265625,0.1796875,1,1
579,7,0.44921875,0.06640625,0.5078125,0.15625,1,1
579,7,0.65234375,0.1015625,0.75390625,0.18359375,1,1
579,7,0.6953125,0.1796875,0.73828125,0.23828125,2,1
579,7,0.83203125,0.23046875,0.90625,0.32421875,2,1
579,7,0.79296875,0.171875,0.84765625,0.2421875,2,1
580,2,0.0703125,0.2421875,0.15234375,0.4375,1,1
580,2,0.1328125,0.265625,0.18359375,0.38671875,2,1
580,2,0.16796875,0.203125,0.2265625,0.40234375,1,1
580,2,0.00390625,0.29296875,0.0625,0.36328125,2,1
580,2,0.203125,0.21875,0.37109375,0.41796875,1,1
580,2,0.17578125,0.1640625,0.2265625,0.23828125,1,1
580,2,0.3046875,0.171875,0.3515625,0.37890625,1,1
580,2,0.40234375,0.18359375,0.47265625,0.3359375,2,1
580,2,0.4296875,0.0859375,0.54296875,0.22265625,1,1
580,2,0.48828125,0.1796875,0.6640625,0.3515625,1,1
580,2,0.546875,0.06640625,0.59375,0.16796875,1,1
580,2,0.5703125,0.1015625,0.64453125,0.21484375,1,1
580,2,0.68359375,0.1640625,0.7265625,0.25,2,1
580,2,0.734375,0.1640625,0.8046875,0.26171875,2,1
580,2,0.84375,0.19140625,0.9140625,0.2734375,2,1
580,3,0.0703125,0.2421875,0.15234375,0.4375,1,1
580,3,0.1328125,0.265625,0.18359375,0.38671875,2,1
580,3,0.16796875,0.203125,0.2265625,0.40234375,1,1
580,3,0.00390625,0.29296875,0.0625,0.36328125,2,1
580,3,0.203125,0.21875,0.37109375,0.41796875,1,1
580,3,0.17578125,0.1640625,0.2265625,0.23828125,1,1
580,3,0.3046875,0.171875,0.3515625,0.37890625,1,1
580,3,0.40234375,0.18359375,0.47265625,0.3359375,2,1
580,3,0.4296875,0.0859375,0.54296875,0.22265625,1,1
580,3,0.48828125,0.1796875,0.6640625,0.3515625,1,1
580,3,0.546875,0.06640625,0.59375,0.16796875,1,1
580,3,0.5703125,0.1015625,0.64453125,0.21484375,1,1
580,3,0.68359375,0.1640625,0.7265625,0.25,2,1
580,3,0.734375,0.1640625,0.8046875,0.26171875,2,1
580,3,0.84375,0.19140625,0.9140625,0.2734375,2,1
580,4,0.0703125,0.2421875,0.15234375,0.4375,1,1
580,4,0.1328125,0.265625,0.18359375,0.38671875,2,1
580,4,0.16796875,0.203125,0.2265625,0.40234375,1,1
580,4,0.00390625,0.29296875,0.0625,0.36328125,2,1
580,4,0.203125,0.21875,0.37109375,0.41796875,1,1
580,4,0.17578125,0.1640625,0.2265625,0.23828125,1,1
580,4,0.3046875,0.171875,0.3515625,0.37890625,1,1
580,4,0.40234375,0.18359375,0.47265625,0.3359375,2,1
580,4,0.4296875,0.0859375,0.54296875,0.22265625,1,1
580,4,0.48828125,0.1796875,0.6640625,0.3515625,1,1
580,4,0.546875,0.06640625,0.59375,0.16796875,1,1
580,4,0.5703125,0.1015625,0.64453125,0.21484375,1,1
580,4,0.68359375,0.1640625,0.7265625,0.25,2,1
580,4,0.734375,0.1640625,0.8046875,0.26171875,2,1
580,4,0.84375,0.19140625,0.9140625,0.2734375,2,1
580,5,0.0703125,0.2421875,0.15234375,0.4375,1,1
580,5,0.1328125,0.265625,0.18359375,0.38671875,2,1
580,5,0.16796875,0.203125,0.2265625,0.40234375,1,1
580,5,0.00390625,0.29296875,0.0625,0.36328125,2,1
580,5,0.203125,0.21875,0.37109375,0.41796875,1,1
580,5,0.17578125,0.1640625,0.2265625,0.23828125,1,1
580,5,0.3046875,0.171875,0.3515625,0.37890625,1,1
580,5,0.40234375,0.18359375,0.47265625,0.3359375,2,1
580,5,0.4296875,0.0859375,0.54296875,0.22265625,1,1
580,5,0.48828125,0.1796875,0.6640625,0.3515625,1,1
580,5,0.546875,0.06640625,0.59375,0.16796875,1,1
580,5,0.5703125,0.1015625,0.64453125,0.21484375,1,1
580,5,0.68359375,0.1640625,0.7265625,0.25,2,1
580,5,0.734375,0.1640625,0.8046875,0.26171875,2,1
580,5,0.84375,0.19140625,0.9140625,0.2734375,2,1
580,6,0.0703125,0.2421875,0.15234375,0.4375,1,1
580,6,0.1328125,0.265625,0.18359375,0.38671875,2,1
580,6,0.16796875,0.203125,0.2265625,0.40234375,1,1
580,6,0.00390625,0.29296875,0.0625,0.36328125,2,1
580,6,0.203125,0.21875,0.37109375,0.41796875,1,1
580,6,0.17578125,0.1640625,0.2265625,0.23828125,1,1
580,6,0.3046875,0.171875,0.3515625,0.37890625,1,1
580,6,0.40234375,0.18359375,0.47265625,0.3359375,2,1
580,6,0.4296875,0.0859375,0.54296875,0.22265625,1,1
580,6,0.48828125,0.1796875,0.6640625,0.3515625,1,1
580,6,0.546875,0.06640625,0.59375,0.16796875,1,1
580,6,0.5703125,0.1015625,0.64453125,0.21484375,1,1
580,6,0.68359375,0.1640625,0.7265625,0.25,2,1
580,6,0.734375,0.1640625,0.8046875,0.26171875,2,1
580,6,0.84375,0.19140625,0.9140625,0.2734375,2,1
580,7,0.0703125,0.2421875,0.15234375,0.4375,1,1
580,7,0.1328125,0.265625,0.18359375,0.38671875,2,1
580,7,0.16796875,0.203125,0.2265625,0.40234375,1,1
580,7,0.00390625,0.29296875,0.0625,0.36328125,2,1
580,7,0.203125,0.21875,0.37109375,0.41796875,1,1
580,7,0.17578125,0.1640625,0.2265625,0.23828125,1,1
580,7,0.3046875,0.171875,0.3515625,0.37890625,1,1
580,7,0.40234375,0.18359375,0.47265625,0.3359375,2,1
580,7,0.4296875,0.0859375,0.54296875,0.22265625,1,1
580,7,0.48828125,0.1796875,0.6640625,0.3515625,1,1
580,7,0.546875,0.06640625,0.59375,0.16796875,1,1
580,7,0.5703125,0.1015625,0.64453125,0.21484375,1,1
580,7,0.68359375,0.1640625,0.7265625,0.25,2,1
580,7,0.734375,0.1640625,0.8046875,0.26171875,2,1
580,7,0.84375,0.19140625,0.9140625,0.2734375,2,1
581,2,0.0,0.28125,0.05859375,0.37109375,2,1
581,2,0.06640625,0.20703125,0.125,0.33984375,1,1
581,2,0.1328125,0.2421875,0.19140625,0.39453125,2,1
581,2,0.1875,0.23046875,0.24609375,0.37109375,2,1
581,2,0.15234375,0.16796875,0.1953125,0.26953125,1,1
581,2,0.2421875,0.1953125,0.32421875,0.27734375,2,1
581,2,0.26953125,0.23828125,0.35546875,0.34765625,2,1
581,2,0.328125,0.17578125,0.390625,0.26171875,2,1
581,2,0.39453125,0.1875,0.4765625,0.3359375,2,1
581,2,0.6796875,0.15625,0.7421875,0.23828125,2,1
581,2,0.765625,0.19921875,0.8359375,0.31640625,2,1
581,2,0.828125,0.21875,0.8984375,0.31640625,2,1
581,2,0.89453125,0.2265625,0.95703125,0.328125,2,1
581,2,0.8515625,0.19921875,0.90625,0.26171875,2,1
581,3,0.0,0.28125,0.05859375,0.37109375,2,1
581,3,0.06640625,0.20703125,0.125,0.33984375,1,1
581,3,0.1328125,0.2421875,0.19140625,0.39453125,2,1
581,3,0.1875,0.23046875,0.24609375,0.37109375,2,1
581,3,0.15234375,0.16796875,0.1953125,0.26953125,1,1
581,3,0.2421875,0.1953125,0.32421875,0.27734375,2,1
581,3,0.26953125,0.23828125,0.35546875,0.34765625,2,1
581,3,0.328125,0.17578125,0.390625,0.26171875,2,1
581,3,0.39453125,0.1875,0.4765625,0.3359375,2,1
581,3,0.6796875,0.15625,0.7421875,0.23828125,2,1
581,3,0.765625,0.19921875,0.8359375,0.31640625,2,1
581,3,0.828125,0.21875,0.8984375,0.31640625,2,1
581,3,0.89453125,0.2265625,0.95703125,0.328125,2,1
581,3,0.8515625,0.19921875,0.90625,0.26171875,2,1
581,4,0.0,0.28125,0.05859375,0.37109375,2,1
581,4,0.06640625,0.20703125,0.125,0.33984375,1,1
581,4,0.1328125,0.2421875,0.19140625,0.39453125,2,1
581,4,0.1875,0.23046875,0.24609375,0.37109375,2,1
581,4,0.15234375,0.16796875,0.1953125,0.26953125,1,1
581,4,0.2421875,0.1953125,0.32421875,0.27734375,2,1
581,4,0.26953125,0.23828125,0.35546875,0.34765625,2,1
581,4,0.328125,0.17578125,0.390625,0.26171875,2,1
581,4,0.39453125,0.1875,0.4765625,0.3359375,2,1
581,4,0.6796875,0.15625,0.7421875,0.23828125,2,1
581,4,0.765625,0.19921875,0.8359375,0.31640625,2,1
581,4,0.828125,0.21875,0.8984375,0.31640625,2,1
581,4,0.89453125,0.2265625,0.95703125,0.328125,2,1
581,4,0.8515625,0.19921875,0.90625,0.26171875,2,1
581,5,0.0,0.28125,0.05859375,0.37109375,2,1
581,5,0.06640625,0.20703125,0.125,0.33984375,1,1
581,5,0.1328125,0.2421875,0.19140625,0.39453125,2,1
581,5,0.1875,0.23046875,0.24609375,0.37109375,2,1
581,5,0.15234375,0.16796875,0.1953125,0.26953125,1,1
581,5,0.2421875,0.1953125,0.32421875,0.27734375,2,1
581,5,0.26953125,0.23828125,0.35546875,0.34765625,2,1
581,5,0.328125,0.17578125,0.390625,0.26171875,2,1
581,5,0.39453125,0.1875,0.4765625,0.3359375,2,1
581,5,0.6796875,0.15625,0.7421875,0.23828125,2,1
581,5,0.765625,0.19921875,0.8359375,0.31640625,2,1
581,5,0.828125,0.21875,0.8984375,0.31640625,2,1
581,5,0.89453125,0.2265625,0.95703125,0.328125,2,1
581,5,0.8515625,0.19921875,0.90625,0.26171875,2,1
581,6,0.0,0.28125,0.05859375,0.37109375,2,1
581,6,0.06640625,0.20703125,0.125,0.33984375,1,1
581,6,0.1328125,0.2421875,0.19140625,0.39453125,2,1
581,6,0.1875,0.23046875,0.24609375,0.37109375,2,1
581,6,0.15234375,0.16796875,0.1953125,0.26953125,1,1
581,6,0.2421875,0.1953125,0.32421875,0.27734375,2,1
581,6,0.26953125,0.23828125,0.35546875,0.34765625,2,1
581,6,0.328125,0.17578125,0.390625,0.26171875,2,1
581,6,0.39453125,0.1875,0.4765625,0.3359375,2,1
581,6,0.6796875,0.15625,0.7421875,0.23828125,2,1
581,6,0.765625,0.19921875,0.8359375,0.31640625,2,1
581,6,0.828125,0.21875,0.8984375,0.31640625,2,1
581,6,0.89453125,0.2265625,0.95703125,0.328125,2,1
581,6,0.8515625,0.19921875,0.90625,0.26171875,2,1
581,7,0.0,0.28125,0.05859375,0.37109375,2,1
581,7,0.06640625,0.20703125,0.125,0.33984375,1,1
581,7,0.1328125,0.2421875,0.19140625,0.39453125,2,1
581,7,0.1875,0.23046875,0.24609375,0.37109375,2,1
581,7,0.15234375,0.16796875,0.1953125,0.26953125,1,1
581,7,0.2421875,0.1953125,0.32421875,0.27734375,2,1
581,7,0.26953125,0.23828125,0.35546875,0.34765625,2,1
581,7,0.328125,0.17578125,0.390625,0.26171875,2,1
581,7,0.39453125,0.1875,0.4765625,0.3359375,2,1
581,7,0.6796875,0.15625,0.7421875,0.23828125,2,1
581,7,0.765625,0.19921875,0.8359375,0.31640625,2,1
581,7,0.828125,0.21875,0.8984375,0.31640625,2,1
581,7,0.89453125,0.2265625,0.95703125,0.328125,2,1
581,7,0.8515625,0.19921875,0.90625,0.26171875,2,1
582,2,0.17578125,0.24609375,0.25,0.38671875,2,1
582,2,0.28125,0.22265625,0.35546875,0.34765625,2,1
582,2,0.24609375,0.203125,0.3125,0.2734375,2,1
582,2,0.328125,0.18359375,0.38671875,0.25390625,2,1
582,2,0.390625,0.234375,0.46484375,0.31640625,2,1
582,2,0.76171875,0.20703125,0.8359375,0.3125,2,1
582,2,0.79296875,0.13671875,0.8515625,0.22265625,1,1
582,2,0.83984375,0.23046875,0.89453125,0.328125,2,1
582,2,0.890625,0.22265625,0.95703125,0.328125,2,1
582,3,0.17578125,0.24609375,0.25,0.38671875,2,1
582,3,0.28125,0.22265625,0.35546875,0.34765625,2,1
582,3,0.24609375,0.203125,0.3125,0.2734375,2,1
582,3,0.328125,0.18359375,0.38671875,0.25390625,2,1
582,3,0.390625,0.234375,0.46484375,0.31640625,2,1
582,3,0.76171875,0.20703125,0.8359375,0.3125,2,1
582,3,0.79296875,0.13671875,0.8515625,0.22265625,1,1
582,3,0.83984375,0.23046875,0.89453125,0.328125,2,1
582,3,0.890625,0.22265625,0.95703125,0.328125,2,1
582,4,0.17578125,0.24609375,0.25,0.38671875,2,1
582,4,0.28125,0.22265625,0.35546875,0.34765625,2,1
582,4,0.24609375,0.203125,0.3125,0.2734375,2,1
582,4,0.328125,0.18359375,0.38671875,0.25390625,2,1
582,4,0.390625,0.234375,0.46484375,0.31640625,2,1
582,4,0.76171875,0.20703125,0.8359375,0.3125,2,1
582,4,0.79296875,0.13671875,0.8515625,0.22265625,1,1
582,4,0.83984375,0.23046875,0.89453125,0.328125,2,1
582,4,0.890625,0.22265625,0.95703125,0.328125,2,1
582,5,0.17578125,0.24609375,0.25,0.38671875,2,1
582,5,0.28125,0.22265625,0.35546875,0.34765625,2,1
582,5,0.24609375,0.203125,0.3125,0.2734375,2,1
582,5,0.328125,0.18359375,0.38671875,0.25390625,2,1
582,5,0.390625,0.234375,0.46484375,0.31640625,2,1
582,5,0.76171875,0.20703125,0.8359375,0.3125,2,1
582,5,0.79296875,0.13671875,0.8515625,0.22265625,1,1
582,5,0.83984375,0.23046875,0.89453125,0.328125,2,1
582,5,0.890625,0.22265625,0.95703125,0.328125,2,1
582,6,0.17578125,0.24609375,0.25,0.38671875,2,1
582,6,0.28125,0.22265625,0.35546875,0.34765625,2,1
582,6,0.24609375,0.203125,0.3125,0.2734375,2,1
582,6,0.328125,0.18359375,0.38671875,0.25390625,2,1
582,6,0.390625,0.234375,0.46484375,0.31640625,2,1
582,6,0.76171875,0.20703125,0.8359375,0.3125,2,1
582,6,0.79296875,0.13671875,0.8515625,0.22265625,1,1
582,6,0.83984375,0.23046875,0.89453125,0.328125,2,1
582,6,0.890625,0.22265625,0.95703125,0.328125,2,1
582,7,0.17578125,0.24609375,0.25,0.38671875,2,1
582,7,0.28125,0.22265625,0.35546875,0.34765625,2,1
582,7,0.24609375,0.203125,0.3125,0.2734375,2,1
582,7,0.328125,0.18359375,0.38671875,0.25390625,2,1
582,7,0.390625,0.234375,0.46484375,0.31640625,2,1
582,7,0.76171875,0.20703125,0.8359375,0.3125,2,1
582,7,0.79296875,0.13671875,0.8515625,0.22265625,1,1
582,7,0.83984375,0.23046875,0.89453125,0.328125,2,1
582,7,0.890625,0.22265625,0.95703125,0.328125,2,1
583,2,0.5078125,0.1015625,0.55859375,0.2578125,1,1
583,2,0.5546875,0.1015625,0.62109375,0.21875,1,1
583,2,0.671875,0.14453125,0.765625,0.33203125,1,1
583,2,0.7734375,0.1640625,0.84765625,0.3359375,1,1
583,2,0.81640625,0.25,0.90625,0.3984375,1,1
583,2,0.87890625,0.1796875,0.953125,0.34375,1,1
583,2,0.94921875,0.3046875,0.99609375,0.43359375,1,1
583,3,0.5078125,0.1015625,0.55859375,0.2578125,1,1
583,3,0.5546875,0.1015625,0.62109375,0.21875,1,1
583,3,0.671875,0.14453125,0.765625,0.33203125,1,1
583,3,0.7734375,0.1640625,0.84765625,0.3359375,1,1
583,3,0.81640625,0.25,0.90625,0.3984375,1,1
583,3,0.87890625,0.1796875,0.953125,0.34375,1,1
583,3,0.94921875,0.3046875,0.99609375,0.43359375,1,1
583,4,0.5078125,0.1015625,0.55859375,0.2578125,1,1
583,4,0.5546875,0.1015625,0.62109375,0.21875,1,1
583,4,0.671875,0.14453125,0.765625,0.33203125,1,1
583,4,0.7734375,0.1640625,0.84765625,0.3359375,1,1
583,4,0.81640625,0.25,0.90625,0.3984375,1,1
583,4,0.87890625,0.1796875,0.953125,0.34375,1,1
583,4,0.94921875,0.3046875,0.99609375,0.43359375,1,1
583,5,0.5078125,0.1015625,0.55859375,0.2578125,1,1
583,5,0.5546875,0.1015625,0.62109375,0.21875,1,1
583,5,0.671875,0.14453125,0.765625,0.33203125,1,1
583,5,0.7734375,0.1640625,0.84765625,0.3359375,1,1
583,5,0.81640625,0.25,0.90625,0.3984375,1,1
583,5,0.87890625,0.1796875,0.953125,0.34375,1,1
583,5,0.94921875,0.3046875,0.99609375,0.43359375,1,1
583,6,0.5078125,0.1015625,0.55859375,0.2578125,1,1
583,6,0.5546875,0.1015625,0.62109375,0.21875,1,1
583,6,0.671875,0.14453125,0.765625,0.33203125,1,1
583,6,0.7734375,0.1640625,0.84765625,0.3359375,1,1
583,6,0.81640625,0.25,0.90625,0.3984375,1,1
583,6,0.87890625,0.1796875,0.953125,0.34375,1,1
583,6,0.94921875,0.3046875,0.99609375,0.43359375,1,1
583,7,0.5078125,0.1015625,0.55859375,0.2578125,1,1
583,7,0.5546875,0.1015625,0.62109375,0.21875,1,1
583,7,0.671875,0.14453125,0.765625,0.33203125,1,1
583,7,0.7734375,0.1640625,0.84765625,0.3359375,1,1
583,7,0.81640625,0.25,0.90625,0.3984375,1,1
583,7,0.87890625,0.1796875,0.953125,0.34375,1,1
583,7,0.94921875,0.3046875,0.99609375,0.43359375,1,1
584,2,0.0,0.37890625,0.12109375,0.5859375,1,1
584,2,0.06640625,0.2734375,0.1171875,0.421875,1,1
584,2,0.12109375,0.1953125,0.2421875,0.4453125,1,1
584,2,0.16796875,0.21875,0.32421875,0.41796875,1,1
584,2,0.0546875,0.23828125,0.1328125,0.375,1,1
584,2,0.3046875,0.15234375,0.3671875,0.3828125,1,1
584,2,0.43359375,0.14453125,0.484375,0.359375,1,1
584,2,0.5,0.125,0.56640625,0.30859375,1,1
584,2,0.453125,0.09765625,0.55859375,0.21875,1,1
584,2,0.53125,0.08203125,0.6171875,0.1796875,1,1
584,2,0.9296875,0.24609375,0.98828125,0.33203125,2,1
584,3,0.0,0.37890625,0.12109375,0.5859375,1,1
584,3,0.06640625,0.2734375,0.1171875,0.421875,1,1
584,3,0.12109375,0.1953125,0.2421875,0.4453125,1,1
584,3,0.16796875,0.21875,0.32421875,0.41796875,1,1
584,3,0.0546875,0.23828125,0.1328125,0.375,1,1
584,3,0.3046875,0.15234375,0.3671875,0.3828125,1,1
584,3,0.43359375,0.14453125,0.484375,0.359375,1,1
584,3,0.5,0.125,0.56640625,0.30859375,1,1
584,3,0.453125,0.09765625,0.55859375,0.21875,1,1
584,3,0.53125,0.08203125,0.6171875,0.1796875,1,1
584,3,0.9296875,0.24609375,0.98828125,0.33203125,2,1
584,4,0.0,0.37890625,0.12109375,0.5859375,1,1
584,4,0.06640625,0.2734375,0.1171875,0.421875,1,1
584,4,0.12109375,0.1953125,0.2421875,0.4453125,1,1
584,4,0.16796875,0.21875,0.32421875,0.41796875,1,1
584,4,0.0546875,0.23828125,0.1328125,0.375,1,1
584,4,0.3046875,0.15234375,0.3671875,0.3828125,1,1
584,4,0.43359375,0.14453125,0.484375,0.359375,1,1
584,4,0.5,0.125,0.56640625,0.30859375,1,1
584,4,0.453125,0.09765625,0.55859375,0.21875,1,1
584,4,0.53125,0.08203125,0.6171875,0.1796875,1,1
584,4,0.9296875,0.24609375,0.98828125,0.33203125,2,1
584,5,0.0,0.37890625,0.12109375,0.5859375,1,1
584,5,0.06640625,0.2734375,0.1171875,0.421875,1,1
584,5,0.12109375,0.1953125,0.2421875,0.4453125,1,1
584,5,0.16796875,0.21875,0.32421875,0.41796875,1,1
584,5,0.0546875,0.23828125,0.1328125,0.375,1,1
584,5,0.3046875,0.15234375,0.3671875,0.3828125,1,1
584,5,0.43359375,0.14453125,0.484375,0.359375,1,1
584,5,0.5,0.125,0.56640625,0.30859375,1,1
584,5,0.453125,0.09765625,0.55859375,0.21875,1,1
584,5,0.53125,0.08203125,0.6171875,0.1796875,1,1
584,5,0.9296875,0.24609375,0.98828125,0.33203125,2,1
584,6,0.0,0.37890625,0.12109375,0.5859375,1,1
584,6,0.06640625,0.2734375,0.1171875,0.421875,1,1
584,6,0.12109375,0.1953125,0.2421875,0.4453125,1,1
584,6,0.16796875,0.21875,0.32421875,0.41796875,1,1
584,6,0.0546875,0.23828125,0.1328125,0.375,1,1
584,6,0.3046875,0.15234375,0.3671875,0.3828125,1,1
584,6,0.43359375,0.14453125,0.484375,0.359375,1,1
584,6,0.5,0.125,0.56640625,0.30859375,1,1
584,6,0.453125,0.09765625,0.55859375,0.21875,1,1
584,6,0.53125,0.08203125,0.6171875,0.1796875,1,1
584,6,0.9296875,0.24609375,0.98828125,0.33203125,2,1
584,7,0.0,0.37890625,0.12109375,0.5859375,1,1
584,7,0.06640625,0.2734375,0.1171875,0.421875,1,1
584,7,0.12109375,0.1953125,0.2421875,0.4453125,1,1
584,7,0.16796875,0.21875,0.32421875,0.41796875,1,1
584,7,0.0546875,0.23828125,0.1328125,0.375,1,1
584,7,0.3046875,0.15234375,0.3671875,0.3828125,1,1
584,7,0.43359375,0.14453125,0.484375,0.359375,1,1
584,7,0.5,0.125,0.56640625,0.30859375,1,1
584,7,0.453125,0.09765625,0.55859375,0.21875,1,1
584,7,0.53125,0.08203125,0.6171875,0.1796875,1,1
584,7,0.9296875,0.24609375,0.98828125,0.33203125,2,1
585,2,0.2890625,0.27734375,0.375,0.67578125,1,1
585,2,0.2890625,0.27734375,0.375,0.67578125,3,1
585,2,0.0859375,0.29296875,0.203125,0.62109375,1,1
585,2,0.0859375,0.29296875,0.203125,0.62109375,3,1
585,2,0.00390625,0.34375,0.10546875,0.6328125,1,1
585,2,0.00390625,0.34375,0.10546875,0.6328125,3,1
585,2,0.48046875,0.16015625,0.625,0.3828125,1,1
585,2,0.421875,0.1015625,0.51953125,0.21875,1,1
585,2,0.6328125,0.1796875,0.75,0.359375,1,1
585,2,0.58984375,0.1328125,0.71875,0.26171875,1,1
585,2,0.6171875,0.1015625,0.6796875,0.1640625,1,1
585,2,0.53125,0.0703125,0.58203125,0.16796875,1,1
585,3,0.2890625,0.27734375,0.375,0.67578125,1,1
585,3,0.2890625,0.27734375,0.375,0.67578125,3,1
585,3,0.0859375,0.29296875,0.203125,0.62109375,1,1
585,3,0.0859375,0.29296875,0.203125,0.62109375,3,1
585,3,0.00390625,0.34375,0.10546875,0.6328125,1,1
585,3,0.00390625,0.34375,0.10546875,0.6328125,3,1
585,3,0.48046875,0.16015625,0.625,0.3828125,1,1
585,3,0.421875,0.1015625,0.51953125,0.21875,1,1
585,3,0.6328125,0.1796875,0.75,0.359375,1,1
585,3,0.58984375,0.1328125,0.71875,0.26171875,1,1
585,3,0.6171875,0.1015625,0.6796875,0.1640625,1,1
585,3,0.53125,0.0703125,0.58203125,0.16796875,1,1
585,4,0.2890625,0.27734375,0.375,0.67578125,1,1
585,4,0.2890625,0.27734375,0.375,0.67578125,3,1
585,4,0.0859375,0.29296875,0.203125,0.62109375,1,1
585,4,0.0859375,0.29296875,0.203125,0.62109375,3,1
585,4,0.00390625,0.34375,0.10546875,0.6328125,1,1
585,4,0.00390625,0.34375,0.10546875,0.6328125,3,1
585,4,0.48046875,0.16015625,0.625,0.3828125,1,1
585,4,0.421875,0.1015625,0.51953125,0.21875,1,1
585,4,0.6328125,0.1796875,0.75,0.359375,1,1
585,4,0.58984375,0.1328125,0.71875,0.26171875,1,1
585,4,0.6171875,0.1015625,0.6796875,0.1640625,1,1
585,4,0.53125,0.0703125,0.58203125,0.16796875,1,1
585,5,0.2890625,0.27734375,0.375,0.67578125,1,1
585,5,0.2890625,0.27734375,0.375,0.67578125,3,1
585,5,0.0859375,0.29296875,0.203125,0.62109375,1,1
585,5,0.0859375,0.29296875,0.203125,0.62109375,3,1
585,5,0.00390625,0.34375,0.10546875,0.6328125,1,1
585,5,0.00390625,0.34375,0.10546875,0.6328125,3,1
585,5,0.48046875,0.16015625,0.625,0.3828125,1,1
585,5,0.421875,0.1015625,0.51953125,0.21875,1,1
585,5,0.6328125,0.1796875,0.75,0.359375,1,1
585,5,0.58984375,0.1328125,0.71875,0.26171875,1,1
585,5,0.6171875,0.1015625,0.6796875,0.1640625,1,1
585,5,0.53125,0.0703125,0.58203125,0.16796875,1,1
585,6,0.2890625,0.27734375,0.375,0.67578125,1,1
585,6,0.2890625,0.27734375,0.375,0.67578125,3,1
585,6,0.0859375,0.29296875,0.203125,0.62109375,1,1
585,6,0.0859375,0.29296875,0.203125,0.62109375,3,1
585,6,0.00390625,0.34375,0.10546875,0.6328125,1,1
585,6,0.00390625,0.34375,0.10546875,0.6328125,3,1
585,6,0.48046875,0.16015625,0.625,0.3828125,1,1
585,6,0.421875,0.1015625,0.51953125,0.21875,1,1
585,6,0.6328125,0.1796875,0.75,0.359375,1,1
585,6,0.58984375,0.1328125,0.71875,0.26171875,1,1
585,6,0.6171875,0.1015625,0.6796875,0.1640625,1,1
585,6,0.53125,0.0703125,0.58203125,0.16796875,1,1
585,7,0.2890625,0.27734375,0.375,0.67578125,1,1
585,7,0.2890625,0.27734375,0.375,0.67578125,3,1
585,7,0.0859375,0.29296875,0.203125,0.62109375,1,1
585,7,0.0859375,0.29296875,0.203125,0.62109375,3,1
585,7,0.00390625,0.34375,0.10546875,0.6328125,1,1
585,7,0.00390625,0.34375,0.10546875,0.6328125,3,1
585,7,0.48046875,0.16015625,0.625,0.3828125,1,1
585,7,0.421875,0.1015625,0.51953125,0.21875,1,1
585,7,0.6328125,0.1796875,0.75,0.359375,1,1
585,7,0.58984375,0.1328125,0.71875,0.26171875,1,1
585,7,0.6171875,0.1015625,0.6796875,0.1640625,1,1
585,7,0.53125,0.0703125,0.58203125,0.16796875,1,1
586,2,0.0,0.36328125,0.078125,0.625,1,1
586,2,0.1328125,0.25390625,0.203125,0.390625,2,1
586,2,0.16796875,0.140625,0.25,0.2265625,1,1
586,2,0.0078125,0.328125,0.046875,0.40234375,2,1
586,2,0.22265625,0.2109375,0.2734375,0.28515625,2,1
586,2,0.28515625,0.2265625,0.359375,0.35546875,2,1
586,2,0.28125,0.12109375,0.37890625,0.25390625,1,1
586,2,0.3984375,0.203125,0.484375,0.328125,2,1
586,2,0.41015625,0.16796875,0.46875,0.2421875,2,1
586,2,0.5234375,0.09765625,0.59375,0.22265625,1,1
586,2,0.921875,0.2578125,0.96484375,0.33203125,2,1
586,2,0.96484375,0.2578125,0.99609375,0.33203125,2,1
586,3,0.0,0.36328125,0.078125,0.625,1,1
586,3,0.1328125,0.25390625,0.203125,0.390625,2,1
586,3,0.16796875,0.140625,0.25,0.2265625,1,1
586,3,0.0078125,0.328125,0.046875,0.40234375,2,1
586,3,0.22265625,0.2109375,0.2734375,0.28515625,2,1
586,3,0.28515625,0.2265625,0.359375,0.35546875,2,1
586,3,0.28125,0.12109375,0.37890625,0.25390625,1,1
586,3,0.3984375,0.203125,0.484375,0.328125,2,1
586,3,0.41015625,0.16796875,0.46875,0.2421875,2,1
586,3,0.5234375,0.09765625,0.59375,0.22265625,1,1
586,3,0.921875,0.2578125,0.96484375,0.33203125,2,1
586,3,0.96484375,0.2578125,0.99609375,0.33203125,2,1
586,4,0.0,0.36328125,0.078125,0.625,1,1
586,4,0.1328125,0.25390625,0.203125,0.390625,2,1
586,4,0.16796875,0.140625,0.25,0.2265625,1,1
586,4,0.0078125,0.328125,0.046875,0.40234375,2,1
586,4,0.22265625,0.2109375,0.2734375,0.28515625,2,1
586,4,0.28515625,0.2265625,0.359375,0.35546875,2,1
586,4,0.28125,0.12109375,0.37890625,0.25390625,1,1
586,4,0.3984375,0.203125,0.484375,0.328125,2,1
586,4,0.41015625,0.16796875,0.46875,0.2421875,2,1
586,4,0.5234375,0.09765625,0.59375,0.22265625,1,1
586,4,0.921875,0.2578125,0.96484375,0.33203125,2,1
586,4,0.96484375,0.2578125,0.99609375,0.33203125,2,1
586,5,0.0,0.36328125,0.078125,0.625,1,1
586,5,0.1328125,0.25390625,0.203125,0.390625,2,1
586,5,0.16796875,0.140625,0.25,0.2265625,1,1
586,5,0.0078125,0.328125,0.046875,0.40234375,2,1
586,5,0.22265625,0.2109375,0.2734375,0.28515625,2,1
586,5,0.28515625,0.2265625,0.359375,0.35546875,2,1
586,5,0.28125,0.12109375,0.37890625,0.25390625,1,1
586,5,0.3984375,0.203125,0.484375,0.328125,2,1
586,5,0.41015625,0.16796875,0.46875,0.2421875,2,1
586,5,0.5234375,0.09765625,0.59375,0.22265625,1,1
586,5,0.921875,0.2578125,0.96484375,0.33203125,2,1
586,5,0.96484375,0.2578125,0.99609375,0.33203125,2,1
586,6,0.0,0.36328125,0.078125,0.625,1,1
586,6,0.1328125,0.25390625,0.203125,0.390625,2,1
586,6,0.16796875,0.140625,0.25,0.2265625,1,1
586,6,0.0078125,0.328125,0.046875,0.40234375,2,1
586,6,0.22265625,0.2109375,0.2734375,0.28515625,2,1
586,6,0.28515625,0.2265625,0.359375,0.35546875,2,1
586,6,0.28125,0.12109375,0.37890625,0.25390625,1,1
586,6,0.3984375,0.203125,0.484375,0.328125,2,1
586,6,0.41015625,0.16796875,0.46875,0.2421875,2,1
586,6,0.515625,0.09765625,0.59375,0.22265625,1,1
586,6,0.921875,0.2578125,0.96484375,0.33203125,2,1
586,6,0.96484375,0.2578125,0.99609375,0.33203125,2,1
586,7,0.0,0.36328125,0.078125,0.625,1,1
586,7,0.1328125,0.25390625,0.203125,0.390625,2,1
586,7,0.16796875,0.140625,0.25,0.2265625,1,1
586,7,0.0078125,0.328125,0.046875,0.40234375,2,1
586,7,0.22265625,0.2109375,0.2734375,0.28515625,2,1
586,7,0.28515625,0.2265625,0.359375,0.35546875,2,1
586,7,0.28125,0.12109375,0.37890625,0.25390625,1,1
586,7,0.3984375,0.203125,0.484375,0.328125,2,1
586,7,0.41015625,0.16796875,0.46875,0.2421875,2,1
586,7,0.515625,0.09765625,0.59765625,0.22265625,1,1
586,7,0.921875,0.2578125,0.96484375,0.33203125,2,1
586,7,0.96484375,0.2578125,0.99609375,0.33203125,2,1
587,2,0.03515625,0.21484375,0.125,0.4140625,1,1
587,2,0.13671875,0.26953125,0.21484375,0.390625,2,1
587,2,0.15625,0.15625,0.25,0.2734375,1,1
587,2,0.27734375,0.2109375,0.35546875,0.3515625,2,1
587,2,0.47265625,0.16796875,0.6484375,0.375,1,1
587,2,0.41015625,0.11328125,0.453125,0.25390625,1,1
587,2,0.4296875,0.078125,0.46484375,0.15625,1,1
587,2,0.69140625,0.125,0.796875,0.3515625,1,1
587,2,0.78515625,0.23828125,0.91796875,0.53125,1,1
587,2,0.78515625,0.23828125,0.91796875,0.53125,3,1
587,2,0.80078125,0.17578125,0.8671875,0.25390625,2,1
587,3,0.03515625,0.21484375,0.125,0.4140625,1,1
587,3,0.13671875,0.26953125,0.21484375,0.390625,2,1
587,3,0.15625,0.15625,0.25,0.2734375,1,1
587,3,0.27734375,0.2109375,0.35546875,0.3515625,2,1
587,3,0.47265625,0.16796875,0.6484375,0.375,1,1
587,3,0.41015625,0.11328125,0.453125,0.25390625,1,1
587,3,0.4296875,0.078125,0.46484375,0.15625,1,1
587,3,0.69140625,0.125,0.796875,0.3515625,1,1
587,3,0.78515625,0.23828125,0.91796875,0.53125,1,1
587,3,0.78515625,0.23828125,0.91796875,0.53125,3,1
587,3,0.80078125,0.17578125,0.8671875,0.25390625,2,1
587,4,0.03515625,0.21484375,0.125,0.4140625,1,1
587,4,0.13671875,0.26953125,0.21484375,0.390625,2,1
587,4,0.15625,0.15625,0.25,0.2734375,1,1
587,4,0.27734375,0.2109375,0.35546875,0.3515625,2,1
587,4,0.47265625,0.16796875,0.6484375,0.375,1,1
587,4,0.41015625,0.11328125,0.453125,0.25390625,1,1
587,4,0.4296875,0.078125,0.46484375,0.15625,1,1
587,4,0.69140625,0.125,0.796875,0.3515625,1,1
587,4,0.78515625,0.23828125,0.91796875,0.53125,1,1
587,4,0.78515625,0.23828125,0.91796875,0.53125,3,1
587,4,0.80078125,0.17578125,0.8671875,0.25390625,2,1
587,5,0.03515625,0.21484375,0.125,0.4140625,1,1
587,5,0.13671875,0.26953125,0.21484375,0.390625,2,1
587,5,0.15625,0.15625,0.25,0.2734375,1,1
587,5,0.27734375,0.2109375,0.35546875,0.3515625,2,1
587,5,0.47265625,0.16796875,0.6484375,0.375,1,1
587,5,0.41015625,0.11328125,0.453125,0.25390625,1,1
587,5,0.4296875,0.078125,0.46484375,0.15625,1,1
587,5,0.69140625,0.125,0.796875,0.3515625,1,1
587,5,0.78515625,0.23828125,0.91796875,0.53125,1,1
587,5,0.78515625,0.23828125,0.91796875,0.53125,3,1
587,5,0.80078125,0.17578125,0.8671875,0.25390625,2,1
587,6,0.03515625,0.21484375,0.125,0.4140625,1,1
587,6,0.13671875,0.26953125,0.21484375,0.390625,2,1
587,6,0.15625,0.15625,0.25,0.2734375,1,1
587,6,0.27734375,0.2109375,0.35546875,0.3515625,2,1
587,6,0.47265625,0.16796875,0.6484375,0.375,1,1
587,6,0.41015625,0.11328125,0.453125,0.25390625,1,1
587,6,0.4296875,0.078125,0.46484375,0.15625,1,1
587,6,0.69140625,0.125,0.796875,0.3515625,1,1
587,6,0.78515625,0.23828125,0.91796875,0.53125,1,1
587,6,0.78515625,0.23828125,0.91796875,0.53125,3,1
587,6,0.80078125,0.17578125,0.8671875,0.25390625,2,1
587,7,0.03515625,0.21484375,0.125,0.4140625,1,1
587,7,0.13671875,0.26953125,0.21484375,0.390625,2,1
587,7,0.15625,0.15625,0.25,0.2734375,1,1
587,7,0.27734375,0.2109375,0.35546875,0.3515625,2,1
587,7,0.47265625,0.16796875,0.6484375,0.375,1,1
587,7,0.41015625,0.11328125,0.453125,0.25390625,1,1
587,7,0.4296875,0.078125,0.46484375,0.15625,1,1
587,7,0.69140625,0.125,0.796875,0.3515625,1,1
587,7,0.78515625,0.23828125,0.91796875,0.53125,1,1
587,7,0.78515625,0.23828125,0.91796875,0.53125,3,1
587,7,0.80078125,0.17578125,0.8671875,0.25390625,2,1
588,2,0.0,0.35546875,0.0625,0.58984375,1,1
588,2,0.03125,0.3359375,0.12109375,0.69140625,1,1
588,2,0.03125,0.3359375,0.12109375,0.69140625,3,1
588,2,0.14453125,0.29296875,0.23046875,0.59765625,1,1
588,2,0.14453125,0.29296875,0.23046875,0.59765625,3,1
588,2,0.0234375,0.28125,0.11328125,0.40625,1,1
588,2,0.1328125,0.22265625,0.17578125,0.39453125,1,1
588,2,0.04296875,0.21875,0.09375,0.2890625,1,1
588,2,0.07421875,0.2421875,0.125,0.32421875,1,1
588,2,0.15234375,0.15625,0.21875,0.26171875,1,1
588,2,0.12109375,0.1796875,0.15625,0.25,1,1
588,2,0.2265625,0.1953125,0.28125,0.40234375,1,1
588,2,0.2734375,0.1328125,0.30859375,0.21875,1,1
588,2,0.25390625,0.2265625,0.453125,0.40625,1,1
588,2,0.296875,0.28125,0.4375,0.59765625,1,1
588,2,0.296875,0.28125,0.4375,0.59765625,3,1
588,2,0.27734375,0.17578125,0.34765625,0.28515625,1,1
588,2,0.40625,0.19921875,0.4765625,0.33203125,2,1
588,2,0.50390625,0.08984375,0.546875,0.23828125,1,1
588,2,0.53125,0.09375,0.59765625,0.19140625,1,1
588,2,0.62109375,0.203125,0.76953125,0.4921875,1,1
588,2,0.62109375,0.203125,0.76953125,0.4921875,3,1
588,2,0.73828125,0.2265625,0.875,0.5234375,1,1
588,2,0.73828125,0.2265625,0.875,0.5234375,3,1
588,2,0.69140625,0.2109375,0.84375,0.32421875,1,1
588,2,0.703125,0.140625,0.76171875,0.2421875,1,1
588,2,0.83984375,0.265625,0.94140625,0.5234375,1,1
588,2,0.83984375,0.265625,0.94140625,0.5234375,3,1
588,2,0.91796875,0.2734375,0.9921875,0.48828125,1,1
588,2,0.91796875,0.2734375,0.9921875,0.48828125,3,1
588,3,0.0,0.35546875,0.0625,0.58984375,1,1
588,3,0.03125,0.3359375,0.12109375,0.69140625,1,1
588,3,0.03125,0.3359375,0.12109375,0.69140625,3,1
588,3,0.14453125,0.29296875,0.23046875,0.59765625,1,1
588,3,0.14453125,0.29296875,0.23046875,0.59765625,3,1
588,3,0.0234375,0.28125,0.11328125,0.40625,1,1
588,3,0.1328125,0.22265625,0.17578125,0.39453125,1,1
588,3,0.04296875,0.21875,0.09375,0.2890625,1,1
588,3,0.07421875,0.2421875,0.125,0.32421875,1,1
588,3,0.15234375,0.15625,0.21875,0.26171875,1,1
588,3,0.12109375,0.1796875,0.15625,0.25,1,1
588,3,0.2265625,0.1953125,0.28125,0.40234375,1,1
588,3,0.2734375,0.1328125,0.30859375,0.21875,1,1
588,3,0.25390625,0.2265625,0.453125,0.40625,1,1
588,3,0.296875,0.28125,0.43359375,0.64453125,1,1
588,3,0.296875,0.28125,0.43359375,0.64453125,3,1
588,3,0.27734375,0.17578125,0.34765625,0.28515625,1,1
588,3,0.40625,0.19921875,0.4765625,0.33203125,2,1
588,3,0.50390625,0.08984375,0.546875,0.23828125,1,1
588,3,0.53125,0.09375,0.609375,0.19140625,1,1
588,3,0.62109375,0.203125,0.76953125,0.4921875,1,1
588,3,0.62109375,0.203125,0.76953125,0.4921875,3,1
588,3,0.73828125,0.2265625,0.875,0.5234375,1,1
588,3,0.73828125,0.2265625,0.875,0.5234375,3,1
588,3,0.69140625,0.2109375,0.84375,0.32421875,1,1
588,3,0.703125,0.140625,0.76171875,0.2421875,1,1
588,3,0.83984375,0.265625,0.94140625,0.5234375,1,1
588,3,0.83984375,0.265625,0.94140625,0.5234375,3,1
588,3,0.91796875,0.2734375,0.9921875,0.48828125,1,1
588,3,0.91796875,0.2734375,0.9921875,0.48828125,3,1
588,4,0.0,0.35546875,0.0625,0.58984375,1,1
588,4,0.03125,0.3359375,0.12109375,0.69140625,1,1
588,4,0.03125,0.3359375,0.12109375,0.69140625,3,1
588,4,0.14453125,0.29296875,0.23046875,0.59765625,1,1
588,4,0.14453125,0.29296875,0.23046875,0.59765625,3,1
588,4,0.0234375,0.28125,0.11328125,0.40625,1,1
588,4,0.1328125,0.22265625,0.17578125,0.39453125,1,1
588,4,0.04296875,0.21875,0.09375,0.2890625,1,1
588,4,0.07421875,0.2421875,0.125,0.32421875,1,1
588,4,0.15234375,0.15625,0.21875,0.26171875,1,1
588,4,0.12109375,0.1796875,0.15625,0.25,1,1
588,4,0.2265625,0.1953125,0.28125,0.40234375,1,1
588,4,0.2734375,0.1328125,0.30859375,0.21875,1,1
588,4,0.25390625,0.2265625,0.453125,0.40625,1,1
588,4,0.296875,0.28125,0.4609375,0.6328125,1,1
588,4,0.296875,0.28125,0.4609375,0.6328125,3,1
588,4,0.27734375,0.17578125,0.34765625,0.28515625,1,1
588,4,0.40625,0.19921875,0.4765625,0.33203125,2,1
588,4,0.50390625,0.08984375,0.546875,0.23828125,1,1
588,4,0.546875,0.08984375,0.625,0.1875,1,1
588,4,0.62109375,0.203125,0.76953125,0.4921875,1,1
588,4,0.62109375,0.203125,0.76953125,0.4921875,3,1
588,4,0.73828125,0.2265625,0.875,0.5234375,1,1
588,4,0.73828125,0.2265625,0.875,0.5234375,3,1
588,4,0.69140625,0.2109375,0.84375,0.32421875,1,1
588,4,0.703125,0.140625,0.76171875,0.2421875,1,1
588,4,0.83984375,0.265625,0.94140625,0.5234375,1,1
588,4,0.83984375,0.265625,0.94140625,0.5234375,3,1
588,4,0.91796875,0.2734375,0.9921875,0.48828125,1,1
588,4,0.91796875,0.2734375,0.9921875,0.48828125,3,1
588,5,0.0,0.35546875,0.0625,0.58984375,1,1
588,5,0.03125,0.3359375,0.12109375,0.69140625,1,1
588,5,0.03125,0.3359375,0.12109375,0.69140625,3,1
588,5,0.14453125,0.29296875,0.23046875,0.59765625,1,1
588,5,0.14453125,0.29296875,0.23046875,0.59765625,3,1
588,5,0.0234375,0.28125,0.11328125,0.40625,1,1
588,5,0.1328125,0.22265625,0.17578125,0.39453125,1,1
588,5,0.04296875,0.21875,0.09375,0.2890625,1,1
588,5,0.07421875,0.2421875,0.125,0.32421875,1,1
588,5,0.15234375,0.15625,0.21875,0.26171875,1,1
588,5,0.12109375,0.1796875,0.15625,0.25,1,1
588,5,0.2265625,0.1953125,0.28125,0.40234375,1,1
588,5,0.2734375,0.1328125,0.30859375,0.21875,1,1
588,5,0.25390625,0.2265625,0.453125,0.40625,1,1
588,5,0.296875,0.28125,0.453125,0.65234375,1,1
588,5,0.296875,0.28125,0.453125,0.65234375,3,1
588,5,0.27734375,0.17578125,0.34765625,0.28515625,1,1
588,5,0.40625,0.19921875,0.4765625,0.33203125,2,1
588,5,0.50390625,0.08984375,0.546875,0.23828125,1,1
588,5,0.5546875,0.09375,0.63671875,0.19140625,1,1
588,5,0.62109375,0.203125,0.76953125,0.4921875,1,1
588,5,0.62109375,0.203125,0.76953125,0.4921875,3,1
588,5,0.73828125,0.2265625,0.875,0.5234375,1,1
588,5,0.73828125,0.2265625,0.875,0.5234375,3,1
588,5,0.69140625,0.2109375,0.84375,0.32421875,1,1
588,5,0.703125,0.140625,0.76171875,0.2421875,1,1
588,5,0.83984375,0.265625,0.94140625,0.5234375,1,1
588,5,0.83984375,0.265625,0.94140625,0.5234375,3,1
588,5,0.91796875,0.2734375,0.9921875,0.48828125,1,1
588,5,0.91796875,0.2734375,0.9921875,0.48828125,3,1
588,6,0.0,0.35546875,0.0625,0.58984375,1,1
588,6,0.03125,0.3359375,0.12109375,0.69140625,1,1
588,6,0.03125,0.3359375,0.12109375,0.69140625,3,1
588,6,0.14453125,0.29296875,0.23046875,0.59765625,1,1
588,6,0.14453125,0.29296875,0.23046875,0.59765625,3,1
588,6,0.0234375,0.28125,0.11328125,0.40625,1,1
588,6,0.1328125,0.22265625,0.17578125,0.39453125,1,1
588,6,0.04296875,0.21875,0.09375,0.2890625,1,1
588,6,0.07421875,0.2421875,0.125,0.32421875,1,1
588,6,0.15234375,0.15625,0.21875,0.26171875,1,1
588,6,0.12109375,0.1796875,0.15625,0.25,1,1
588,6,0.2265625,0.1953125,0.28125,0.40234375,1,1
588,6,0.2734375,0.1328125,0.30859375,0.21875,1,1
588,6,0.25390625,0.2265625,0.453125,0.40625,1,1
588,6,0.296875,0.28125,0.4609375,0.65234375,1,1
588,6,0.296875,0.28125,0.4609375,0.65234375,3,1
588,6,0.27734375,0.17578125,0.34765625,0.28515625,1,1
588,6,0.40625,0.19921875,0.4765625,0.33203125,2,1
588,6,0.50390625,0.08984375,0.546875,0.23828125,1,1
588,6,0.5703125,0.0859375,0.65234375,0.18359375,1,1
588,6,0.62109375,0.203125,0.76953125,0.4921875,1,1
588,6,0.62109375,0.203125,0.76953125,0.4921875,3,1
588,6,0.73828125,0.2265625,0.875,0.5234375,1,1
588,6,0.73828125,0.2265625,0.875,0.5234375,3,1
588,6,0.69140625,0.2109375,0.84375,0.32421875,1,1
588,6,0.703125,0.140625,0.76171875,0.2421875,1,1
588,6,0.83984375,0.265625,0.94140625,0.5234375,1,1
588,6,0.83984375,0.265625,0.94140625,0.5234375,3,1
588,6,0.91796875,0.2734375,0.9921875,0.48828125,1,1
588,6,0.91796875,0.2734375,0.9921875,0.48828125,3,1
588,7,0.0,0.35546875,0.0625,0.58984375,1,1
588,7,0.03125,0.3359375,0.12109375,0.69140625,1,1
588,7,0.03125,0.3359375,0.12109375,0.69140625,3,1
588,7,0.140625,0.29296875,0.234375,0.65234375,1,1
588,7,0.140625,0.29296875,0.234375,0.65234375,3,1
588,7,0.0234375,0.28125,0.11328125,0.40625,1,1
588,7,0.1328125,0.22265625,0.17578125,0.39453125,1,1
588,7,0.04296875,0.21875,0.09375,0.2890625,1,1
588,7,0.07421875,0.2421875,0.125,0.32421875,1,1
588,7,0.15234375,0.15625,0.21875,0.26171875,1,1
588,7,0.12109375,0.1796875,0.15625,0.25,1,1
588,7,0.2265625,0.1953125,0.28125,0.40234375,1,1
588,7,0.2734375,0.1328125,0.30859375,0.21875,1,1
588,7,0.25390625,0.2265625,0.453125,0.40625,1,1
588,7,0.296875,0.28125,0.45703125,0.64453125,1,1
588,7,0.296875,0.28125,0.45703125,0.64453125,3,1
588,7,0.27734375,0.17578125,0.34765625,0.28515625,1,1
588,7,0.40625,0.19921875,0.4765625,0.33203125,2,1
588,7,0.50390625,0.08984375,0.546875,0.23828125,1,1
588,7,0.58203125,0.0859375,0.67578125,0.18359375,1,1
588,7,0.62109375,0.203125,0.76953125,0.4921875,1,1
588,7,0.62109375,0.203125,0.76953125,0.4921875,3,1
588,7,0.73828125,0.2265625,0.875,0.5234375,1,1
588,7,0.73828125,0.2265625,0.875,0.5234375,3,1
588,7,0.69140625,0.2109375,0.84375,0.32421875,1,1
588,7,0.703125,0.140625,0.76171875,0.2421875,1,1
588,7,0.83984375,0.265625,0.94140625,0.5234375,1,1
588,7,0.83984375,0.265625,0.94140625,0.5234375,3,1
588,7,0.91796875,0.2734375,0.9921875,0.48828125,1,1
588,7,0.91796875,0.2734375,0.9921875,0.48828125,3,1
589,2,0.0,0.35546875,0.0859375,0.6875,1,1
589,2,0.0,0.35546875,0.0859375,0.6875,3,1
589,2,0.06640625,0.24609375,0.12109375,0.41796875,1,1
589,2,0.09375,0.33203125,0.19921875,0.58984375,1,1
589,2,0.09375,0.33203125,0.19921875,0.58984375,3,1
589,2,0.12890625,0.25,0.1796875,0.39453125,2,1
589,2,0.16796875,0.1953125,0.23828125,0.4140625,1,1
589,2,0.23828125,0.12109375,0.30078125,0.24609375,1,1
589,2,0.265625,0.19921875,0.30859375,0.265625,2,1
589,2,0.30078125,0.19921875,0.3671875,0.34765625,2,1
589,2,0.32421875,0.18359375,0.375,0.2578125,2,1
589,2,0.40234375,0.1875,0.47265625,0.3203125,2,1
589,2,0.44140625,0.09765625,0.48828125,0.1796875,1,1
589,2,0.5390625,0.23828125,0.65234375,0.609375,1,1
589,2,0.5390625,0.23828125,0.65234375,0.609375,3,1
589,2,0.54296875,0.09765625,0.58203125,0.21875,1,1
589,2,0.51171875,0.0859375,0.57421875,0.16796875,1,1
589,2,0.57421875,0.1015625,0.61328125,0.19921875,1,1
589,2,0.58984375,0.15234375,0.703125,0.30859375,1,1
589,2,0.63671875,0.10546875,0.68359375,0.16796875,1,1
589,2,0.68359375,0.1328125,0.76953125,0.2890625,1,1
589,2,0.69921875,0.23046875,0.77734375,0.5234375,1,1
589,2,0.69921875,0.23046875,0.77734375,0.5234375,3,1
589,2,0.6328125,0.24609375,0.703125,0.609375,1,1
589,2,0.6328125,0.24609375,0.703125,0.609375,3,1
589,2,0.83203125,0.25390625,0.94140625,0.5234375,1,1
589,2,0.83203125,0.25390625,0.94140625,0.5234375,3,1
589,2,0.92578125,0.25390625,0.99609375,0.45703125,1,1
589,2,0.92578125,0.25390625,0.99609375,0.45703125,3,1
589,2,0.89453125,0.22265625,0.94921875,0.3125,1,1
589,2,0.84375,0.1953125,0.8984375,0.25390625,2,1
589,3,0.0,0.35546875,0.0859375,0.6875,1,1
589,3,0.0,0.35546875,0.0859375,0.6875,3,1
589,3,0.06640625,0.24609375,0.12109375,0.41796875,1,1
589,3,0.09375,0.33203125,0.234375,0.58984375,1,1
589,3,0.09375,0.33203125,0.234375,0.58984375,3,1
589,3,0.12890625,0.25,0.1796875,0.39453125,2,1
589,3,0.16796875,0.1953125,0.23828125,0.4140625,1,1
589,3,0.23828125,0.12109375,0.30078125,0.24609375,1,1
589,3,0.265625,0.19921875,0.30859375,0.265625,2,1
589,3,0.30078125,0.19921875,0.3671875,0.34765625,2,1
589,3,0.32421875,0.18359375,0.375,0.2578125,2,1
589,3,0.40234375,0.1875,0.47265625,0.3203125,2,1
589,3,0.44140625,0.09765625,0.48828125,0.1796875,1,1
589,3,0.5390625,0.23828125,0.65234375,0.609375,1,1
589,3,0.5390625,0.23828125,0.65234375,0.609375,3,1
589,3,0.54296875,0.09765625,0.58203125,0.21875,1,1
589,3,0.51171875,0.0859375,0.57421875,0.16796875,1,1
589,3,0.57421875,0.1015625,0.61328125,0.19921875,1,1
589,3,0.58984375,0.15234375,0.703125,0.30859375,1,1
589,3,0.63671875,0.10546875,0.68359375,0.16796875,1,1
589,3,0.68359375,0.1328125,0.76953125,0.2890625,1,1
589,3,0.69921875,0.23046875,0.77734375,0.5234375,1,1
589,3,0.69921875,0.23046875,0.77734375,0.5234375,3,1
589,3,0.609375,0.24609375,0.703125,0.609375,1,1
589,3,0.609375,0.24609375,0.703125,0.609375,3,1
589,3,0.83203125,0.25390625,0.94140625,0.5234375,1,1
589,3,0.83203125,0.25390625,0.94140625,0.5234375,3,1
589,3,0.92578125,0.25390625,0.99609375,0.45703125,1,1
589,3,0.92578125,0.25390625,0.99609375,0.45703125,3,1
589,3,0.89453125,0.22265625,0.94921875,0.3125,1,1
589,3,0.84375,0.1953125,0.8984375,0.25390625,2,1
589,4,0.0,0.35546875,0.0859375,0.6875,1,1
589,4,0.0,0.35546875,0.0859375,0.6875,3,1
589,4,0.06640625,0.24609375,0.12109375,0.41796875,1,1
589,4,0.09375,0.33203125,0.29296875,0.58984375,1,1
589,4,0.09375,0.33203125,0.29296875,0.58984375,3,1
589,4,0.12890625,0.25,0.1796875,0.39453125,2,1
589,4,0.16796875,0.1953125,0.23828125,0.4140625,1,1
589,4,0.23828125,0.12109375,0.30078125,0.24609375,1,1
589,4,0.265625,0.19921875,0.30859375,0.265625,2,1
589,4,0.30078125,0.19921875,0.3671875,0.34765625,2,1
589,4,0.32421875,0.18359375,0.375,0.2578125,2,1
589,4,0.40234375,0.1875,0.47265625,0.3203125,2,1
589,4,0.44140625,0.09765625,0.48828125,0.1796875,1,1
589,4,0.5390625,0.23828125,0.65234375,0.609375,1,1
589,4,0.5390625,0.23828125,0.65234375,0.609375,3,1
589,4,0.54296875,0.09765625,0.58203125,0.21875,1,1
589,4,0.51171875,0.0859375,0.57421875,0.16796875,1,1
589,4,0.57421875,0.1015625,0.61328125,0.19921875,1,1
589,4,0.58984375,0.15234375,0.703125,0.30859375,1,1
589,4,0.63671875,0.10546875,0.68359375,0.16796875,1,1
589,4,0.68359375,0.1328125,0.76953125,0.2890625,1,1
589,4,0.69921875,0.23046875,0.77734375,0.5234375,1,1
589,4,0.69921875,0.23046875,0.77734375,0.5234375,3,1
589,4,0.609375,0.24609375,0.703125,0.609375,1,1
589,4,0.609375,0.24609375,0.703125,0.609375,3,1
589,4,0.83203125,0.25390625,0.94140625,0.5234375,1,1
589,4,0.83203125,0.25390625,0.94140625,0.5234375,3,1
589,4,0.92578125,0.25390625,0.99609375,0.45703125,1,1
589,4,0.92578125,0.25390625,0.99609375,0.45703125,3,1
589,4,0.89453125,0.22265625,0.94921875,0.3125,1,1
589,4,0.84375,0.1953125,0.8984375,0.25390625,2,1
589,5,0.0,0.35546875,0.0859375,0.6875,1,1
589,5,0.0,0.35546875,0.0859375,0.6875,3,1
589,5,0.06640625,0.24609375,0.12109375,0.41796875,1,1
589,5,0.109375,0.33203125,0.3359375,0.58984375,1,1
589,5,0.109375,0.33203125,0.3359375,0.58984375,3,1
589,5,0.12890625,0.25,0.1796875,0.39453125,2,1
589,5,0.16796875,0.1953125,0.23828125,0.4140625,1,1
589,5,0.23828125,0.12109375,0.30078125,0.24609375,1,1
589,5,0.265625,0.19921875,0.30859375,0.265625,2,1
589,5,0.30078125,0.19921875,0.3671875,0.34765625,2,1
589,5,0.32421875,0.18359375,0.375,0.2578125,2,1
589,5,0.40234375,0.1875,0.47265625,0.3203125,2,1
589,5,0.44140625,0.09765625,0.48828125,0.1796875,1,1
589,5,0.5390625,0.23828125,0.65234375,0.609375,1,1
589,5,0.5390625,0.23828125,0.65234375,0.609375,3,1
589,5,0.54296875,0.09765625,0.58203125,0.21875,1,1
589,5,0.51171875,0.0859375,0.57421875,0.16796875,1,1
589,5,0.57421875,0.1015625,0.61328125,0.19921875,1,1
589,5,0.58984375,0.15234375,0.703125,0.30859375,1,1
589,5,0.63671875,0.10546875,0.68359375,0.16796875,1,1
589,5,0.68359375,0.1328125,0.76953125,0.2890625,1,1
589,5,0.69921875,0.23046875,0.77734375,0.5234375,1,1
589,5,0.69921875,0.23046875,0.77734375,0.5234375,3,1
589,5,0.60546875,0.24609375,0.69921875,0.609375,1,1
589,5,0.60546875,0.24609375,0.69921875,0.609375,3,1
589,5,0.83203125,0.25390625,0.94140625,0.5234375,1,1
589,5,0.83203125,0.25390625,0.94140625,0.5234375,3,1
589,5,0.92578125,0.25390625,0.99609375,0.45703125,1,1
589,5,0.92578125,0.25390625,0.99609375,0.45703125,3,1
589,5,0.89453125,0.22265625,0.94921875,0.3125,1,1
589,5,0.84375,0.1953125,0.8984375,0.25390625,2,1
589,6,0.0,0.35546875,0.0859375,0.6875,1,1
589,6,0.0,0.35546875,0.0859375,0.6875,3,1
589,6,0.06640625,0.24609375,0.12109375,0.41796875,1,1
589,6,0.1171875,0.33203125,0.37109375,0.58984375,1,1
589,6,0.1171875,0.33203125,0.37109375,0.58984375,3,1
589,6,0.12890625,0.25,0.1796875,0.39453125,2,1
589,6,0.16796875,0.1953125,0.23828125,0.4140625,1,1
589,6,0.23828125,0.12109375,0.30078125,0.24609375,1,1
589,6,0.265625,0.19921875,0.30859375,0.265625,2,1
589,6,0.30078125,0.19921875,0.3671875,0.34765625,2,1
589,6,0.32421875,0.18359375,0.375,0.2578125,2,1
589,6,0.40234375,0.1875,0.47265625,0.3203125,2,1
589,6,0.44140625,0.09765625,0.48828125,0.1796875,1,1
589,6,0.5390625,0.23828125,0.65234375,0.609375,1,1
589,6,0.5390625,0.23828125,0.65234375,0.609375,3,1
589,6,0.54296875,0.09765625,0.58203125,0.21875,1,1
589,6,0.51171875,0.0859375,0.57421875,0.16796875,1,1
589,6,0.57421875,0.1015625,0.61328125,0.19921875,1,1
589,6,0.58984375,0.15234375,0.703125,0.30859375,1,1
589,6,0.63671875,0.10546875,0.68359375,0.16796875,1,1
589,6,0.68359375,0.1328125,0.76953125,0.2890625,1,1
589,6,0.69921875,0.23046875,0.77734375,0.5234375,1,1
589,6,0.69921875,0.23046875,0.77734375,0.5234375,3,1
589,6,0.609375,0.24609375,0.703125,0.609375,1,1
589,6,0.609375,0.24609375,0.703125,0.609375,3,1
589,6,0.83203125,0.25390625,0.94140625,0.5234375,1,1
589,6,0.83203125,0.25390625,0.94140625,0.5234375,3,1
589,6,0.92578125,0.25390625,0.99609375,0.45703125,1,1
589,6,0.92578125,0.25390625,0.99609375,0.45703125,3,1
589,6,0.89453125,0.22265625,0.94921875,0.3125,1,1
589,6,0.84375,0.1953125,0.8984375,0.25390625,2,1
589,7,0.0,0.35546875,0.0859375,0.6875,1,1
589,7,0.0,0.35546875,0.0859375,0.6875,3,1
589,7,0.06640625,0.24609375,0.12109375,0.41796875,1,1
589,7,0.15625,0.33203125,0.40625,0.58984375,1,1
589,7,0.15625,0.33203125,0.40625,0.58984375,3,1
589,7,0.12890625,0.25,0.1796875,0.39453125,2,1
589,7,0.16796875,0.1953125,0.23828125,0.4140625,1,1
589,7,0.23828125,0.12109375,0.30078125,0.24609375,1,1
589,7,0.265625,0.19921875,0.30859375,0.265625,2,1
589,7,0.30078125,0.19921875,0.3671875,0.34765625,2,1
589,7,0.32421875,0.18359375,0.375,0.2578125,2,1
589,7,0.40234375,0.1875,0.47265625,0.3203125,2,1
589,7,0.44140625,0.09765625,0.48828125,0.1796875,1,1
589,7,0.5390625,0.23828125,0.65234375,0.609375,1,1
589,7,0.5390625,0.23828125,0.65234375,0.609375,3,1
589,7,0.54296875,0.09765625,0.58203125,0.21875,1,1
589,7,0.51171875,0.0859375,0.57421875,0.16796875,1,1
589,7,0.57421875,0.1015625,0.61328125,0.19921875,1,1
589,7,0.58984375,0.15234375,0.703125,0.30859375,1,1
589,7,0.63671875,0.10546875,0.68359375,0.16796875,1,1
589,7,0.68359375,0.1328125,0.76953125,0.2890625,1,1
589,7,0.69921875,0.23046875,0.77734375,0.5234375,1,1
589,7,0.69921875,0.23046875,0.77734375,0.5234375,3,1
589,7,0.60546875,0.24609375,0.69921875,0.609375,1,1
589,7,0.60546875,0.24609375,0.69921875,0.609375,3,1
589,7,0.83203125,0.25390625,0.94140625,0.5234375,1,1
589,7,0.83203125,0.25390625,0.94140625,0.5234375,3,1
589,7,0.92578125,0.25390625,0.99609375,0.45703125,1,1
589,7,0.92578125,0.25390625,0.99609375,0.45703125,3,1
589,7,0.89453125,0.22265625,0.94921875,0.3125,1,1
589,7,0.84375,0.1953125,0.8984375,0.25390625,2,1
590,2,0.0625,0.25390625,0.171875,0.4375,1,1
590,2,0.0,0.3125,0.03515625,0.44140625,2,1
590,2,0.04296875,0.328125,0.09765625,0.421875,2,1
590,2,0.171875,0.27734375,0.23828125,0.38671875,2,1
590,2,0.22265625,0.1796875,0.28515625,0.390625,1,1
590,2,0.1484375,0.18359375,0.18359375,0.27734375,1,1
590,2,0.1875,0.125,0.2734375,0.2265625,1,1
590,2,0.265625,0.125,0.34375,0.2109375,1,1
590,2,0.2890625,0.15625,0.40625,0.41796875,1,1
590,2,0.38671875,0.1640625,0.46875,0.34375,2,1
590,2,0.4609375,0.09765625,0.52734375,0.22265625,1,1
590,2,0.5234375,0.09765625,0.61328125,0.2109375,1,1
590,2,0.765625,0.20703125,0.8359375,0.3125,2,1
590,2,0.83203125,0.24609375,0.89453125,0.31640625,2,1
590,2,0.890625,0.1796875,0.94140625,0.3515625,1,1
590,2,0.5078125,0.078125,0.546875,0.16796875,1,1
590,2,0.84765625,0.19140625,0.890625,0.25390625,2,1
590,3,0.0625,0.25390625,0.171875,0.4375,1,1
590,3,0.0,0.3125,0.03515625,0.44140625,2,1
590,3,0.04296875,0.328125,0.09765625,0.421875,2,1
590,3,0.171875,0.27734375,0.23828125,0.38671875,2,1
590,3,0.22265625,0.1796875,0.28515625,0.390625,1,1
590,3,0.1484375,0.18359375,0.18359375,0.27734375,1,1
590,3,0.1875,0.125,0.2734375,0.2265625,1,1
590,3,0.265625,0.125,0.34375,0.2109375,1,1
590,3,0.2890625,0.15625,0.40625,0.41796875,1,1
590,3,0.38671875,0.1640625,0.46875,0.34375,2,1
590,3,0.4609375,0.09765625,0.52734375,0.22265625,1,1
590,3,0.5234375,0.09765625,0.61328125,0.2109375,1,1
590,3,0.765625,0.20703125,0.8359375,0.3125,2,1
590,3,0.83203125,0.24609375,0.89453125,0.31640625,2,1
590,3,0.890625,0.1796875,0.94140625,0.3515625,1,1
590,3,0.5078125,0.078125,0.546875,0.16796875,1,1
590,3,0.84765625,0.19140625,0.890625,0.25390625,2,1
590,4,0.0625,0.25390625,0.171875,0.4375,1,1
590,4,0.0,0.3125,0.03515625,0.44140625,2,1
590,4,0.04296875,0.328125,0.09765625,0.421875,2,1
590,4,0.171875,0.27734375,0.23828125,0.38671875,2,1
590,4,0.22265625,0.1796875,0.28515625,0.390625,1,1
590,4,0.1484375,0.18359375,0.18359375,0.27734375,1,1
590,4,0.1875,0.125,0.2734375,0.2265625,1,1
590,4,0.265625,0.125,0.34375,0.2109375,1,1
590,4,0.2890625,0.15625,0.40625,0.41796875,1,1
590,4,0.38671875,0.1640625,0.46875,0.34375,2,1
590,4,0.4609375,0.09765625,0.52734375,0.22265625,1,1
590,4,0.5390625,0.09765625,0.62890625,0.2109375,1,1
590,4,0.765625,0.20703125,0.8359375,0.3125,2,1
590,4,0.83203125,0.24609375,0.89453125,0.31640625,2,1
590,4,0.890625,0.1796875,0.94140625,0.3515625,1,1
590,4,0.5078125,0.078125,0.546875,0.16796875,1,1
590,4,0.84765625,0.19140625,0.890625,0.25390625,2,1
590,5,0.0625,0.25390625,0.171875,0.4375,1,1
590,5,0.0,0.3125,0.03515625,0.44140625,2,1
590,5,0.04296875,0.328125,0.09765625,0.421875,2,1
590,5,0.171875,0.27734375,0.23828125,0.38671875,2,1
590,5,0.22265625,0.1796875,0.28515625,0.390625,1,1
590,5,0.1484375,0.18359375,0.18359375,0.27734375,1,1
590,5,0.1875,0.125,0.2734375,0.2265625,1,1
590,5,0.265625,0.125,0.34375,0.2109375,1,1
590,5,0.2890625,0.15625,0.40625,0.41796875,1,1
590,5,0.38671875,0.1640625,0.46875,0.34375,2,1
590,5,0.4609375,0.09765625,0.52734375,0.22265625,1,1
590,5,0.54296875,0.1015625,0.6328125,0.21484375,1,1
590,5,0.765625,0.20703125,0.8359375,0.3125,2,1
590,5,0.83203125,0.24609375,0.89453125,0.31640625,2,1
590,5,0.890625,0.1796875,0.94140625,0.3515625,1,1
590,5,0.5078125,0.078125,0.546875,0.16796875,1,1
590,5,0.84765625,0.19140625,0.890625,0.25390625,2,1
590,6,0.0625,0.25390625,0.171875,0.4375,1,1
590,6,0.0,0.3125,0.03515625,0.44140625,2,1
590,6,0.04296875,0.328125,0.09765625,0.421875,2,1
590,6,0.171875,0.27734375,0.23828125,0.38671875,2,1
590,6,0.22265625,0.1796875,0.28515625,0.390625,1,1
590,6,0.1484375,0.18359375,0.18359375,0.27734375,1,1
590,6,0.1875,0.125,0.2734375,0.2265625,1,1
590,6,0.265625,0.125,0.34375,0.2109375,1,1
590,6,0.2890625,0.15625,0.40625,0.41796875,1,1
590,6,0.38671875,0.1640625,0.46875,0.34375,2,1
590,6,0.4609375,0.09765625,0.52734375,0.22265625,1,1
590,6,0.53515625,0.09765625,0.625,0.2109375,1,1
590,6,0.765625,0.20703125,0.8359375,0.3125,2,1
590,6,0.83203125,0.24609375,0.89453125,0.31640625,2,1
590,6,0.890625,0.1796875,0.94140625,0.3515625,1,1
590,6,0.5078125,0.078125,0.546875,0.16796875,1,1
590,6,0.84765625,0.19140625,0.890625,0.25390625,2,1
590,7,0.0625,0.25390625,0.171875,0.4375,1,1
590,7,0.0,0.3125,0.03515625,0.44140625,2,1
590,7,0.04296875,0.328125,0.09765625,0.421875,2,1
590,7,0.171875,0.27734375,0.23828125,0.38671875,2,1
590,7,0.22265625,0.1796875,0.28515625,0.390625,1,1
590,7,0.1484375,0.18359375,0.18359375,0.27734375,1,1
590,7,0.1875,0.125,0.2734375,0.2265625,1,1
590,7,0.265625,0.125,0.34375,0.2109375,1,1
590,7,0.2890625,0.15625,0.40625,0.41796875,1,1
590,7,0.38671875,0.1640625,0.46875,0.34375,2,1
590,7,0.4609375,0.09765625,0.52734375,0.22265625,1,1
590,7,0.5390625,0.09765625,0.6171875,0.21484375,1,1
590,7,0.765625,0.20703125,0.8359375,0.3125,2,1
590,7,0.83203125,0.24609375,0.89453125,0.31640625,2,1
590,7,0.890625,0.1796875,0.94140625,0.3515625,1,1
590,7,0.5078125,0.078125,0.546875,0.16796875,1,1
590,7,0.84765625,0.19140625,0.890625,0.25390625,2,1
591,2,0.390625,0.38671875,0.5390625,0.6953125,1,1
591,2,0.390625,0.38671875,0.5390625,0.6953125,4,1
591,2,0.40234375,0.2578125,0.51953125,0.40625,1,1
591,2,0.40234375,0.2578125,0.51953125,0.40625,3,1
591,2,0.171875,0.29296875,0.26171875,0.42578125,1,1
591,2,0.171875,0.29296875,0.26171875,0.42578125,3,1
591,2,0.10546875,0.60546875,0.28125,1.04296875,1,1
591,2,0.10546875,0.60546875,0.28125,1.04296875,3,1
591,2,0.03125,0.546875,0.21484375,0.8359375,1,1
591,2,0.03125,0.546875,0.21484375,0.8359375,3,1
591,2,0.03125,0.4453125,0.13671875,0.63671875,1,1
591,2,0.03125,0.4453125,0.13671875,0.63671875,3,1
591,2,0.0546875,0.46875,0.15625,0.59765625,1,1
591,2,0.0546875,0.46875,0.15625,0.59765625,3,1
591,2,0.03515625,0.4921875,0.15625,0.640625,1,1
591,2,0.03515625,0.4921875,0.15625,0.640625,3,1
591,2,0.03515625,0.51953125,0.19921875,0.71875,1,1
591,2,0.03515625,0.51953125,0.19921875,0.71875,3,1
591,3,0.390625,0.38671875,0.5390625,0.6953125,1,1
591,3,0.390625,0.38671875,0.5390625,0.6953125,4,1
591,3,0.40234375,0.2578125,0.51953125,0.40625,1,1
591,3,0.40234375,0.2578125,0.51953125,0.40625,3,1
591,3,0.171875,0.29296875,0.26171875,0.42578125,1,1
591,3,0.171875,0.29296875,0.26171875,0.42578125,3,1
591,3,0.10546875,0.60546875,0.28125,1.04296875,1,1
591,3,0.10546875,0.60546875,0.28125,1.04296875,3,1
591,3,0.03125,0.546875,0.21484375,0.8359375,1,1
591,3,0.03125,0.546875,0.21484375,0.8359375,3,1
591,3,0.03125,0.4453125,0.13671875,0.63671875,1,1
591,3,0.03125,0.4453125,0.13671875,0.63671875,3,1
591,3,0.0546875,0.46875,0.15625,0.59765625,1,1
591,3,0.0546875,0.46875,0.15625,0.59765625,3,1
591,3,0.03515625,0.4921875,0.15625,0.640625,1,1
591,3,0.03515625,0.4921875,0.15625,0.640625,3,1
591,3,0.03515625,0.51953125,0.19921875,0.71875,1,1
591,3,0.03515625,0.51953125,0.19921875,0.71875,3,1
591,4,0.390625,0.38671875,0.5390625,0.6953125,1,1
591,4,0.390625,0.38671875,0.5390625,0.6953125,4,1
591,4,0.40234375,0.2578125,0.51953125,0.40625,1,1
591,4,0.40234375,0.2578125,0.51953125,0.40625,3,1
591,4,0.171875,0.29296875,0.26171875,0.42578125,1,1
591,4,0.171875,0.29296875,0.26171875,0.42578125,3,1
591,4,0.10546875,0.60546875,0.28125,1.04296875,1,1
591,4,0.10546875,0.60546875,0.28125,1.04296875,3,1
591,4,0.03125,0.546875,0.21484375,0.8359375,1,1
591,4,0.03125,0.546875,0.21484375,0.8359375,3,1
591,4,0.03125,0.4453125,0.13671875,0.63671875,1,1
591,4,0.03125,0.4453125,0.13671875,0.63671875,3,1
591,4,0.0546875,0.46875,0.15625,0.59765625,1,1
591,4,0.0546875,0.46875,0.15625,0.59765625,3,1
591,4,0.03515625,0.4921875,0.15625,0.640625,1,1
591,4,0.03515625,0.4921875,0.15625,0.640625,3,1
591,4,0.03515625,0.51953125,0.19921875,0.71875,1,1
591,4,0.03515625,0.51953125,0.19921875,0.71875,3,1
591,5,0.390625,0.38671875,0.5390625,0.6953125,1,1
591,5,0.390625,0.38671875,0.5390625,0.6953125,4,1
591,5,0.40234375,0.2578125,0.51953125,0.40625,1,1
591,5,0.40234375,0.2578125,0.51953125,0.40625,3,1
591,5,0.171875,0.29296875,0.26171875,0.42578125,1,1
591,5,0.171875,0.29296875,0.26171875,0.42578125,3,1
591,5,0.10546875,0.60546875,0.28125,1.04296875,1,1
591,5,0.10546875,0.60546875,0.28125,1.04296875,3,1
591,5,0.03125,0.546875,0.21484375,0.8359375,1,1
591,5,0.03125,0.546875,0.21484375,0.8359375,3,1
591,5,0.03125,0.4453125,0.13671875,0.63671875,1,1
591,5,0.03125,0.4453125,0.13671875,0.63671875,3,1
591,5,0.0546875,0.46875,0.15625,0.59765625,1,1
591,5,0.0546875,0.46875,0.15625,0.59765625,3,1
591,5,0.03515625,0.4921875,0.15625,0.640625,1,1
591,5,0.03515625,0.4921875,0.15625,0.640625,3,1
591,5,0.03515625,0.51953125,0.19921875,0.71875,1,1
591,5,0.03515625,0.51953125,0.19921875,0.71875,3,1
591,6,0.390625,0.38671875,0.5390625,0.6953125,1,1
591,6,0.390625,0.38671875,0.5390625,0.6953125,4,1
591,6,0.40234375,0.2578125,0.51953125,0.40625,1,1
591,6,0.40234375,0.2578125,0.51953125,0.40625,3,1
591,6,0.171875,0.29296875,0.26171875,0.42578125,1,1
591,6,0.171875,0.29296875,0.26171875,0.42578125,3,1
591,6,0.10546875,0.60546875,0.28125,1.04296875,1,1
591,6,0.10546875,0.60546875,0.28125,1.04296875,3,1
591,6,0.03125,0.546875,0.21484375,0.8359375,1,1
591,6,0.03125,0.546875,0.21484375,0.8359375,3,1
591,6,0.03125,0.4453125,0.13671875,0.63671875,1,1
591,6,0.03125,0.4453125,0.13671875,0.63671875,3,1
591,6,0.0546875,0.46875,0.15625,0.59765625,1,1
591,6,0.0546875,0.46875,0.15625,0.59765625,3,1
591,6,0.03515625,0.4921875,0.15625,0.640625,1,1
591,6,0.03515625,0.4921875,0.15625,0.640625,3,1
591,6,0.03515625,0.51953125,0.19921875,0.71875,1,1
591,6,0.03515625,0.51953125,0.19921875,0.71875,3,1
591,7,0.390625,0.38671875,0.5390625,0.6953125,1,1
591,7,0.390625,0.38671875,0.5390625,0.6953125,4,1
591,7,0.40234375,0.2578125,0.51953125,0.40625,1,1
591,7,0.40234375,0.2578125,0.51953125,0.40625,3,1
591,7,0.171875,0.29296875,0.26171875,0.42578125,1,1
591,7,0.171875,0.29296875,0.26171875,0.42578125,3,1
591,7,0.10546875,0.60546875,0.28125,1.04296875,1,1
591,7,0.10546875,0.60546875,0.28125,1.04296875,3,1
591,7,0.03125,0.546875,0.21484375,0.8359375,1,1
591,7,0.03125,0.546875,0.21484375,0.8359375,3,1
591,7,0.03125,0.4453125,0.13671875,0.63671875,1,1
591,7,0.03125,0.4453125,0.13671875,0.63671875,3,1
591,7,0.0546875,0.46875,0.15625,0.59765625,1,1
591,7,0.0546875,0.46875,0.15625,0.59765625,3,1
591,7,0.03515625,0.4921875,0.15625,0.640625,1,1
591,7,0.03515625,0.4921875,0.15625,0.640625,3,1
591,7,0.03515625,0.51953125,0.19921875,0.71875,1,1
591,7,0.03515625,0.51953125,0.19921875,0.71875,3,1
592,2,0.39453125,0.39453125,0.4609375,0.578125,2,1
592,2,0.39453125,0.39453125,0.4609375,0.578125,5,1
592,2,0.14453125,0.5546875,0.3203125,0.87890625,1,1
592,2,0.1796875,0.75390625,0.3984375,1.00390625,1,1
592,2,0.0703125,0.5234375,0.15625,0.80078125,1,1
592,2,0.046875,0.42578125,0.09375,0.5703125,1,1
592,2,0.24609375,0.3125,0.3125,0.375,2,1
592,2,0.1640625,0.3203125,0.21484375,0.3984375,2,1
592,2,0.125,0.3046875,0.1796875,0.3671875,2,1
592,2,0.0859375,0.29296875,0.10546875,0.37109375,1,1
592,2,0.03125,0.3125,0.0625,0.41796875,1,1
592,2,0.9296875,0.66796875,0.9921875,0.90625,2,1
592,3,0.39453125,0.39453125,0.4609375,0.578125,2,1
592,3,0.39453125,0.39453125,0.4609375,0.578125,5,1
592,3,0.1328125,0.5234375,0.30859375,0.84765625,1,1
592,3,0.1171875,0.6953125,0.3984375,1.00390625,1,1
592,3,0.05859375,0.48046875,0.140625,0.70703125,1,1
592,3,0.046875,0.42578125,0.09375,0.5703125,1,1
592,3,0.24609375,0.3125,0.3125,0.375,2,1
592,3,0.1640625,0.3203125,0.21484375,0.3984375,2,1
592,3,0.125,0.3046875,0.1796875,0.3671875,2,1
592,3,0.0859375,0.29296875,0.10546875,0.37109375,1,1
592,3,0.03125,0.3125,0.0625,0.41796875,1,1
592,3,0.9296875,0.66796875,0.9921875,0.90625,2,1
592,4,0.39453125,0.39453125,0.4609375,0.578125,2,1
592,4,0.39453125,0.39453125,0.4609375,0.578125,5,1
592,4,0.10546875,0.51171875,0.25390625,0.80859375,1,1
592,4,0.13671875,0.62109375,0.28125,0.9765625,1,1
592,4,0.0546875,0.45703125,0.1171875,0.67578125,1,1
592,4,0.046875,0.42578125,0.08984375,0.5234375,1,1
592,4,0.24609375,0.3125,0.3125,0.375,2,1
592,4,0.1640625,0.3203125,0.21484375,0.3984375,2,1
592,4,0.125,0.3046875,0.1796875,0.3671875,2,1
592,4,0.0859375,0.29296875,0.10546875,0.37109375,1,1
592,4,0.03125,0.3125,0.0625,0.41796875,1,1
592,4,0.9296875,0.66796875,0.9921875,0.90625,2,1
592,5,0.39453125,0.39453125,0.4609375,0.578125,2,1
592,5,0.39453125,0.39453125,0.4609375,0.578125,5,1
592,5,0.08984375,0.48828125,0.23046875,0.75390625,1,1
592,5,0.109375,0.5859375,0.23828125,1.00390625,1,1
592,5,0.0546875,0.4296875,0.10546875,0.640625,1,1
592,5,0.24609375,0.3125,0.3125,0.375,2,1
592,5,0.1640625,0.3203125,0.21484375,0.3984375,2,1
592,5,0.125,0.3046875,0.1796875,0.3671875,2,1
592,5,0.0859375,0.29296875,0.10546875,0.37109375,1,1
592,5,0.03125,0.3125,0.0625,0.41796875,1,1
592,5,0.9296875,0.66796875,0.9921875,0.90625,2,1
592,6,0.39453125,0.39453125,0.4609375,0.578125,2,1
592,6,0.39453125,0.39453125,0.4609375,0.578125,5,1
592,6,0.08203125,0.55859375,0.23046875,0.90625,1,1
592,6,0.07421875,0.4765625,0.171875,0.6484375,1,1
592,6,0.0546875,0.421875,0.1015625,0.56640625,1,1
592,6,0.24609375,0.3125,0.3125,0.375,2,1
592,6,0.1640625,0.3203125,0.21484375,0.3984375,2,1
592,6,0.125,0.3046875,0.1796875,0.3671875,2,1
592,6,0.0859375,0.29296875,0.10546875,0.37109375,1,1
592,6,0.03125,0.3125,0.0625,0.41796875,1,1
592,6,0.9296875,0.66796875,0.9921875,0.90625,2,1
592,7,0.39453125,0.39453125,0.4609375,0.578125,2,1
592,7,0.39453125,0.39453125,0.4609375,0.578125,5,1
592,7,0.08203125,0.53125,0.1875,0.85546875,1,1
592,7,0.06640625,0.46875,0.1484375,0.62890625,1,1
592,7,0.05859375,0.39453125,0.11328125,0.5390625,1,1
592,7,0.24609375,0.3125,0.3125,0.375,2,1
592,7,0.1640625,0.3203125,0.21484375,0.3984375,2,1
592,7,0.125,0.3046875,0.1796875,0.3671875,2,1
592,7,0.0859375,0.29296875,0.10546875,0.37109375,1,1
592,7,0.03125,0.3125,0.0625,0.41796875,1,1
592,7,0.9296875,0.66796875,0.9921875,0.90625,2,1
593,2,0.0234375,0.45703125,0.15234375,0.734375,1,1
593,2,0.0234375,0.45703125,0.15234375,0.734375,3,1
593,2,0.0234375,0.39453125,0.10546875,0.55859375,1,1
593,2,0.0234375,0.39453125,0.10546875,0.55859375,3,1
593,2,0.02734375,0.35546875,0.08203125,0.44140625,1,1
593,2,0.02734375,0.35546875,0.08203125,0.44140625,3,1
593,2,0.3828125,0.39453125,0.46484375,0.5625,2,1
593,2,0.34375,0.33203125,0.45703125,0.40625,2,1
593,2,0.30078125,0.25390625,0.38671875,0.375,1,1
593,2,0.1875,0.33203125,0.25390625,0.40625,2,1
593,2,0.2578125,0.30859375,0.30859375,0.37109375,2,1
593,2,0.1640625,0.32421875,0.20703125,0.38671875,2,1
593,2,0.125,0.28515625,0.1953125,0.40234375,1,1
593,2,0.08984375,0.28125,0.12890625,0.36328125,1,1
593,2,0.93359375,0.6796875,0.99609375,0.91796875,2,1
593,3,0.0234375,0.45703125,0.15234375,0.734375,1,1
593,3,0.0234375,0.45703125,0.15234375,0.734375,3,1
593,3,0.0234375,0.39453125,0.10546875,0.55859375,1,1
593,3,0.0234375,0.39453125,0.10546875,0.55859375,3,1
593,3,0.02734375,0.35546875,0.08203125,0.44140625,1,1
593,3,0.02734375,0.35546875,0.08203125,0.44140625,3,1
593,3,0.3828125,0.39453125,0.46484375,0.5625,2,1
593,3,0.34375,0.33203125,0.45703125,0.40625,2,1
593,3,0.30078125,0.25390625,0.38671875,0.375,1,1
593,3,0.1875,0.33203125,0.25390625,0.40625,2,1
593,3,0.2578125,0.30859375,0.30859375,0.37109375,2,1
593,3,0.1640625,0.32421875,0.20703125,0.38671875,2,1
593,3,0.125,0.28515625,0.1953125,0.40234375,1,1
593,3,0.08984375,0.28125,0.12890625,0.36328125,1,1
593,3,0.93359375,0.6796875,0.99609375,0.91796875,2,1
593,4,0.0234375,0.45703125,0.15234375,0.734375,1,1
593,4,0.0234375,0.45703125,0.15234375,0.734375,3,1
593,4,0.0234375,0.39453125,0.10546875,0.55859375,1,1
593,4,0.0234375,0.39453125,0.10546875,0.55859375,3,1
593,4,0.02734375,0.35546875,0.08203125,0.44140625,1,1
593,4,0.02734375,0.35546875,0.08203125,0.44140625,3,1
593,4,0.3828125,0.39453125,0.46484375,0.5625,2,1
593,4,0.34375,0.33203125,0.45703125,0.40625,2,1
593,4,0.30078125,0.25390625,0.38671875,0.375,1,1
593,4,0.1875,0.33203125,0.25390625,0.40625,2,1
593,4,0.2578125,0.30859375,0.30859375,0.37109375,2,1
593,4,0.1640625,0.32421875,0.20703125,0.38671875,2,1
593,4,0.125,0.28515625,0.1953125,0.40234375,1,1
593,4,0.08984375,0.28125,0.12890625,0.36328125,1,1
593,4,0.93359375,0.6796875,0.99609375,0.91796875,2,1
593,5,0.0234375,0.45703125,0.15234375,0.734375,1,1
593,5,0.0234375,0.45703125,0.15234375,0.734375,3,1
593,5,0.0234375,0.39453125,0.10546875,0.55859375,1,1
593,5,0.0234375,0.39453125,0.10546875,0.55859375,3,1
593,5,0.02734375,0.35546875,0.08203125,0.44140625,1,1
593,5,0.02734375,0.35546875,0.08203125,0.44140625,3,1
593,5,0.3828125,0.39453125,0.46484375,0.5625,2,1
593,5,0.34375,0.33203125,0.45703125,0.40625,2,1
593,5,0.30078125,0.25390625,0.38671875,0.375,1,1
593,5,0.1875,0.33203125,0.25390625,0.40625,2,1
593,5,0.2578125,0.30859375,0.30859375,0.37109375,2,1
593,5,0.1640625,0.32421875,0.20703125,0.38671875,2,1
593,5,0.125,0.28515625,0.1953125,0.40234375,1,1
593,5,0.08984375,0.28125,0.12890625,0.36328125,1,1
593,5,0.93359375,0.6796875,0.99609375,0.91796875,2,1
593,6,0.0234375,0.45703125,0.15234375,0.734375,1,1
593,6,0.0234375,0.45703125,0.15234375,0.734375,3,1
593,6,0.0234375,0.39453125,0.10546875,0.55859375,1,1
593,6,0.0234375,0.39453125,0.10546875,0.55859375,3,1
593,6,0.02734375,0.35546875,0.08203125,0.44140625,1,1
593,6,0.02734375,0.35546875,0.08203125,0.44140625,3,1
593,6,0.3828125,0.39453125,0.46484375,0.5625,2,1
593,6,0.34375,0.33203125,0.45703125,0.40625,2,1
593,6,0.30078125,0.25390625,0.38671875,0.375,1,1
593,6,0.1875,0.33203125,0.25390625,0.40625,2,1
593,6,0.2578125,0.30859375,0.30859375,0.37109375,2,1
593,6,0.1640625,0.32421875,0.20703125,0.38671875,2,1
593,6,0.125,0.28515625,0.1953125,0.40234375,1,1
593,6,0.08984375,0.28125,0.12890625,0.36328125,1,1
593,6,0.93359375,0.6796875,0.99609375,0.91796875,2,1
593,7,0.0234375,0.45703125,0.15234375,0.734375,1,1
593,7,0.0234375,0.45703125,0.15234375,0.734375,3,1
593,7,0.0234375,0.39453125,0.10546875,0.55859375,1,1
593,7,0.0234375,0.39453125,0.10546875,0.55859375,3,1
593,7,0.02734375,0.35546875,0.08203125,0.44140625,1,1
593,7,0.02734375,0.35546875,0.08203125,0.44140625,3,1
593,7,0.3828125,0.39453125,0.46484375,0.5625,2,1
593,7,0.34375,0.33203125,0.45703125,0.40625,2,1
593,7,0.30078125,0.25390625,0.38671875,0.375,1,1
593,7,0.1875,0.33203125,0.25390625,0.40625,2,1
593,7,0.2578125,0.30859375,0.30859375,0.37109375,2,1
593,7,0.1640625,0.32421875,0.20703125,0.38671875,2,1
593,7,0.125,0.28515625,0.1953125,0.40234375,1,1
593,7,0.08984375,0.28125,0.12890625,0.36328125,1,1
593,7,0.93359375,0.6796875,0.99609375,0.91796875,2,1
594,2,0.78515625,0.51953125,0.88671875,0.8359375,2,1
594,2,0.46875,0.38671875,0.64453125,0.7109375,1,1
594,2,0.46875,0.38671875,0.64453125,0.7109375,4,1
594,2,0.1328125,0.7734375,0.421875,0.98828125,1,1
594,2,0.1328125,0.7734375,0.421875,0.98828125,3,1
594,2,0.125,0.55859375,0.3515625,0.91796875,1,1
594,2,0.125,0.55859375,0.3515625,0.91796875,3,1
594,2,0.0390625,0.5078125,0.17578125,0.75390625,1,1
594,2,0.0390625,0.5078125,0.17578125,0.75390625,3,1
594,2,0.375,0.53515625,0.5625,0.9921875,1,1
594,2,0.02734375,0.4296875,0.14453125,0.62890625,1,1
594,2,0.02734375,0.4296875,0.14453125,0.62890625,3,1
594,2,0.3984375,0.39453125,0.4609375,0.56640625,2,1
594,2,0.45703125,0.2890625,0.58203125,0.41015625,1,1
594,2,0.3828125,0.2734375,0.48046875,0.375,1,1
594,2,0.2109375,0.3203125,0.3515625,0.56640625,1,1
594,2,0.07421875,0.33203125,0.16015625,0.4296875,1,1
594,2,0.125,0.28515625,0.20703125,0.390625,1,1
594,2,0.23046875,0.2421875,0.2890625,0.3125,1,1
594,3,0.78515625,0.51953125,0.88671875,0.8359375,2,1
594,3,0.46875,0.38671875,0.64453125,0.7109375,1,1
594,3,0.46875,0.38671875,0.64453125,0.7109375,4,1
594,3,0.1328125,0.7734375,0.421875,0.98828125,1,1
594,3,0.1328125,0.7734375,0.421875,0.98828125,3,1
594,3,0.125,0.55859375,0.3515625,0.91796875,1,1
594,3,0.125,0.55859375,0.3515625,0.91796875,3,1
594,3,0.0390625,0.5078125,0.17578125,0.75390625,1,1
594,3,0.0390625,0.5078125,0.17578125,0.75390625,3,1
594,3,0.390625,0.56640625,0.62109375,0.99609375,1,1
594,3,0.02734375,0.4296875,0.14453125,0.62890625,1,1
594,3,0.02734375,0.4296875,0.14453125,0.62890625,3,1
594,3,0.3984375,0.39453125,0.4609375,0.56640625,2,1
594,3,0.45703125,0.2890625,0.58203125,0.41015625,1,1
594,3,0.3828125,0.2734375,0.48046875,0.375,1,1
594,3,0.2109375,0.3203125,0.3515625,0.56640625,1,1
594,3,0.07421875,0.33203125,0.16015625,0.4296875,1,1
594,3,0.125,0.28515625,0.20703125,0.390625,1,1
594,3,0.23046875,0.2421875,0.2890625,0.3125,1,1
594,4,0.78515625,0.51953125,0.88671875,0.8359375,2,1
594,4,0.46875,0.38671875,0.64453125,0.7109375,1,1
594,4,0.46875,0.38671875,0.64453125,0.7109375,4,1
594,4,0.1328125,0.7734375,0.421875,0.98828125,1,1
594,4,0.1328125,0.7734375,0.421875,0.98828125,3,1
594,4,0.08984375,0.55859375,0.3515625,0.91796875,1,1
594,4,0.08984375,0.55859375,0.3515625,0.91796875,3,1
594,4,0.0390625,0.5078125,0.17578125,0.75390625,1,1
594,4,0.0390625,0.5078125,0.17578125,0.75390625,3,1
594,4,0.4375,0.58984375,0.6328125,1.03125,1,1
594,4,0.02734375,0.4296875,0.14453125,0.62890625,1,1
594,4,0.02734375,0.4296875,0.14453125,0.62890625,3,1
594,4,0.3984375,0.39453125,0.4609375,0.56640625,2,1
594,4,0.45703125,0.2890625,0.58203125,0.41015625,1,1
594,4,0.3828125,0.2734375,0.48046875,0.375,1,1
594,4,0.2109375,0.3203125,0.3515625,0.56640625,1,1
594,4,0.07421875,0.33203125,0.16015625,0.4296875,1,1
594,4,0.125,0.28515625,0.20703125,0.390625,1,1
594,4,0.23046875,0.2421875,0.2890625,0.3125,1,1
594,5,0.78515625,0.51953125,0.88671875,0.8359375,2,1
594,5,0.46875,0.38671875,0.64453125,0.7109375,1,1
594,5,0.46875,0.38671875,0.64453125,0.7109375,4,1
594,5,0.1328125,0.7734375,0.421875,0.98828125,1,1
594,5,0.1328125,0.7734375,0.421875,0.98828125,3,1
594,5,0.0703125,0.57421875,0.3359375,0.93359375,1,1
594,5,0.0703125,0.57421875,0.3359375,0.93359375,3,1
594,5,0.0390625,0.5078125,0.17578125,0.75390625,1,1
594,5,0.0390625,0.5078125,0.17578125,0.75390625,3,1
594,5,0.44140625,0.546875,0.71484375,0.9921875,1,1
594,5,0.02734375,0.4296875,0.14453125,0.62890625,1,1
594,5,0.02734375,0.4296875,0.14453125,0.62890625,3,1
594,5,0.3984375,0.39453125,0.4609375,0.56640625,2,1
594,5,0.45703125,0.2890625,0.58203125,0.41015625,1,1
594,5,0.3828125,0.2734375,0.48046875,0.375,1,1
594,5,0.2109375,0.3203125,0.3515625,0.56640625,1,1
594,5,0.07421875,0.33203125,0.16015625,0.4296875,1,1
594,5,0.125,0.28515625,0.20703125,0.390625,1,1
594,5,0.23046875,0.2421875,0.2890625,0.3125,1,1
594,6,0.78515625,0.51953125,0.88671875,0.8359375,2,1
594,6,0.46875,0.38671875,0.64453125,0.7109375,1,1
594,6,0.46875,0.38671875,0.64453125,0.7109375,4,1
594,6,0.1328125,0.7734375,0.421875,0.98828125,1,1
594,6,0.1328125,0.7734375,0.421875,0.98828125,3,1
594,6,0.0859375,0.59375,0.3125,0.921875,1,1
594,6,0.0859375,0.59375,0.3125,0.921875,3,1
594,6,0.0390625,0.5078125,0.17578125,0.75390625,1,1
594,6,0.0390625,0.5078125,0.17578125,0.75390625,3,1
594,6,0.44140625,0.58984375,0.72265625,1.00390625,1,1
594,6,0.02734375,0.4296875,0.14453125,0.62890625,1,1
594,6,0.02734375,0.4296875,0.14453125,0.62890625,3,1
594,6,0.3984375,0.39453125,0.4609375,0.56640625,2,1
594,6,0.45703125,0.2890625,0.58203125,0.41015625,1,1
594,6,0.3828125,0.2734375,0.48046875,0.375,1,1
594,6,0.2109375,0.3203125,0.3515625,0.56640625,1,1
594,6,0.07421875,0.33203125,0.16015625,0.4296875,1,1
594,6,0.125,0.28515625,0.20703125,0.390625,1,1
594,6,0.23046875,0.2421875,0.2890625,0.3125,1,1
594,7,0.78515625,0.51953125,0.88671875,0.8359375,2,1
594,7,0.46875,0.38671875,0.64453125,0.7109375,1,1
594,7,0.46875,0.38671875,0.64453125,0.7109375,4,1
594,7,0.1328125,0.7734375,0.421875,0.98828125,1,1
594,7,0.1328125,0.7734375,0.421875,0.98828125,3,1
594,7,0.07421875,0.59765625,0.29296875,0.9375,1,1
594,7,0.07421875,0.59765625,0.29296875,0.9375,3,1
594,7,0.0390625,0.5078125,0.17578125,0.75390625,1,1
594,7,0.0390625,0.5078125,0.17578125,0.75390625,3,1
594,7,0.44140625,0.58984375,0.71875,1.0,1,1
594,7,0.02734375,0.4296875,0.14453125,0.62890625,1,1
594,7,0.02734375,0.4296875,0.14453125,0.62890625,3,1
594,7,0.3984375,0.39453125,0.4609375,0.56640625,2,1
594,7,0.45703125,0.2890625,0.58203125,0.41015625,1,1
594,7,0.3828125,0.2734375,0.48046875,0.375,1,1
594,7,0.2109375,0.3203125,0.3515625,0.56640625,1,1
594,7,0.07421875,0.33203125,0.16015625,0.4296875,1,1
594,7,0.125,0.28515625,0.20703125,0.390625,1,1
594,7,0.23046875,0.2421875,0.2890625,0.3125,1,1
595,2,0.69921875,0.5078125,0.86328125,0.98828125,1,1
595,2,0.7109375,0.39453125,0.7890625,0.68359375,1,1
595,2,0.41796875,0.390625,0.63671875,0.65625,1,1
595,2,0.515625,0.3515625,0.69140625,0.56640625,1,1
595,2,0.52734375,0.27734375,0.58984375,0.3984375,1,1
595,2,0.890625,0.42578125,0.96875,0.625,1,1
595,2,0.296875,0.375,0.453125,0.62109375,1,1
595,2,0.4609375,0.25,0.5078125,0.35546875,1,1
595,2,0.3828125,0.2578125,0.44921875,0.34765625,1,1
595,2,0.33203125,0.265625,0.3984375,0.3515625,1,1
595,2,0.1953125,0.3125,0.296875,0.4765625,1,1
595,2,0.15625,0.328125,0.21875,0.390625,2,1
595,2,0.08984375,0.31640625,0.14453125,0.40234375,1,1
595,2,0.01953125,0.35546875,0.07421875,0.4375,1,1
595,3,0.69921875,0.5078125,0.86328125,0.98828125,1,1
595,3,0.7109375,0.39453125,0.7890625,0.68359375,1,1
595,3,0.41796875,0.390625,0.63671875,0.65625,1,1
595,3,0.515625,0.3515625,0.69140625,0.56640625,1,1
595,3,0.52734375,0.27734375,0.58984375,0.3984375,1,1
595,3,0.890625,0.42578125,0.96875,0.625,1,1
595,3,0.296875,0.375,0.453125,0.62109375,1,1
595,3,0.4609375,0.25,0.5078125,0.35546875,1,1
595,3,0.3828125,0.2578125,0.44921875,0.34765625,1,1
595,3,0.33203125,0.265625,0.3984375,0.3515625,1,1
595,3,0.1953125,0.3125,0.296875,0.4765625,1,1
595,3,0.15625,0.328125,0.21875,0.390625,2,1
595,3,0.08984375,0.31640625,0.14453125,0.40234375,1,1
595,3,0.01953125,0.35546875,0.07421875,0.4375,1,1
595,4,0.69921875,0.5078125,0.86328125,0.98828125,1,1
595,4,0.7109375,0.39453125,0.7890625,0.68359375,1,1
595,4,0.41796875,0.390625,0.63671875,0.65625,1,1
595,4,0.5234375,0.3515625,0.69140625,0.56640625,1,1
595,4,0.52734375,0.27734375,0.58984375,0.3984375,1,1
595,4,0.890625,0.42578125,0.96875,0.625,1,1
595,4,0.296875,0.375,0.453125,0.62109375,1,1
595,4,0.4609375,0.25,0.5078125,0.35546875,1,1
595,4,0.3828125,0.2578125,0.44921875,0.34765625,1,1
595,4,0.33203125,0.265625,0.3984375,0.3515625,1,1
595,4,0.1953125,0.3125,0.296875,0.4765625,1,1
595,4,0.15625,0.328125,0.21875,0.390625,2,1
595,4,0.08984375,0.31640625,0.14453125,0.40234375,1,1
595,4,0.01953125,0.35546875,0.07421875,0.4375,1,1
595,5,0.69921875,0.5078125,0.86328125,0.98828125,1,1
595,5,0.7109375,0.39453125,0.7890625,0.68359375,1,1
595,5,0.41796875,0.390625,0.63671875,0.65625,1,1
595,5,0.515625,0.3515625,0.69140625,0.56640625,1,1
595,5,0.52734375,0.27734375,0.58984375,0.3984375,1,1
595,5,0.890625,0.42578125,0.96875,0.625,1,1
595,5,0.296875,0.375,0.453125,0.62109375,1,1
595,5,0.4609375,0.25,0.5078125,0.35546875,1,1
595,5,0.3828125,0.2578125,0.44921875,0.34765625,1,1
595,5,0.33203125,0.265625,0.3984375,0.3515625,1,1
595,5,0.1953125,0.3125,0.296875,0.4765625,1,1
595,5,0.15625,0.328125,0.21875,0.390625,2,1
595,5,0.08984375,0.31640625,0.14453125,0.40234375,1,1
595,5,0.01953125,0.35546875,0.07421875,0.4375,1,1
595,6,0.69921875,0.5078125,0.86328125,0.98828125,1,1
595,6,0.7109375,0.39453125,0.7890625,0.68359375,1,1
595,6,0.41796875,0.390625,0.63671875,0.65625,1,1
595,6,0.515625,0.3515625,0.69140625,0.56640625,1,1
595,6,0.52734375,0.27734375,0.58984375,0.3984375,1,1
595,6,0.890625,0.42578125,0.96875,0.625,1,1
595,6,0.296875,0.375,0.453125,0.62109375,1,1
595,6,0.4609375,0.25,0.5078125,0.35546875,1,1
595,6,0.3828125,0.2578125,0.44921875,0.34765625,1,1
595,6,0.33203125,0.265625,0.3984375,0.3515625,1,1
595,6,0.1953125,0.3125,0.296875,0.4765625,1,1
595,6,0.15625,0.328125,0.21875,0.390625,2,1
595,6,0.08984375,0.31640625,0.14453125,0.40234375,1,1
595,6,0.01953125,0.35546875,0.07421875,0.4375,1,1
595,7,0.69921875,0.5078125,0.86328125,0.98828125,1,1
595,7,0.7109375,0.39453125,0.7890625,0.68359375,1,1
595,7,0.41796875,0.390625,0.63671875,0.65625,1,1
595,7,0.515625,0.3515625,0.69140625,0.56640625,1,1
595,7,0.52734375,0.27734375,0.58984375,0.3984375,1,1
595,7,0.890625,0.42578125,0.96875,0.625,1,1
595,7,0.296875,0.375,0.453125,0.62109375,1,1
595,7,0.4609375,0.25,0.5078125,0.35546875,1,1
595,7,0.3828125,0.2578125,0.44921875,0.34765625,1,1
595,7,0.33203125,0.265625,0.3984375,0.3515625,1,1
595,7,0.1953125,0.3125,0.296875,0.4765625,1,1
595,7,0.15625,0.328125,0.21875,0.390625,2,1
595,7,0.08984375,0.31640625,0.14453125,0.40234375,1,1
595,7,0.01953125,0.35546875,0.07421875,0.4375,1,1
596,2,0.4609375,0.390625,0.671875,0.6484375,1,1
596,2,0.4609375,0.390625,0.671875,0.6484375,4,1
596,2,0.55859375,0.3203125,0.703125,0.5859375,1,1
596,2,0.77734375,0.32421875,0.86328125,0.46484375,1,1
596,2,0.75,0.27734375,0.8046875,0.40625,1,1
596,2,0.56640625,0.28515625,0.63671875,0.37109375,1,1
596,2,0.54296875,0.26171875,0.640625,0.34765625,1,1
596,2,0.43359375,0.27734375,0.52734375,0.40625,1,1
596,2,0.421875,0.23828125,0.46875,0.31640625,1,1
596,2,0.36328125,0.265625,0.4375,0.359375,1,1
596,2,0.21484375,0.47265625,0.328125,0.81640625,1,1
596,2,0.1953125,0.7421875,0.4140625,0.984375,1,1
596,2,0.0546875,0.5625,0.21875,0.9140625,1,1
596,2,0.0546875,0.5625,0.21875,0.9140625,3,1
596,2,0.265625,0.35546875,0.36328125,0.56640625,1,1
596,2,0.15625,0.33203125,0.203125,0.46484375,1,1
596,2,0.046875,0.4765625,0.171875,0.76171875,1,1
596,2,0.046875,0.4765625,0.171875,0.76171875,3,1
596,2,0.03125,0.4140625,0.11328125,0.62890625,1,1
596,2,0.03125,0.4140625,0.11328125,0.62890625,3,1
596,2,0.06640625,0.296875,0.11328125,0.375,1,1
596,2,0.21484375,0.30078125,0.30859375,0.4453125,1,1
596,2,0.21484375,0.30078125,0.30859375,0.4453125,3,1
596,3,0.4609375,0.390625,0.671875,0.6484375,1,1
596,3,0.4609375,0.390625,0.671875,0.6484375,4,1
596,3,0.55859375,0.3203125,0.703125,0.5859375,1,1
596,3,0.77734375,0.32421875,0.86328125,0.46484375,1,1
596,3,0.75,0.27734375,0.8046875,0.40625,1,1
596,3,0.56640625,0.28515625,0.63671875,0.37109375,1,1
596,3,0.54296875,0.26171875,0.640625,0.34765625,1,1
596,3,0.43359375,0.27734375,0.52734375,0.40625,1,1
596,3,0.421875,0.23828125,0.46875,0.31640625,1,1
596,3,0.36328125,0.265625,0.4375,0.359375,1,1
596,3,0.21484375,0.47265625,0.328125,0.81640625,1,1
596,3,0.1953125,0.7421875,0.4140625,0.984375,1,1
596,3,0.0546875,0.5625,0.21875,0.9140625,1,1
596,3,0.0546875,0.5625,0.21875,0.9140625,3,1
596,3,0.265625,0.35546875,0.36328125,0.56640625,1,1
596,3,0.1484375,0.33203125,0.1953125,0.46484375,1,1
596,3,0.046875,0.4765625,0.171875,0.76171875,1,1
596,3,0.046875,0.4765625,0.171875,0.76171875,3,1
596,3,0.03125,0.4140625,0.11328125,0.62890625,1,1
596,3,0.03125,0.4140625,0.11328125,0.62890625,3,1
596,3,0.06640625,0.296875,0.11328125,0.375,1,1
596,3,0.21484375,0.30078125,0.30859375,0.4453125,1,1
596,3,0.21484375,0.30078125,0.30859375,0.4453125,3,1
596,4,0.4609375,0.390625,0.671875,0.6484375,1,1
596,4,0.4609375,0.390625,0.671875,0.6484375,4,1
596,4,0.55859375,0.3203125,0.703125,0.5859375,1,1
596,4,0.77734375,0.32421875,0.86328125,0.46484375,1,1
596,4,0.75,0.27734375,0.8046875,0.40625,1,1
596,4,0.56640625,0.28515625,0.63671875,0.37109375,1,1
596,4,0.54296875,0.26171875,0.640625,0.34765625,1,1
596,4,0.43359375,0.27734375,0.52734375,0.40625,1,1
596,4,0.421875,0.23828125,0.46875,0.31640625,1,1
596,4,0.36328125,0.265625,0.4375,0.359375,1,1
596,4,0.21484375,0.47265625,0.328125,0.81640625,1,1
596,4,0.1953125,0.7421875,0.4140625,0.984375,1,1
596,4,0.0546875,0.5625,0.21875,0.9140625,1,1
596,4,0.0546875,0.5625,0.21875,0.9140625,3,1
596,4,0.265625,0.35546875,0.36328125,0.56640625,1,1
596,4,0.14453125,0.32421875,0.19140625,0.45703125,1,1
596,4,0.046875,0.4765625,0.171875,0.76171875,1,1
596,4,0.046875,0.4765625,0.171875,0.76171875,3,1
596,4,0.03125,0.4140625,0.11328125,0.62890625,1,1
596,4,0.03125,0.4140625,0.11328125,0.62890625,3,1
596,4,0.06640625,0.296875,0.11328125,0.375,1,1
596,4,0.21484375,0.30078125,0.30859375,0.4453125,1,1
596,4,0.21484375,0.30078125,0.30859375,0.4453125,3,1
596,5,0.4609375,0.390625,0.671875,0.6484375,1,1
596,5,0.4609375,0.390625,0.671875,0.6484375,4,1
596,5,0.55859375,0.3203125,0.703125,0.5859375,1,1
596,5,0.77734375,0.32421875,0.86328125,0.46484375,1,1
596,5,0.75,0.27734375,0.8046875,0.40625,1,1
596,5,0.56640625,0.28515625,0.63671875,0.37109375,1,1
596,5,0.54296875,0.26171875,0.640625,0.34765625,1,1
596,5,0.43359375,0.27734375,0.52734375,0.40625,1,1
596,5,0.421875,0.23828125,0.46875,0.31640625,1,1
596,5,0.36328125,0.265625,0.4375,0.359375,1,1
596,5,0.21484375,0.47265625,0.328125,0.81640625,1,1
596,5,0.1953125,0.7421875,0.4140625,0.984375,1,1
596,5,0.0546875,0.5625,0.21875,0.9140625,1,1
596,5,0.0546875,0.5625,0.21875,0.9140625,3,1
596,5,0.265625,0.35546875,0.36328125,0.56640625,1,1
596,5,0.12890625,0.31640625,0.17578125,0.44921875,1,1
596,5,0.046875,0.4765625,0.171875,0.76171875,1,1
596,5,0.046875,0.4765625,0.171875,0.76171875,3,1
596,5,0.03125,0.4140625,0.11328125,0.62890625,1,1
596,5,0.03125,0.4140625,0.11328125,0.62890625,3,1
596,5,0.06640625,0.296875,0.11328125,0.375,1,1
596,5,0.21484375,0.30078125,0.30859375,0.4453125,1,1
596,5,0.21484375,0.30078125,0.30859375,0.4453125,3,1
596,6,0.4609375,0.390625,0.671875,0.6484375,1,1
596,6,0.4609375,0.390625,0.671875,0.6484375,4,1
596,6,0.55859375,0.3203125,0.703125,0.5859375,1,1
596,6,0.77734375,0.32421875,0.86328125,0.46484375,1,1
596,6,0.75,0.27734375,0.8046875,0.40625,1,1
596,6,0.56640625,0.28515625,0.63671875,0.37109375,1,1
596,6,0.54296875,0.26171875,0.640625,0.34765625,1,1
596,6,0.43359375,0.27734375,0.52734375,0.40625,1,1
596,6,0.421875,0.23828125,0.46875,0.31640625,1,1
596,6,0.36328125,0.265625,0.4375,0.359375,1,1
596,6,0.21484375,0.47265625,0.328125,0.81640625,1,1
596,6,0.1953125,0.7421875,0.4140625,0.984375,1,1
596,6,0.0546875,0.5625,0.21875,0.9140625,1,1
596,6,0.0546875,0.5625,0.21875,0.9140625,3,1
596,6,0.265625,0.35546875,0.36328125,0.56640625,1,1
596,6,0.12109375,0.3203125,0.16796875,0.453125,1,1
596,6,0.046875,0.4765625,0.171875,0.76171875,1,1
596,6,0.046875,0.4765625,0.171875,0.76171875,3,1
596,6,0.03125,0.4140625,0.11328125,0.62890625,1,1
596,6,0.03125,0.4140625,0.11328125,0.62890625,3,1
596,6,0.06640625,0.296875,0.11328125,0.375,1,1
596,6,0.21484375,0.30078125,0.30859375,0.4453125,1,1
596,6,0.21484375,0.30078125,0.30859375,0.4453125,3,1
596,7,0.4609375,0.390625,0.671875,0.6484375,1,1
596,7,0.4609375,0.390625,0.671875,0.6484375,4,1
596,7,0.55859375,0.3203125,0.703125,0.5859375,1,1
596,7,0.77734375,0.32421875,0.86328125,0.46484375,1,1
596,7,0.75,0.27734375,0.8046875,0.40625,1,1
596,7,0.56640625,0.28515625,0.63671875,0.37109375,1,1
596,7,0.54296875,0.26171875,0.640625,0.34765625,1,1
596,7,0.43359375,0.27734375,0.52734375,0.40625,1,1
596,7,0.421875,0.23828125,0.46875,0.31640625,1,1
596,7,0.36328125,0.265625,0.4375,0.359375,1,1
596,7,0.21484375,0.47265625,0.328125,0.81640625,1,1
596,7,0.1953125,0.7421875,0.4140625,0.984375,1,1
596,7,0.0546875,0.5625,0.21875,0.9140625,1,1
596,7,0.0546875,0.5625,0.21875,0.9140625,3,1
596,7,0.265625,0.35546875,0.36328125,0.56640625,1,1
596,7,0.125,0.3203125,0.15234375,0.43359375,1,1
596,7,0.046875,0.4765625,0.171875,0.76171875,1,1
596,7,0.046875,0.4765625,0.171875,0.76171875,3,1
596,7,0.03125,0.4140625,0.11328125,0.62890625,1,1
596,7,0.03125,0.4140625,0.11328125,0.62890625,3,1
596,7,0.06640625,0.296875,0.11328125,0.375,1,1
596,7,0.21484375,0.30078125,0.30859375,0.4453125,1,1
596,7,0.21484375,0.30078125,0.30859375,0.4453125,3,1
597,2,0.0234375,0.3671875,0.08984375,0.5234375,1,1
597,2,0.0234375,0.3671875,0.08984375,0.5234375,3,1
597,2,0.66796875,0.29296875,0.72265625,0.45703125,1,1
597,2,0.69921875,0.2890625,0.7734375,0.4140625,1,1
597,3,0.015625,0.375,0.09375,0.54296875,1,1
597,3,0.015625,0.375,0.09375,0.54296875,3,1
597,3,0.66796875,0.30859375,0.7265625,0.44921875,1,1
597,3,0.6875,0.296875,0.7734375,0.41015625,1,1
597,4,0.015625,0.37890625,0.09375,0.515625,1,1
597,4,0.015625,0.37890625,0.09375,0.515625,3,1
597,2,0.4296875,0.35546875,0.52734375,0.45703125,2,1
597,3,0.42578125,0.35546875,0.52734375,0.4609375,2,1
597,4,0.421875,0.359375,0.53125,0.4609375,2,1
597,4,0.67578125,0.30078125,0.7265625,0.44921875,1,1
597,4,0.70703125,0.29296875,0.77734375,0.4140625,1,1
597,5,0.0234375,0.375,0.09375,0.51953125,1,1
597,5,0.42578125,0.3515625,0.52734375,0.4609375,2,1
597,5,0.6796875,0.29296875,0.72265625,0.44921875,1,1
597,5,0.6953125,0.2890625,0.76953125,0.4140625,1,1
597,6,0.0234375,0.375,0.09375,0.51953125,1,1
597,6,0.0234375,0.375,0.09375,0.51953125,3,1
597,6,0.42578125,0.35546875,0.52734375,0.4609375,2,1
597,6,0.68359375,0.29296875,0.73046875,0.44921875,1,1
597,6,0.703125,0.2890625,0.76953125,0.4140625,1,1
597,7,0.0234375,0.375,0.09375,0.53125,1,1
597,7,0.421875,0.36328125,0.52734375,0.4609375,2,1
597,7,0.6796875,0.2890625,0.73046875,0.44921875,1,1
597,7,0.6953125,0.28515625,0.77734375,0.4140625,1,1
598,2,0.0390625,0.37109375,0.125,0.51171875,1,1
598,2,0.0390625,0.37109375,0.125,0.51171875,3,1
598,2,0.09765625,0.27734375,0.16796875,0.41796875,1,1
598,2,0.09765625,0.27734375,0.16796875,0.41796875,3,1
598,2,0.421875,0.35546875,0.51953125,0.4453125,2,1
598,2,0.578125,0.33984375,0.65234375,0.56640625,1,1
598,2,0.5859375,0.296875,0.6328125,0.3828125,1,1
598,2,0.70703125,0.27734375,0.74609375,0.390625,1,1
598,2,0.7578125,0.2734375,0.8359375,0.37890625,1,1
598,3,0.0390625,0.37109375,0.125,0.51171875,1,1
598,3,0.0390625,0.37109375,0.125,0.51171875,3,1
598,3,0.09765625,0.27734375,0.16796875,0.41796875,1,1
598,3,0.09765625,0.27734375,0.16796875,0.41796875,3,1
598,3,0.421875,0.35546875,0.51953125,0.4453125,2,1
598,3,0.578125,0.33984375,0.65234375,0.56640625,1,1
598,3,0.5859375,0.296875,0.6328125,0.3828125,1,1
598,3,0.70703125,0.27734375,0.74609375,0.390625,1,1
598,3,0.7578125,0.2734375,0.8359375,0.37890625,1,1
598,4,0.0390625,0.37109375,0.125,0.51171875,1,1
598,4,0.0390625,0.37109375,0.125,0.51171875,3,1
598,4,0.09765625,0.27734375,0.16796875,0.41796875,1,1
598,4,0.09765625,0.27734375,0.16796875,0.41796875,3,1
598,4,0.421875,0.35546875,0.51953125,0.4453125,2,1
598,4,0.578125,0.33984375,0.65234375,0.56640625,1,1
598,4,0.5859375,0.296875,0.6328125,0.3828125,1,1
598,4,0.70703125,0.27734375,0.74609375,0.390625,1,1
598,4,0.7578125,0.2734375,0.8359375,0.37890625,1,1
598,5,0.0390625,0.37109375,0.125,0.51171875,1,1
598,5,0.0390625,0.37109375,0.125,0.51171875,3,1
598,5,0.09765625,0.27734375,0.16796875,0.41796875,1,1
598,5,0.09765625,0.27734375,0.16796875,0.41796875,3,1
598,5,0.421875,0.35546875,0.51953125,0.4453125,2,1
598,5,0.578125,0.33984375,0.65234375,0.56640625,1,1
598,5,0.5859375,0.296875,0.6328125,0.3828125,1,1
598,5,0.70703125,0.27734375,0.74609375,0.390625,1,1
598,5,0.7578125,0.2734375,0.8359375,0.37890625,1,1
598,6,0.0390625,0.37109375,0.125,0.51171875,1,1
598,6,0.0390625,0.37109375,0.125,0.51171875,3,1
598,6,0.09765625,0.27734375,0.16796875,0.41796875,1,1
598,6,0.09765625,0.27734375,0.16796875,0.41796875,3,1
598,6,0.421875,0.35546875,0.51953125,0.4453125,2,1
598,6,0.578125,0.33984375,0.65234375,0.56640625,1,1
598,6,0.5859375,0.296875,0.6328125,0.3828125,1,1
598,6,0.70703125,0.27734375,0.74609375,0.390625,1,1
598,6,0.7578125,0.2734375,0.8359375,0.37890625,1,1
598,7,0.0390625,0.37109375,0.125,0.51171875,1,1
598,7,0.0390625,0.37109375,0.125,0.51171875,3,1
598,7,0.09765625,0.27734375,0.16796875,0.41796875,1,1
598,7,0.09765625,0.27734375,0.16796875,0.41796875,3,1
598,7,0.421875,0.35546875,0.51953125,0.4453125,2,1
598,7,0.578125,0.33984375,0.65234375,0.56640625,1,1
598,7,0.5859375,0.296875,0.6328125,0.3828125,1,1
598,7,0.70703125,0.27734375,0.74609375,0.390625,1,1
598,7,0.7578125,0.2734375,0.8359375,0.37890625,1,1
599,2,0.15234375,0.3203125,0.22265625,0.40234375,2,1
599,3,0.15234375,0.3203125,0.22265625,0.3984375,2,1
599,4,0.1484375,0.3203125,0.22265625,0.40234375,2,1
599,5,0.15234375,0.3203125,0.22265625,0.40234375,2,1
599,6,0.1484375,0.3125,0.21875,0.40234375,2,1
599,7,0.15234375,0.31640625,0.2265625,0.3984375,2,1
600,2,0.078125,0.296875,0.11328125,0.37890625,1,1
600,2,0.078125,0.296875,0.11328125,0.37890625,3,1
600,2,0.265625,0.3046875,0.33984375,0.37109375,2,1
600,2,0.08203125,0.57421875,0.23046875,0.98046875,1,1
600,2,0.08203125,0.57421875,0.23046875,0.98046875,3,1
600,3,0.078125,0.296875,0.11328125,0.37890625,1,1
600,3,0.078125,0.296875,0.11328125,0.37890625,3,1
600,3,0.265625,0.3046875,0.33984375,0.37109375,2,1
600,3,0.08203125,0.57421875,0.23046875,0.98046875,1,1
600,3,0.08203125,0.57421875,0.23046875,0.98046875,3,1
600,4,0.078125,0.296875,0.11328125,0.37890625,1,1
600,4,0.078125,0.296875,0.11328125,0.37890625,3,1
600,4,0.265625,0.3046875,0.33984375,0.37109375,2,1
600,4,0.08203125,0.57421875,0.23046875,0.98046875,1,1
600,4,0.08203125,0.57421875,0.23046875,0.98046875,3,1
600,5,0.078125,0.296875,0.11328125,0.37890625,1,1
600,5,0.078125,0.296875,0.11328125,0.37890625,3,1
600,5,0.265625,0.3046875,0.33984375,0.37109375,2,1
600,5,0.08203125,0.57421875,0.23046875,0.98046875,1,1
600,5,0.08203125,0.57421875,0.23046875,0.98046875,3,1
600,6,0.078125,0.296875,0.11328125,0.37890625,1,1
600,6,0.078125,0.296875,0.11328125,0.37890625,3,1
600,6,0.265625,0.3046875,0.33984375,0.37109375,2,1
600,6,0.08203125,0.57421875,0.23046875,0.98046875,1,1
600,6,0.08203125,0.57421875,0.23046875,0.98046875,3,1
600,7,0.078125,0.296875,0.11328125,0.37890625,1,1
600,7,0.078125,0.296875,0.11328125,0.37890625,3,1
600,7,0.265625,0.3046875,0.33984375,0.37109375,2,1
600,7,0.08203125,0.57421875,0.23046875,0.98046875,1,1
600,7,0.08203125,0.57421875,0.23046875,0.98046875,3,1
601,2,0.015625,0.32421875,0.0546875,0.3984375,1,1
601,2,0.13671875,0.30859375,0.20703125,0.37890625,2,1
601,2,0.26171875,0.3046875,0.33984375,0.3671875,2,1
601,2,0.66015625,0.25390625,0.73046875,0.35546875,1,1
601,3,0.015625,0.32421875,0.0546875,0.3984375,1,1
601,3,0.13671875,0.30859375,0.20703125,0.37890625,2,1
601,3,0.26171875,0.3046875,0.33984375,0.3671875,2,1
601,3,0.66015625,0.25390625,0.73046875,0.35546875,1,1
601,4,0.015625,0.32421875,0.0546875,0.3984375,1,1
601,4,0.13671875,0.30859375,0.20703125,0.37890625,2,1
601,4,0.26171875,0.3046875,0.33984375,0.3671875,2,1
601,4,0.66015625,0.25390625,0.73046875,0.35546875,1,1
601,5,0.015625,0.32421875,0.0546875,0.3984375,1,1
601,5,0.13671875,0.30859375,0.20703125,0.37890625,2,1
601,5,0.26171875,0.3046875,0.33984375,0.3671875,2,1
601,5,0.66015625,0.25390625,0.73046875,0.35546875,1,1
601,6,0.015625,0.32421875,0.0546875,0.3984375,1,1
601,6,0.13671875,0.30859375,0.20703125,0.37890625,2,1
601,6,0.26171875,0.3046875,0.33984375,0.3671875,2,1
601,6,0.66015625,0.25390625,0.71875,0.35546875,1,1
601,7,0.015625,0.32421875,0.0546875,0.3984375,1,1
601,7,0.13671875,0.30859375,0.20703125,0.37890625,2,1
601,7,0.26171875,0.3046875,0.33984375,0.3671875,2,1
602,2,0.45703125,0.37890625,0.5703125,0.703125,1,1
602,2,0.45703125,0.37890625,0.5703125,0.703125,4,1
602,2,0.53125,0.27734375,0.59375,0.3984375,1,1
602,2,0.13671875,0.3203125,0.19140625,0.3828125,2,1
602,2,0.0859375,0.30078125,0.109375,0.37109375,1,1
602,2,0.01953125,0.35546875,0.08203125,0.51953125,1,1
602,3,0.45703125,0.37890625,0.5703125,0.703125,1,1
602,3,0.45703125,0.37890625,0.5703125,0.703125,4,1
602,3,0.51171875,0.27734375,0.59375,0.3984375,1,1
602,3,0.13671875,0.3203125,0.19140625,0.3828125,2,1
602,3,0.0859375,0.30078125,0.109375,0.37109375,1,1
602,3,0.01171875,0.3515625,0.078125,0.52734375,1,1
602,4,0.45703125,0.37890625,0.5703125,0.703125,1,1
602,4,0.45703125,0.37890625,0.5703125,0.703125,4,1
602,4,0.50390625,0.27734375,0.59375,0.3984375,1,1
602,4,0.13671875,0.3203125,0.19140625,0.3828125,2,1
602,4,0.0859375,0.30078125,0.109375,0.37109375,1,1
602,4,0.0234375,0.3515625,0.08203125,0.515625,1,1
602,5,0.45703125,0.37890625,0.5703125,0.703125,1,1
602,5,0.45703125,0.37890625,0.5703125,0.703125,4,1
602,5,0.50390625,0.27734375,0.59375,0.3984375,1,1
602,5,0.13671875,0.3203125,0.19140625,0.3828125,2,1
602,5,0.0859375,0.30078125,0.109375,0.37109375,1,1
602,5,0.01953125,0.3671875,0.078125,0.5078125,1,1
602,6,0.45703125,0.37890625,0.5703125,0.703125,1,1
602,6,0.45703125,0.37890625,0.5703125,0.703125,4,1
602,6,0.5,0.27734375,0.59375,0.3984375,1,1
602,6,0.13671875,0.3203125,0.19140625,0.3828125,2,1
602,6,0.0859375,0.30078125,0.109375,0.37109375,1,1
602,6,0.01953125,0.3515625,0.078125,0.4609375,1,1
602,7,0.45703125,0.37890625,0.5703125,0.703125,1,1
602,7,0.45703125,0.37890625,0.5703125,0.703125,4,1
602,7,0.5,0.27734375,0.58984375,0.3984375,1,1
602,7,0.13671875,0.3203125,0.19140625,0.3828125,2,1
602,7,0.0859375,0.30078125,0.109375,0.37109375,1,1
602,7,0.01953125,0.3515625,0.078125,0.4609375,1,1
603,2,0.078125,0.61328125,0.28125,0.98828125,1,1
603,2,0.078125,0.61328125,0.28125,0.98828125,3,1
603,2,0.02734375,0.421875,0.12109375,0.65234375,1,1
603,2,0.02734375,0.421875,0.12109375,0.65234375,3,1
603,2,0.171875,0.47265625,0.34765625,0.76171875,1,1
603,2,0.359375,0.45703125,0.46484375,0.76953125,1,1
603,2,0.27734375,0.37890625,0.44140625,0.58203125,1,1
603,2,0.10546875,0.28125,0.18359375,0.4375,1,1
603,2,0.1875,0.328125,0.234375,0.4140625,2,1
603,2,0.21484375,0.23828125,0.26171875,0.28515625,1,1
603,2,0.24609375,0.30859375,0.328125,0.3671875,2,1
603,2,0.078125,0.28515625,0.1171875,0.37890625,1,1
603,2,0.01953125,0.31640625,0.0625,0.390625,1,1
603,2,0.68359375,0.2578125,0.734375,0.3984375,1,1
603,3,0.078125,0.61328125,0.28125,0.98828125,1,1
603,3,0.078125,0.61328125,0.28125,0.98828125,3,1
603,3,0.02734375,0.421875,0.12109375,0.65234375,1,1
603,3,0.02734375,0.421875,0.12109375,0.65234375,3,1
603,3,0.171875,0.47265625,0.3515625,0.8046875,1,1
603,3,0.359375,0.45703125,0.46484375,0.76953125,1,1
603,3,0.27734375,0.37890625,0.44140625,0.58203125,1,1
603,3,0.10546875,0.28125,0.18359375,0.4375,1,1
603,3,0.1875,0.328125,0.234375,0.4140625,2,1
603,3,0.21484375,0.23828125,0.26171875,0.28515625,1,1
603,3,0.24609375,0.30859375,0.328125,0.3671875,2,1
603,3,0.078125,0.28515625,0.1171875,0.37890625,1,1
603,3,0.01953125,0.31640625,0.0625,0.390625,1,1
603,3,0.68359375,0.2578125,0.734375,0.3984375,1,1
603,4,0.078125,0.61328125,0.28125,0.98828125,1,1
603,4,0.078125,0.61328125,0.28125,0.98828125,3,1
603,4,0.02734375,0.421875,0.12109375,0.65234375,1,1
603,4,0.02734375,0.421875,0.12109375,0.65234375,3,1
603,4,0.2109375,0.4921875,0.390625,0.8515625,1,1
603,4,0.359375,0.45703125,0.46484375,0.76953125,1,1
603,4,0.27734375,0.37890625,0.44140625,0.58203125,1,1
603,4,0.10546875,0.28125,0.18359375,0.4375,1,1
603,4,0.1875,0.328125,0.234375,0.4140625,2,1
603,4,0.21484375,0.23828125,0.26171875,0.28515625,1,1
603,4,0.24609375,0.30859375,0.328125,0.3671875,2,1
603,4,0.078125,0.28515625,0.1171875,0.37890625,1,1
603,4,0.01953125,0.31640625,0.0625,0.390625,1,1
603,4,0.68359375,0.2578125,0.734375,0.3984375,1,1
603,5,0.078125,0.61328125,0.28125,0.98828125,1,1
603,5,0.078125,0.61328125,0.28125,0.98828125,3,1
603,5,0.02734375,0.421875,0.12109375,0.65234375,1,1
603,5,0.02734375,0.421875,0.12109375,0.65234375,3,1
603,5,0.24609375,0.5078125,0.37890625,0.921875,1,1
603,5,0.359375,0.45703125,0.46484375,0.76953125,1,1
603,5,0.27734375,0.37890625,0.44140625,0.58203125,1,1
603,5,0.10546875,0.28125,0.18359375,0.4375,1,1
603,5,0.1875,0.328125,0.234375,0.4140625,2,1
603,5,0.21484375,0.23828125,0.26171875,0.28515625,1,1
603,5,0.24609375,0.30859375,0.328125,0.3671875,2,1
603,5,0.078125,0.28515625,0.1171875,0.37890625,1,1
603,5,0.01953125,0.31640625,0.0625,0.390625,1,1
603,5,0.68359375,0.2578125,0.734375,0.3984375,1,1
603,6,0.078125,0.61328125,0.28125,0.98828125,1,1
603,6,0.078125,0.61328125,0.28125,0.98828125,3,1
603,6,0.02734375,0.421875,0.12109375,0.65234375,1,1
603,6,0.02734375,0.421875,0.12109375,0.65234375,3,1
603,6,0.26171875,0.52734375,0.39453125,0.9921875,1,1
603,6,0.359375,0.45703125,0.46484375,0.76953125,1,1
603,6,0.27734375,0.37890625,0.44140625,0.58203125,1,1
603,6,0.10546875,0.28125,0.18359375,0.4375,1,1
603,6,0.1875,0.328125,0.234375,0.4140625,2,1
603,6,0.21484375,0.23828125,0.26171875,0.28515625,1,1
603,6,0.24609375,0.30859375,0.328125,0.3671875,2,1
603,6,0.078125,0.28515625,0.1171875,0.37890625,1,1
603,6,0.01953125,0.31640625,0.0625,0.390625,1,1
603,6,0.68359375,0.2578125,0.734375,0.3984375,1,1
603,7,0.078125,0.61328125,0.28125,0.98828125,1,1
603,7,0.078125,0.61328125,0.28125,0.98828125,3,1
603,7,0.02734375,0.421875,0.12109375,0.65234375,1,1
603,7,0.02734375,0.421875,0.12109375,0.65234375,3,1
603,7,0.26953125,0.55859375,0.375,1.00390625,1,1
603,7,0.359375,0.45703125,0.46484375,0.76953125,1,1
603,7,0.27734375,0.37890625,0.44140625,0.58203125,1,1
603,7,0.10546875,0.28125,0.18359375,0.4375,1,1
603,7,0.1875,0.328125,0.234375,0.4140625,2,1
603,7,0.21484375,0.23828125,0.26171875,0.28515625,1,1
603,7,0.24609375,0.30859375,0.328125,0.3671875,2,1
603,7,0.078125,0.28515625,0.1171875,0.37890625,1,1
603,7,0.01953125,0.31640625,0.0625,0.390625,1,1
603,7,0.68359375,0.2578125,0.734375,0.3984375,1,1
604,2,0.171875,0.33984375,0.234375,0.41796875,2,1
604,2,0.171875,0.33984375,0.234375,0.41796875,5,1
604,2,0.1640625,0.3125,0.20703125,0.39453125,2,1
604,2,0.1640625,0.3125,0.20703125,0.39453125,5,1
604,2,0.140625,0.3203125,0.1875,0.38671875,2,1
604,2,0.140625,0.3203125,0.1875,0.38671875,5,1
604,2,0.12109375,0.30859375,0.16796875,0.359375,2,1
604,2,0.12109375,0.30859375,0.16796875,0.359375,5,1
604,2,0.2890625,0.31640625,0.3828125,0.3828125,2,1
604,2,0.2890625,0.31640625,0.3828125,0.3828125,5,1
604,3,0.171875,0.33984375,0.234375,0.41796875,2,1
604,3,0.171875,0.33984375,0.234375,0.41796875,5,1
604,3,0.1640625,0.3125,0.20703125,0.39453125,2,1
604,3,0.1640625,0.3125,0.20703125,0.39453125,5,1
604,3,0.140625,0.3203125,0.1875,0.38671875,2,1
604,3,0.140625,0.3203125,0.1875,0.38671875,5,1
604,3,0.12109375,0.30859375,0.16796875,0.359375,2,1
604,3,0.12109375,0.30859375,0.16796875,0.359375,5,1
604,3,0.2890625,0.31640625,0.3828125,0.3828125,2,1
604,3,0.2890625,0.31640625,0.3828125,0.3828125,5,1
604,4,0.171875,0.33984375,0.234375,0.41796875,2,1
604,4,0.171875,0.33984375,0.234375,0.41796875,5,1
604,4,0.1640625,0.3125,0.20703125,0.39453125,2,1
604,4,0.1640625,0.3125,0.20703125,0.39453125,5,1
604,4,0.140625,0.3203125,0.1875,0.38671875,2,1
604,4,0.140625,0.3203125,0.1875,0.38671875,5,1
604,4,0.12109375,0.30859375,0.16796875,0.359375,2,1
604,4,0.12109375,0.30859375,0.16796875,0.359375,5,1
604,4,0.2890625,0.31640625,0.3828125,0.3828125,2,1
604,4,0.2890625,0.31640625,0.3828125,0.3828125,5,1
604,5,0.171875,0.33984375,0.234375,0.41796875,2,1
604,5,0.171875,0.33984375,0.234375,0.41796875,5,1
604,5,0.1640625,0.3125,0.20703125,0.39453125,2,1
604,5,0.1640625,0.3125,0.20703125,0.39453125,5,1
604,5,0.140625,0.3203125,0.1875,0.38671875,2,1
604,5,0.140625,0.3203125,0.1875,0.38671875,5,1
604,5,0.12109375,0.30859375,0.16796875,0.359375,2,1
604,5,0.12109375,0.30859375,0.16796875,0.359375,5,1
604,5,0.2890625,0.31640625,0.3828125,0.3828125,2,1
604,5,0.2890625,0.31640625,0.3828125,0.3828125,5,1
604,6,0.171875,0.33984375,0.234375,0.41796875,2,1
604,6,0.171875,0.33984375,0.234375,0.41796875,5,1
604,6,0.1640625,0.3125,0.20703125,0.39453125,2,1
604,6,0.1640625,0.3125,0.20703125,0.39453125,5,1
604,6,0.140625,0.3203125,0.1875,0.38671875,2,1
604,6,0.140625,0.3203125,0.1875,0.38671875,5,1
604,6,0.12109375,0.30859375,0.16796875,0.359375,2,1
604,6,0.12109375,0.30859375,0.16796875,0.359375,5,1
604,6,0.2890625,0.31640625,0.3828125,0.3828125,2,1
604,6,0.2890625,0.31640625,0.3828125,0.3828125,5,1
604,7,0.171875,0.33984375,0.234375,0.41796875,2,1
604,7,0.171875,0.33984375,0.234375,0.41796875,5,1
604,7,0.1640625,0.3125,0.20703125,0.39453125,2,1
604,7,0.1640625,0.3125,0.20703125,0.39453125,5,1
604,7,0.140625,0.3203125,0.1875,0.38671875,2,1
604,7,0.140625,0.3203125,0.1875,0.38671875,5,1
604,7,0.12109375,0.30859375,0.16796875,0.359375,2,1
604,7,0.12109375,0.30859375,0.16796875,0.359375,5,1
604,7,0.2890625,0.31640625,0.3828125,0.3828125,2,1
604,7,0.2890625,0.31640625,0.3828125,0.3828125,5,1
605,2,0.171875,0.33984375,0.234375,0.41796875,2,1
605,2,0.171875,0.33984375,0.234375,0.41796875,5,1
605,2,0.1640625,0.3125,0.20703125,0.39453125,2,1
605,2,0.1640625,0.3125,0.20703125,0.39453125,5,1
605,2,0.140625,0.3203125,0.1875,0.38671875,2,1
605,2,0.140625,0.3203125,0.1875,0.38671875,5,1
605,2,0.12109375,0.30859375,0.16796875,0.359375,2,1
605,2,0.12109375,0.30859375,0.16796875,0.359375,5,1
605,3,0.171875,0.33984375,0.234375,0.41796875,2,1
605,3,0.171875,0.33984375,0.234375,0.41796875,5,1
605,3,0.1640625,0.3125,0.20703125,0.39453125,2,1
605,3,0.1640625,0.3125,0.20703125,0.39453125,5,1
605,3,0.140625,0.3203125,0.1875,0.38671875,2,1
605,3,0.140625,0.3203125,0.1875,0.38671875,5,1
605,3,0.12109375,0.30859375,0.16796875,0.359375,2,1
605,3,0.12109375,0.30859375,0.16796875,0.359375,5,1
605,4,0.171875,0.33984375,0.234375,0.41796875,2,1
605,4,0.171875,0.33984375,0.234375,0.41796875,5,1
605,4,0.1640625,0.3125,0.20703125,0.39453125,2,1
605,4,0.1640625,0.3125,0.20703125,0.39453125,5,1
605,4,0.140625,0.3203125,0.1875,0.38671875,2,1
605,4,0.140625,0.3203125,0.1875,0.38671875,5,1
605,4,0.12109375,0.30859375,0.16796875,0.359375,2,1
605,4,0.12109375,0.30859375,0.16796875,0.359375,5,1
605,7,0.171875,0.33984375,0.234375,0.41796875,2,1
605,7,0.171875,0.33984375,0.234375,0.41796875,5,1
605,7,0.1640625,0.3125,0.20703125,0.39453125,2,1
605,7,0.1640625,0.3125,0.20703125,0.39453125,5,1
605,7,0.140625,0.3203125,0.1875,0.38671875,2,1
605,7,0.140625,0.3203125,0.1875,0.38671875,5,1
605,7,0.12109375,0.30859375,0.16796875,0.359375,2,1
605,7,0.12109375,0.30859375,0.16796875,0.359375,5,1
606,2,0.1796875,0.328125,0.23046875,0.41796875,2,1
606,2,0.1796875,0.328125,0.23046875,0.41796875,5,1
606,2,0.140625,0.3125,0.1953125,0.37890625,2,1
606,2,0.140625,0.3125,0.1953125,0.37890625,5,1
606,2,0.12109375,0.30859375,0.17578125,0.37109375,2,1
606,2,0.12109375,0.30859375,0.17578125,0.37109375,5,1
606,3,0.1796875,0.328125,0.23046875,0.41796875,2,1
606,3,0.1796875,0.328125,0.23046875,0.41796875,5,1
606,3,0.140625,0.3125,0.1953125,0.37890625,2,1
606,3,0.140625,0.3125,0.1953125,0.37890625,5,1
606,3,0.12109375,0.30859375,0.17578125,0.37109375,2,1
606,3,0.12109375,0.30859375,0.17578125,0.37109375,5,1
606,4,0.1796875,0.328125,0.23046875,0.41796875,2,1
606,4,0.1796875,0.328125,0.23046875,0.41796875,5,1
606,4,0.140625,0.3125,0.1953125,0.37890625,2,1
606,4,0.140625,0.3125,0.1953125,0.37890625,5,1
606,4,0.12109375,0.30859375,0.17578125,0.37109375,2,1
606,4,0.12109375,0.30859375,0.17578125,0.37109375,5,1
606,5,0.1796875,0.328125,0.23046875,0.41796875,2,1
606,5,0.1796875,0.328125,0.23046875,0.41796875,5,1
606,5,0.140625,0.3125,0.1953125,0.37890625,2,1
606,5,0.140625,0.3125,0.1953125,0.37890625,5,1
606,5,0.12109375,0.30859375,0.17578125,0.37109375,2,1
606,5,0.12109375,0.30859375,0.17578125,0.37109375,5,1
606,6,0.1796875,0.328125,0.23046875,0.41796875,2,1
606,6,0.1796875,0.328125,0.23046875,0.41796875,5,1
606,6,0.140625,0.3125,0.1953125,0.37890625,2,1
606,6,0.140625,0.3125,0.1953125,0.37890625,5,1
606,6,0.12109375,0.30859375,0.17578125,0.37109375,2,1
606,6,0.12109375,0.30859375,0.17578125,0.37109375,5,1
606,7,0.1796875,0.328125,0.23046875,0.41796875,2,1
606,7,0.1796875,0.328125,0.23046875,0.41796875,5,1
606,7,0.140625,0.3125,0.1953125,0.37890625,2,1
606,7,0.140625,0.3125,0.1953125,0.37890625,5,1
606,7,0.12109375,0.30859375,0.17578125,0.37109375,2,1
606,7,0.12109375,0.30859375,0.17578125,0.37109375,5,1
607,2,0.109375,0.296875,0.1640625,0.35546875,2,1
607,2,0.109375,0.296875,0.1640625,0.35546875,5,1
607,2,0.13671875,0.30859375,0.1953125,0.3828125,2,1
607,2,0.13671875,0.30859375,0.1953125,0.3828125,5,1
607,2,0.171875,0.32421875,0.25390625,0.41015625,2,1
607,2,0.171875,0.32421875,0.25390625,0.41015625,5,1
607,3,0.109375,0.296875,0.1640625,0.35546875,2,1
607,3,0.109375,0.296875,0.1640625,0.35546875,5,1
607,3,0.13671875,0.30859375,0.1953125,0.3828125,2,1
607,3,0.13671875,0.30859375,0.1953125,0.3828125,5,1
607,3,0.171875,0.32421875,0.25390625,0.41015625,2,1
607,3,0.171875,0.32421875,0.25390625,0.41015625,5,1
607,4,0.109375,0.296875,0.1640625,0.35546875,2,1
607,4,0.109375,0.296875,0.1640625,0.35546875,5,1
607,4,0.13671875,0.30859375,0.1953125,0.3828125,2,1
607,4,0.13671875,0.30859375,0.1953125,0.3828125,5,1
607,4,0.171875,0.32421875,0.25390625,0.41015625,2,1
607,4,0.171875,0.32421875,0.25390625,0.41015625,5,1
607,5,0.109375,0.296875,0.1640625,0.35546875,2,1
607,5,0.109375,0.296875,0.1640625,0.35546875,5,1
607,5,0.13671875,0.30859375,0.1953125,0.3828125,2,1
607,5,0.13671875,0.30859375,0.1953125,0.3828125,5,1
607,5,0.171875,0.32421875,0.25390625,0.41015625,2,1
607,5,0.171875,0.32421875,0.25390625,0.41015625,5,1
607,6,0.109375,0.296875,0.1640625,0.35546875,2,1
607,6,0.109375,0.296875,0.1640625,0.35546875,5,1
607,6,0.13671875,0.30859375,0.1953125,0.3828125,2,1
607,6,0.13671875,0.30859375,0.1953125,0.3828125,5,1
607,6,0.171875,0.32421875,0.25390625,0.41015625,2,1
607,6,0.171875,0.32421875,0.25390625,0.41015625,5,1
607,7,0.109375,0.296875,0.1640625,0.35546875,2,1
607,7,0.109375,0.296875,0.1640625,0.35546875,5,1
607,7,0.13671875,0.30859375,0.1953125,0.3828125,2,1
607,7,0.13671875,0.30859375,0.1953125,0.3828125,5,1
607,7,0.171875,0.32421875,0.25390625,0.41015625,2,1
607,7,0.171875,0.32421875,0.25390625,0.41015625,5,1
608,2,0.109375,0.30078125,0.1640625,0.359375,2,1
608,2,0.109375,0.30078125,0.1640625,0.359375,5,1
608,2,0.6796875,0.26953125,0.7578125,0.375,1,1
608,2,0.80078125,0.27734375,0.87109375,0.34765625,2,1
608,2,0.80078125,0.27734375,0.87109375,0.34765625,5,1
608,3,0.109375,0.30078125,0.1640625,0.359375,2,1
608,3,0.109375,0.30078125,0.1640625,0.359375,5,1
608,3,0.6796875,0.26953125,0.7578125,0.375,1,1
608,3,0.80078125,0.27734375,0.87109375,0.34765625,2,1
608,3,0.80078125,0.27734375,0.87109375,0.34765625,5,1
608,4,0.109375,0.30078125,0.1640625,0.359375,2,1
608,4,0.109375,0.30078125,0.1640625,0.359375,5,1
608,4,0.6796875,0.26953125,0.7578125,0.375,1,1
608,4,0.80078125,0.27734375,0.87109375,0.34765625,2,1
608,4,0.80078125,0.27734375,0.87109375,0.34765625,5,1
608,5,0.109375,0.30078125,0.1640625,0.359375,2,1
608,5,0.109375,0.30078125,0.1640625,0.359375,5,1
608,5,0.6796875,0.26953125,0.7578125,0.375,1,1
608,5,0.80078125,0.27734375,0.87109375,0.34765625,2,1
608,5,0.80078125,0.27734375,0.87109375,0.34765625,5,1
608,6,0.109375,0.30078125,0.1640625,0.359375,2,1
608,6,0.109375,0.30078125,0.1640625,0.359375,5,1
608,6,0.6796875,0.26953125,0.7578125,0.375,1,1
608,6,0.80078125,0.27734375,0.87109375,0.34765625,2,1
608,6,0.80078125,0.27734375,0.87109375,0.34765625,5,1
608,7,0.109375,0.30078125,0.1640625,0.359375,2,1
608,7,0.109375,0.30078125,0.1640625,0.359375,5,1
608,7,0.6796875,0.26953125,0.7578125,0.375,1,1
608,7,0.80078125,0.27734375,0.87109375,0.34765625,2,1
608,7,0.80078125,0.27734375,0.87109375,0.34765625,5,1
609,2,0.70703125,0.26171875,0.75,0.3125,2,1
609,2,0.70703125,0.26171875,0.75,0.3125,5,1
614,2,0.41796875,0.28515625,0.5390625,0.4375,1,1
614,2,0.41796875,0.28515625,0.5390625,0.4375,3,1
614,2,0.38671875,0.25390625,0.453125,0.35546875,1,1
614,2,0.0546875,0.55859375,0.25390625,0.92578125,1,1
614,2,0.17578125,0.38671875,0.30078125,0.5625,1,1
614,2,0.28515625,0.2421875,0.32421875,0.3125,1,1
614,2,0.1953125,0.31640625,0.26171875,0.41015625,2,1
614,2,0.203125,0.24609375,0.25390625,0.3203125,1,1
614,2,0.16015625,0.33203125,0.1953125,0.484375,1,1
614,2,0.10546875,0.50390625,0.26171875,0.77734375,1,1
614,3,0.41796875,0.28515625,0.5390625,0.4375,1,1
614,3,0.41796875,0.28515625,0.5390625,0.4375,3,1
614,3,0.41015625,0.25390625,0.4765625,0.35546875,1,1
614,3,0.0546875,0.55859375,0.25390625,0.92578125,1,1
614,3,0.17578125,0.38671875,0.30078125,0.5625,1,1
614,3,0.28515625,0.2421875,0.32421875,0.3125,1,1
614,3,0.1953125,0.31640625,0.26171875,0.41015625,2,1
614,3,0.203125,0.24609375,0.25390625,0.3203125,1,1
614,3,0.16015625,0.33203125,0.1953125,0.484375,1,1
614,3,0.10546875,0.50390625,0.26171875,0.77734375,1,1
614,4,0.41796875,0.28515625,0.5390625,0.4375,1,1
614,4,0.41796875,0.28515625,0.5390625,0.4375,3,1
614,4,0.0625,0.54296875,0.25,0.8671875,1,1
614,4,0.17578125,0.38671875,0.30078125,0.5625,1,1
614,4,0.3046875,0.2421875,0.34375,0.3125,1,1
614,4,0.1953125,0.31640625,0.26171875,0.41015625,2,1
614,4,0.203125,0.24609375,0.25390625,0.3203125,1,1
614,4,0.16015625,0.33203125,0.1953125,0.484375,1,1
614,4,0.10546875,0.50390625,0.26171875,0.77734375,1,1
614,5,0.41796875,0.28515625,0.5390625,0.4375,1,1
614,5,0.41796875,0.28515625,0.5390625,0.4375,3,1
614,5,0.5078125,0.28125,0.609375,0.3828125,1,1
614,5,0.05078125,0.52734375,0.19921875,0.83984375,1,1
614,5,0.17578125,0.38671875,0.30078125,0.5625,1,1
614,5,0.30859375,0.24609375,0.3671875,0.31640625,1,1
614,5,0.1953125,0.31640625,0.26171875,0.41015625,2,1
614,5,0.203125,0.24609375,0.25390625,0.3203125,1,1
614,5,0.16015625,0.33203125,0.1953125,0.484375,1,1
614,5,0.10546875,0.50390625,0.26171875,0.77734375,1,1
614,6,0.41796875,0.28515625,0.5390625,0.4375,1,1
614,6,0.41796875,0.28515625,0.5390625,0.4375,3,1
614,6,0.5546875,0.28125,0.66796875,0.41796875,1,1
614,6,0.046875,0.53515625,0.19140625,0.84375,1,1
614,6,0.17578125,0.38671875,0.30078125,0.5625,1,1
614,6,0.33203125,0.25390625,0.3984375,0.32421875,1,1
614,6,0.1953125,0.31640625,0.26171875,0.41015625,2,1
614,6,0.203125,0.24609375,0.25390625,0.3203125,1,1
614,6,0.16015625,0.33203125,0.1953125,0.484375,1,1
614,6,0.09375,0.46875,0.21484375,0.7109375,1,1
614,7,0.41796875,0.28515625,0.5390625,0.4375,1,1
614,7,0.41796875,0.28515625,0.5390625,0.4375,3,1
614,7,0.359375,0.24609375,0.42578125,0.34765625,1,1
614,7,0.05859375,0.5234375,0.1953125,0.8515625,1,1
614,7,0.17578125,0.38671875,0.30078125,0.5625,1,1
614,7,0.26171875,0.2421875,0.30078125,0.3125,1,1
614,7,0.1953125,0.31640625,0.26171875,0.41015625,2,1
614,7,0.203125,0.24609375,0.25390625,0.3203125,1,1
614,7,0.16015625,0.33203125,0.1953125,0.484375,1,1
614,7,0.07421875,0.46875,0.20703125,0.6796875,1,1
615,2,0.0546875,0.50390625,0.21484375,0.8515625,1,1
615,2,0.0546875,0.50390625,0.21484375,0.8515625,3,1
615,2,0.2265625,0.65625,0.4296875,0.9921875,1,1
615,2,0.2265625,0.65625,0.4296875,0.9921875,3,1
615,2,0.8125,0.4921875,0.90234375,0.796875,1,1
615,2,0.8125,0.4921875,0.90234375,0.796875,3,1
615,2,0.859375,0.41796875,0.984375,0.59765625,1,1
615,2,0.55859375,0.34765625,0.6953125,0.546875,1,1
615,2,0.55859375,0.34765625,0.6953125,0.546875,4,1
615,2,0.40234375,0.390625,0.5390625,0.71875,4,1
615,2,0.296875,0.40234375,0.48828125,0.7109375,1,1
615,2,0.296875,0.40234375,0.48828125,0.7109375,4,1
615,2,0.2734375,0.25,0.31640625,0.3125,1,1
615,3,0.046875,0.5078125,0.2109375,0.85546875,1,1
615,3,0.046875,0.5078125,0.2109375,0.85546875,3,1
615,3,0.19140625,0.65625,0.4296875,0.9921875,1,1
615,3,0.19140625,0.65625,0.4296875,0.9921875,3,1
615,3,0.8125,0.4921875,0.90234375,0.796875,1,1
615,3,0.8125,0.4921875,0.90234375,0.796875,3,1
615,3,0.82421875,0.3984375,0.953125,0.5859375,1,1
615,3,0.55859375,0.34765625,0.6953125,0.546875,1,1
615,3,0.55859375,0.34765625,0.6953125,0.546875,4,1
615,3,0.40234375,0.390625,0.5390625,0.71875,4,1
615,3,0.296875,0.40234375,0.48828125,0.7109375,1,1
615,3,0.296875,0.40234375,0.48828125,0.7109375,4,1
615,3,0.26171875,0.24609375,0.3046875,0.30859375,1,1
615,4,0.0546875,0.50390625,0.21484375,0.8515625,1,1
615,4,0.0546875,0.50390625,0.21484375,0.8515625,3,1
615,4,0.13671875,0.64453125,0.44921875,0.9921875,1,1
615,4,0.13671875,0.64453125,0.44921875,0.9921875,3,1
615,4,0.8125,0.4921875,0.90234375,0.796875,1,1
615,4,0.8125,0.4921875,0.90234375,0.796875,3,1
615,4,0.7734375,0.3828125,0.9140625,0.546875,1,1
615,4,0.55859375,0.34765625,0.6953125,0.546875,1,1
615,4,0.55859375,0.34765625,0.6953125,0.546875,4,1
615,4,0.40234375,0.390625,0.5390625,0.71875,4,1
615,4,0.296875,0.40234375,0.48828125,0.7109375,1,1
615,4,0.296875,0.40234375,0.48828125,0.7109375,4,1
615,4,0.25390625,0.24609375,0.296875,0.30859375,1,1
615,5,0.0546875,0.50390625,0.21484375,0.8515625,1,1
615,5,0.0546875,0.50390625,0.21484375,0.8515625,3,1
615,5,0.11328125,0.6328125,0.4375,0.9921875,1,1
615,5,0.11328125,0.6328125,0.4375,0.9921875,3,1
615,5,0.8125,0.4921875,0.90234375,0.796875,1,1
615,5,0.8125,0.4921875,0.90234375,0.796875,3,1
615,5,0.734375,0.36328125,0.875,0.55078125,1,1
615,5,0.55859375,0.34765625,0.6953125,0.546875,1,1
615,5,0.55859375,0.34765625,0.6953125,0.546875,4,1
615,5,0.40234375,0.390625,0.5390625,0.71875,4,1
615,5,0.296875,0.40234375,0.48828125,0.7109375,1,1
615,5,0.296875,0.40234375,0.48828125,0.7109375,4,1
615,5,0.2421875,0.2421875,0.28515625,0.3046875,1,1
615,6,0.0546875,0.50390625,0.21484375,0.8515625,1,1
615,6,0.0546875,0.50390625,0.21484375,0.8515625,3,1
615,6,0.11328125,0.65625,0.4296875,0.9921875,1,1
615,6,0.11328125,0.65625,0.4296875,0.9921875,3,1
615,6,0.8125,0.4921875,0.90234375,0.796875,1,1
615,6,0.8125,0.4921875,0.90234375,0.796875,3,1
615,6,0.6953125,0.34375,0.8359375,0.5234375,1,1
615,6,0.55859375,0.34765625,0.6953125,0.546875,1,1
615,6,0.55859375,0.34765625,0.6953125,0.546875,4,1
615,6,0.40234375,0.390625,0.5390625,0.71875,4,1
615,6,0.296875,0.40234375,0.48828125,0.7109375,1,1
615,6,0.296875,0.40234375,0.48828125,0.7109375,4,1
615,6,0.23046875,0.23828125,0.2734375,0.30078125,1,1
615,7,0.0546875,0.50390625,0.21484375,0.8515625,1,1
615,7,0.0546875,0.50390625,0.21484375,0.8515625,3,1
615,7,0.08984375,0.65625,0.4296875,0.9921875,1,1
615,7,0.08984375,0.65625,0.4296875,0.9921875,3,1
615,7,0.8125,0.4921875,0.90234375,0.796875,1,1
615,7,0.8125,0.4921875,0.90234375,0.796875,3,1
615,7,0.67578125,0.34375,0.80078125,0.515625,1,1
615,7,0.55859375,0.34765625,0.6953125,0.546875,1,1
615,7,0.55859375,0.34765625,0.6953125,0.546875,4,1
615,7,0.40234375,0.390625,0.5390625,0.71875,4,1
615,7,0.296875,0.40234375,0.48828125,0.7109375,1,1
615,7,0.296875,0.40234375,0.48828125,0.7109375,4,1
615,7,0.22265625,0.2421875,0.265625,0.3046875,1,1
616,2,0.7890625,0.515625,0.8828125,0.83203125,2,1
616,2,0.125,0.671875,0.3984375,1.0,1,1
616,2,0.125,0.671875,0.3984375,1.0,3,1
616,2,0.24609375,0.39453125,0.42578125,0.609375,1,1
616,2,0.34765625,0.33203125,0.453125,0.41015625,2,1
616,2,0.0703125,0.5859375,0.23046875,0.90625,1,1
616,2,0.0703125,0.5859375,0.23046875,0.90625,3,1
616,2,0.0546875,0.3984375,0.109375,0.59765625,1,1
616,2,0.19921875,0.25,0.27734375,0.328125,1,1
616,2,0.13671875,0.3125,0.19921875,0.37890625,2,1
616,2,0.125,0.27734375,0.18359375,0.36328125,1,1
616,3,0.7890625,0.515625,0.8828125,0.83203125,2,1
616,3,0.125,0.671875,0.3984375,1.0,1,1
616,3,0.125,0.671875,0.3984375,1.0,3,1
616,3,0.24609375,0.39453125,0.42578125,0.609375,1,1
616,3,0.34765625,0.33203125,0.453125,0.41015625,2,1
616,3,0.0703125,0.5859375,0.23046875,0.90625,1,1
616,3,0.0703125,0.5859375,0.23046875,0.90625,3,1
616,3,0.0546875,0.3984375,0.109375,0.59765625,1,1
616,3,0.19921875,0.25,0.27734375,0.328125,1,1
616,3,0.13671875,0.3125,0.19921875,0.37890625,2,1
616,3,0.125,0.27734375,0.18359375,0.36328125,1,1
616,4,0.7890625,0.515625,0.8828125,0.83203125,2,1
616,4,0.125,0.671875,0.3984375,1.0,1,1
616,4,0.125,0.671875,0.3984375,1.0,3,1
616,4,0.265625,0.39453125,0.4140625,0.640625,1,1
616,4,0.34765625,0.33203125,0.453125,0.41015625,2,1
616,4,0.0703125,0.5859375,0.23046875,0.90625,1,1
616,4,0.0703125,0.5859375,0.23046875,0.90625,3,1
616,4,0.0546875,0.3984375,0.109375,0.59765625,1,1
616,4,0.19921875,0.25,0.27734375,0.328125,1,1
616,4,0.13671875,0.3125,0.19921875,0.37890625,2,1
616,4,0.125,0.27734375,0.18359375,0.36328125,1,1
616,5,0.7890625,0.515625,0.8828125,0.83203125,2,1
616,5,0.125,0.671875,0.3984375,1.0,1,1
616,5,0.125,0.671875,0.3984375,1.0,3,1
616,5,0.2578125,0.39453125,0.3671875,0.6484375,1,1
616,5,0.34765625,0.33203125,0.453125,0.41015625,2,1
616,5,0.0703125,0.5859375,0.23046875,0.90625,1,1
616,5,0.0703125,0.5859375,0.23046875,0.90625,3,1
616,5,0.0546875,0.3984375,0.109375,0.59765625,1,1
616,5,0.19921875,0.25,0.27734375,0.328125,1,1
616,5,0.13671875,0.3125,0.19921875,0.37890625,2,1
616,5,0.125,0.27734375,0.18359375,0.36328125,1,1
616,6,0.7890625,0.515625,0.8828125,0.83203125,2,1
616,6,0.125,0.671875,0.3984375,1.0,1,1
616,6,0.125,0.671875,0.3984375,1.0,3,1
616,6,0.2421875,0.3984375,0.37109375,0.65625,1,1
616,6,0.34765625,0.33203125,0.453125,0.41015625,2,1
616,6,0.0703125,0.5859375,0.23046875,0.90625,1,1
616,6,0.0703125,0.5859375,0.23046875,0.90625,3,1
616,6,0.0546875,0.3984375,0.109375,0.59765625,1,1
616,6,0.19921875,0.25,0.27734375,0.328125,1,1
616,6,0.13671875,0.3125,0.19921875,0.37890625,2,1
616,6,0.125,0.27734375,0.18359375,0.36328125,1,1
616,7,0.7890625,0.515625,0.8828125,0.83203125,2,1
616,7,0.125,0.671875,0.3984375,1.0,1,1
616,7,0.125,0.671875,0.3984375,1.0,3,1
616,7,0.2109375,0.40625,0.3671875,0.6796875,1,1
616,7,0.34765625,0.33203125,0.453125,0.41015625,2,1
616,7,0.0703125,0.5859375,0.23046875,0.90625,1,1
616,7,0.0703125,0.5859375,0.23046875,0.90625,3,1
616,7,0.0546875,0.3984375,0.109375,0.59765625,1,1
616,7,0.19921875,0.25,0.27734375,0.328125,1,1
616,7,0.13671875,0.3125,0.19921875,0.37890625,2,1
616,7,0.125,0.27734375,0.18359375,0.36328125,1,1
617,2,0.0625,0.5,0.20703125,0.91015625,1,1
617,2,0.0625,0.5,0.20703125,0.91015625,3,1
617,2,0.31640625,0.42578125,0.4921875,0.7578125,1,1
617,2,0.31640625,0.42578125,0.4921875,0.7578125,4,1
617,2,0.49609375,0.40234375,0.6640625,0.68359375,1,1
617,2,0.49609375,0.40234375,0.6640625,0.68359375,4,1
617,2,0.9375,0.6328125,0.99609375,0.890625,2,1
617,2,0.30078125,0.38671875,0.421875,0.49609375,2,1
617,2,0.2109375,0.35546875,0.3125,0.45703125,2,1
617,2,0.18359375,0.34375,0.26171875,0.41796875,2,1
617,2,0.1328125,0.26171875,0.1953125,0.37890625,1,1
617,2,0.02734375,0.36328125,0.0859375,0.4921875,1,1
617,2,0.05078125,0.421875,0.140625,0.58984375,1,1
617,2,0.05859375,0.484375,0.16796875,0.62890625,1,1
617,3,0.0625,0.5,0.20703125,0.91015625,1,1
617,3,0.0625,0.5,0.20703125,0.91015625,3,1
617,3,0.3046875,0.42578125,0.50390625,0.7578125,1,1
617,3,0.3046875,0.42578125,0.50390625,0.7578125,4,1
617,3,0.49609375,0.40234375,0.6640625,0.68359375,1,1
617,3,0.49609375,0.40234375,0.6640625,0.68359375,4,1
617,3,0.9375,0.6328125,0.99609375,0.890625,2,1
617,3,0.30078125,0.38671875,0.421875,0.49609375,2,1
617,3,0.2109375,0.35546875,0.3125,0.45703125,2,1
617,3,0.18359375,0.34375,0.26171875,0.41796875,2,1
617,3,0.1328125,0.26171875,0.1953125,0.37890625,1,1
617,3,0.02734375,0.36328125,0.0859375,0.4921875,1,1
617,3,0.05078125,0.421875,0.140625,0.58984375,1,1
617,3,0.05859375,0.484375,0.16796875,0.62890625,1,1
617,4,0.0625,0.5,0.20703125,0.91015625,1,1
617,4,0.0625,0.5,0.20703125,0.91015625,3,1
617,4,0.31640625,0.421875,0.50390625,0.76171875,1,1
617,4,0.31640625,0.421875,0.50390625,0.76171875,4,1
617,4,0.49609375,0.40234375,0.6640625,0.68359375,1,1
617,4,0.49609375,0.40234375,0.6640625,0.68359375,4,1
617,4,0.9375,0.6328125,0.99609375,0.890625,2,1
617,4,0.30078125,0.38671875,0.421875,0.49609375,2,1
617,4,0.2109375,0.35546875,0.3125,0.45703125,2,1
617,4,0.18359375,0.34375,0.26171875,0.41796875,2,1
617,4,0.1328125,0.26171875,0.1953125,0.37890625,1,1
617,4,0.02734375,0.36328125,0.0859375,0.4921875,1,1
617,4,0.05078125,0.421875,0.140625,0.58984375,1,1
617,4,0.05859375,0.484375,0.16796875,0.62890625,1,1
617,5,0.0390625,0.5,0.20703125,0.91015625,1,1
617,5,0.0390625,0.5,0.20703125,0.91015625,3,1
617,5,0.30859375,0.42578125,0.49609375,0.74609375,1,1
617,5,0.30859375,0.42578125,0.49609375,0.74609375,4,1
617,5,0.49609375,0.39453125,0.6640625,0.68359375,1,1
617,5,0.49609375,0.39453125,0.6640625,0.68359375,4,1
617,5,0.9375,0.6328125,0.99609375,0.890625,2,1
617,5,0.30078125,0.38671875,0.421875,0.49609375,2,1
617,5,0.2109375,0.35546875,0.3125,0.45703125,2,1
617,5,0.18359375,0.34375,0.26171875,0.41796875,2,1
617,5,0.1328125,0.26171875,0.1953125,0.37890625,1,1
617,5,0.02734375,0.36328125,0.0859375,0.4921875,1,1
617,5,0.05078125,0.421875,0.140625,0.58984375,1,1
617,5,0.05859375,0.484375,0.16796875,0.62890625,1,1
617,6,0.0546875,0.48046875,0.2578125,0.84765625,1,1
617,6,0.0546875,0.48046875,0.2578125,0.84765625,3,1
617,6,0.31640625,0.42578125,0.4921875,0.7578125,1,1
617,6,0.31640625,0.42578125,0.4921875,0.7578125,4,1
617,6,0.49609375,0.38671875,0.6640625,0.6796875,1,1
617,6,0.49609375,0.38671875,0.6640625,0.6796875,4,1
617,6,0.9375,0.6328125,0.99609375,0.890625,2,1
617,6,0.30078125,0.38671875,0.421875,0.49609375,2,1
617,6,0.2109375,0.35546875,0.3125,0.45703125,2,1
617,6,0.18359375,0.34375,0.26171875,0.41796875,2,1
617,6,0.1328125,0.26171875,0.1953125,0.37890625,1,1
617,6,0.02734375,0.36328125,0.0859375,0.4921875,1,1
617,6,0.05078125,0.421875,0.140625,0.58984375,1,1
617,6,0.05859375,0.484375,0.16796875,0.62890625,1,1
617,7,0.0625,0.46875,0.2734375,0.81640625,1,1
617,7,0.0625,0.46875,0.2734375,0.81640625,3,1
617,7,0.31640625,0.42578125,0.4921875,0.7578125,1,1
617,7,0.31640625,0.42578125,0.4921875,0.7578125,4,1
617,7,0.50390625,0.375,0.67578125,0.68359375,1,1
617,7,0.50390625,0.375,0.67578125,0.68359375,4,1
617,7,0.9375,0.6328125,0.99609375,0.890625,2,1
617,7,0.30078125,0.38671875,0.421875,0.49609375,2,1
617,7,0.2109375,0.35546875,0.3125,0.45703125,2,1
617,7,0.18359375,0.34375,0.26171875,0.41796875,2,1
617,7,0.1328125,0.26171875,0.1953125,0.37890625,1,1
617,7,0.02734375,0.36328125,0.0859375,0.4921875,1,1
617,7,0.05078125,0.421875,0.140625,0.58984375,1,1
617,7,0.05859375,0.484375,0.16796875,0.62890625,1,1
577,5,0.84375,0.2265625,0.89453125,0.32421875,2,1
577,6,0.8359375,0.21875,0.89453125,0.31640625,2,1
577,7,0.828125,0.2109375,0.89453125,0.32421875,2,1
596,5,0.17578125,0.34375,0.21484375,0.41796875,2,1
596,6,0.17578125,0.34375,0.21875,0.41015625,2,1
596,7,0.17578125,0.34375,0.22265625,0.41015625,2,1
605,5,0.12109375,0.30859375,0.171875,0.37109375,2,1
605,5,0.140625,0.3125,0.1875,0.37890625,2,1
605,5,0.1640625,0.3125,0.2109375,0.390625,2,1
605,5,0.171875,0.328125,0.25,0.40625,2,1
605,6,0.12109375,0.3046875,0.17578125,0.3671875,2,1
605,6,0.13671875,0.31640625,0.1875,0.375,2,1
605,6,0.16015625,0.32421875,0.21875,0.39453125,2,1
605,6,0.171875,0.33203125,0.25390625,0.41015625,2,1
609,3,0.70703125,0.26171875,0.75,0.328125,2,1
609,4,0.70703125,0.265625,0.74609375,0.328125,2,1
609,5,0.70703125,0.265625,0.74609375,0.3203125,2,1
609,6,0.70703125,0.265625,0.74609375,0.3125,2,1
609,7,0.71484375,0.265625,0.75,0.3203125,2,1
614,3,0.76953125,0.82421875,0.9921875,0.99609375,1,1
614,4,0.640625,0.75390625,0.9921875,0.99609375,1,1
614,5,0.5078125,0.6953125,0.89453125,0.99609375,1,1
614,4,0.25390625,0.24609375,0.30078125,0.31640625,1,1
614,5,0.25,0.24609375,0.30078125,0.32421875,1,1
614,6,0.2578125,0.25,0.30859375,0.33203125,1,1
614,6,0.39453125,0.6484375,0.77734375,0.99609375,1,1
614,6,0.19921875,0.68359375,0.44921875,0.99609375,1,1
614,7,0.62109375,0.2890625,0.70703125,0.4921875,1,1
614,7,0.28125,0.6015625,0.62890625,0.984375,1,1
614,7,0.1328125,0.6484375,0.41015625,0.99609375,1,1
614,7,0.3125,0.28515625,0.40234375,0.3984375,1,1
507,4,0.7890625,0.17578125,0.8515625,0.33984375,1,1
507,4,0.68359375,0.11328125,0.71875,0.21484375,1,1
507,4,0.25,0.1796875,0.31640625,0.28515625,2,1
507,4,0.25,0.1796875,0.31640625,0.28515625,5,1
507,4,0.00390625,0.29296875,0.05078125,0.4453125,2,1
507,4,0.00390625,0.29296875,0.05078125,0.4453125,5,1
562,5,0.10546875,0.16796875,0.18359375,0.2734375,1,1
562,4,0.1015625,0.17578125,0.17578125,0.2890625,1,1
562,4,0.015625,0.234375,0.0625,0.328125,1,1
562,5,0.015625,0.2421875,0.0546875,0.34765625,1,1
562,3,0.10546875,0.15625,0.171875,0.2734375,1,1
562,3,0.01953125,0.23046875,0.06640625,0.3515625,1,1
562,2,0.10546875,0.171875,0.17578125,0.2734375,1,1
562,2,0.0078125,0.2265625,0.06640625,0.3359375,1,1
507,4,0.9140625,0.21484375,0.9609375,0.328125,2,1
507,5,0.68359375,0.09765625,0.71875,0.20703125,1,1
507,5,0.79296875,0.18359375,0.8515625,0.34375,1,1
507,5,0.0078125,0.27734375,0.0546875,0.453125,2,1
507,5,0.25390625,0.17578125,0.30078125,0.27734375,2,1
507,5,0.91015625,0.21875,0.95703125,0.3359375,2,1
507,6,0.78125,0.171875,0.84375,0.33203125,1,1
507,6,0.0,0.2890625,0.05078125,0.44921875,2,1
507,6,0.2734375,0.16796875,0.3203125,0.26953125,2,1
507,6,0.6796875,0.109375,0.71484375,0.21484375,1,1
507,6,0.91796875,0.21484375,0.94921875,0.3203125,2,1
507,7,0.796875,0.1796875,0.84375,0.33984375,1,1
507,7,0.6875,0.109375,0.71875,0.21875,1,1
507,7,0.2578125,0.17578125,0.3046875,0.28515625,2,1
507,7,0.0,0.28515625,0.0546875,0.4375,2,1
507,7,0.9140625,0.21875,0.95703125,0.32421875,2,1
508,2,0.25,0.18359375,0.30859375,0.28515625,2,1
508,2,0.04296875,0.27734375,0.10546875,0.44140625,2,1
508,2,0.00390625,0.30078125,0.0390625,0.453125,2,1
508,2,0.765625,0.15625,0.8125,0.24609375,2,1
508,2,0.83203125,0.203125,0.89453125,0.3125,2,1
508,3,0.75,0.18359375,0.8046875,0.26171875,2,1
508,3,0.8359375,0.21875,0.8828125,0.3203125,2,1
508,3,0.25390625,0.1953125,0.3125,0.2890625,2,1
508,3,0.046875,0.2734375,0.12109375,0.42578125,2,1
508,3,0.0,0.30078125,0.03515625,0.4453125,2,1
508,4,0.24609375,0.18359375,0.3125,0.28515625,2,1
508,4,0.05078125,0.2734375,0.12109375,0.41796875,2,1
508,4,0.0,0.296875,0.0390625,0.44140625,2,1
508,4,0.7734375,0.17578125,0.81640625,0.25390625,2,1
508,4,0.83203125,0.2109375,0.89453125,0.32421875,2,1
512,6,0.421875,0.25390625,0.6640625,0.55859375,1,1
512,7,0.4140625,0.2734375,0.65234375,0.53515625,1,1
552,7,0.0,0.296875,0.0390625,0.4453125,2,1
552,6,0.00390625,0.28515625,0.05078125,0.43359375,2,1
552,5,0.0,0.2734375,0.046875,0.4296875,2,1
552,4,0.0,0.29296875,0.05859375,0.4453125,2,1
552,3,0.00390625,0.28515625,0.05078125,0.43359375,2,1
552,2,0.0,0.2890625,0.0390625,0.44140625,2,1
550,7,0.0390625,0.23828125,0.125,0.34765625,2,1
550,6,0.046875,0.23828125,0.1328125,0.3515625,2,1
550,5,0.046875,0.2421875,0.125,0.35546875,2,1
550,4,0.04296875,0.24609375,0.12890625,0.34375,2,1
550,3,0.04296875,0.24609375,0.12109375,0.3515625,2,1
550,2,0.0390625,0.2578125,0.125,0.359375,2,1
549,7,0.0546875,0.25,0.12109375,0.3515625,2,1
549,6,0.05859375,0.2265625,0.125,0.3515625,2,1
549,5,0.0546875,0.23828125,0.12109375,0.34375,2,1
549,4,0.0546875,0.2265625,0.12890625,0.34765625,2,1
549,3,0.05859375,0.25,0.125,0.359375,2,1
549,2,0.05859375,0.21875,0.12890625,0.3515625,2,1
548,7,0.05078125,0.23828125,0.12109375,0.34375,2,1
548,6,0.046875,0.25,0.11328125,0.3515625,2,1
548,5,0.05078125,0.25,0.1171875,0.359375,2,1
548,4,0.05078125,0.25390625,0.125,0.36328125,2,1
548,3,0.04296875,0.23046875,0.12109375,0.3515625,2,1
548,2,0.04296875,0.24609375,0.12109375,0.34765625,2,1
545,7,0.00390625,0.29296875,0.09765625,0.4765625,1,1
545,6,0.0,0.27734375,0.078125,0.47265625,1,1
545,5,0.0,0.296875,0.07421875,0.4765625,1,1
545,4,0.00390625,0.2578125,0.0859375,0.50390625,1,1
545,3,0.0,0.28515625,0.09765625,0.47265625,1,1
545,2,0.0,0.28515625,0.08203125,0.4453125,1,1
544,7,0.0,0.296875,0.078125,0.4453125,1,1
544,6,0.0,0.3046875,0.0546875,0.453125,1,1
544,5,0.0,0.30078125,0.0703125,0.46484375,1,1
544,4,0.0,0.3046875,0.0625,0.46875,1,1
544,3,0.00390625,0.296875,0.05859375,0.44140625,1,1
544,2,0.0,0.3046875,0.0546875,0.44921875,1,1
508,5,0.2578125,0.1953125,0.3203125,0.2890625,2,1
508,5,0.734375,0.16015625,0.8203125,0.26171875,2,1
508,5,0.83984375,0.20703125,0.90234375,0.328125,2,1
508,5,0.04296875,0.2734375,0.11328125,0.43359375,2,1
508,5,0.00390625,0.28125,0.0390625,0.4453125,2,1
508,6,0.0,0.28515625,0.0390625,0.45703125,2,1
508,6,0.05078125,0.27734375,0.109375,0.43359375,2,1
508,6,0.2578125,0.18359375,0.3046875,0.2890625,2,1
508,6,0.73828125,0.15625,0.80859375,0.26171875,2,1
508,6,0.83203125,0.20703125,0.8984375,0.33203125,2,1
508,7,0.26171875,0.19140625,0.30859375,0.28125,2,1
508,7,0.05078125,0.28515625,0.109375,0.41796875,2,1
508,7,0.0,0.3046875,0.04296875,0.4453125,2,1
508,7,0.74609375,0.15234375,0.80859375,0.2578125,2,1
508,7,0.8359375,0.19140625,0.89453125,0.32421875,2,1
509,2,0.24609375,0.19140625,0.30859375,0.2890625,2,1
509,2,0.03515625,0.2890625,0.109375,0.421875,2,1
509,2,0.0,0.296875,0.0390625,0.45703125,2,1
509,2,0.81640625,0.19140625,0.90234375,0.32421875,2,1
509,3,0.234375,0.17578125,0.30859375,0.28515625,2,1
509,3,0.03515625,0.28515625,0.10546875,0.42578125,2,1
509,3,0.00390625,0.2890625,0.05078125,0.4453125,2,1
509,3,0.8125,0.203125,0.89453125,0.3203125,2,1
509,4,0.82421875,0.1875,0.8984375,0.3203125,2,1
509,4,0.24609375,0.18359375,0.3125,0.28515625,2,1
509,4,0.03515625,0.2890625,0.10546875,0.42578125,2,1
509,4,0.0,0.3125,0.0390625,0.453125,2,1
509,5,0.00390625,0.30078125,0.046875,0.44140625,2,1
509,5,0.04296875,0.28515625,0.09765625,0.43359375,2,1
509,5,0.2421875,0.19140625,0.3046875,0.29296875,2,1
509,5,0.82421875,0.1875,0.90234375,0.328125,2,1
509,6,0.23046875,0.19140625,0.3046875,0.28125,2,1
509,6,0.00390625,0.30859375,0.0390625,0.4453125,2,1
509,6,0.04296875,0.28125,0.09375,0.4296875,2,1
509,6,0.81640625,0.18359375,0.89453125,0.3203125,2,1
509,7,0.23046875,0.1796875,0.31640625,0.2890625,2,1
509,7,0.0390625,0.26953125,0.109375,0.43359375,2,1
509,7,0.00390625,0.296875,0.04296875,0.46484375,2,1
509,7,0.8203125,0.19921875,0.8984375,0.328125,2,1
510,2,0.01953125,0.25390625,0.1015625,0.44921875,1,1
510,3,0.02734375,0.2109375,0.1015625,0.44921875,1,1
510,4,0.0234375,0.25390625,0.09375,0.45703125,1,1
510,5,0.01953125,0.25390625,0.09765625,0.453125,1,1
510,6,0.02734375,0.26171875,0.09375,0.4453125,1,1
510,7,0.0234375,0.25390625,0.09375,0.44921875,1,1
512,2,0.39453125,0.27734375,0.65625,0.56640625,1,1
512,3,0.39453125,0.2890625,0.65625,0.54296875,1,1
512,4,0.421875,0.29296875,0.66015625,0.54296875,1,1
512,5,0.421875,0.28515625,0.66796875,0.5390625,1,1
513,2,0.078125,0.21484375,0.15625,0.37890625,1,1
513,2,0.14453125,0.140625,0.2109375,0.27734375,1,1
513,2,0.03515625,0.296875,0.171875,0.71484375,3,1
513,2,0.03515625,0.296875,0.171875,0.71484375,1,1
513,2,0.15234375,0.3046875,0.2421875,0.72265625,1,1
513,2,0.15234375,0.3046875,0.2421875,0.72265625,3,1
513,2,0.23828125,0.25390625,0.328125,0.71875,1,1
513,2,0.23828125,0.25390625,0.328125,0.71875,3,1
513,2,0.3203125,0.25,0.41796875,0.7265625,1,1
513,2,0.3203125,0.25,0.41796875,0.7265625,3,1
513,2,0.29296875,0.17578125,0.359375,0.3125,1,1
513,2,0.2734375,0.1328125,0.3125,0.19921875,1,1
513,2,0.44140625,0.24609375,0.53125,0.68359375,1,1
513,2,0.44140625,0.24609375,0.53125,0.68359375,3,1
513,2,0.5703125,0.08984375,0.6171875,0.23046875,1,1
513,2,0.5703125,0.08984375,0.6171875,0.23046875,4,1
513,2,0.6015625,0.0859375,0.65234375,0.28515625,1,1
513,2,0.6015625,0.0859375,0.65234375,0.28515625,4,1
513,2,0.5625,0.2109375,0.66796875,0.54296875,1,1
513,2,0.6640625,0.25390625,0.80078125,0.609375,1,1
513,2,0.6640625,0.25390625,0.80078125,0.609375,3,1
513,2,0.72265625,0.234375,0.84375,0.57421875,1,1
513,2,0.72265625,0.234375,0.84375,0.57421875,3,1
513,2,0.69140625,0.12109375,0.76953125,0.2578125,1,1
513,2,0.69140625,0.12109375,0.76953125,0.2578125,5,1
513,2,0.83203125,0.296875,0.9140625,0.54296875,1,1
513,2,0.90625,0.265625,0.98046875,0.54296875,1,1
513,2,0.90625,0.265625,0.98046875,0.54296875,3,1
513,2,0.8359375,0.18359375,0.89453125,0.28125,1,1
515,7,0.48828125,0.21875,0.6015625,0.640625,1,1
515,7,0.48828125,0.21875,0.6015625,0.640625,3,1
515,7,0.39453125,0.1796875,0.46875,0.31640625,2,1
515,7,0.0390625,0.30859375,0.19140625,0.609375,1,1
515,7,0.2421875,0.1796875,0.3125,0.27734375,2,1
515,7,0.2421875,0.1796875,0.3125,0.27734375,5,1
515,7,0.4296875,0.0859375,0.46484375,0.1875,1,1
515,7,0.58984375,0.078125,0.6953125,0.19140625,1,1
515,7,0.75,0.1953125,0.84765625,0.31640625,2,1
515,7,0.859375,0.171875,0.8984375,0.28515625,1,1
515,7,0.8828125,0.25390625,0.98828125,0.5234375,1,1
515,7,0.0,0.3203125,0.0390625,0.515625,1,1
519,4,0.30078125,0.2734375,0.3984375,0.69921875,1,1
519,4,0.30078125,0.2734375,0.3984375,0.69921875,3,1
519,4,0.2890625,0.17578125,0.37109375,0.3515625,2,1
519,4,0.2109375,0.1953125,0.2734375,0.28515625,2,1
519,4,0.2109375,0.1953125,0.2734375,0.28515625,5,1
519,4,0.4296875,0.15625,0.515625,0.40234375,1,1
519,4,0.52734375,0.09765625,0.6640625,0.2734375,1,1
519,4,0.52734375,0.09765625,0.6640625,0.2734375,4,1
519,4,0.72265625,0.23828125,0.7890625,0.5546875,1,1
519,4,0.7890625,0.24609375,0.8828125,0.57421875,1,1
519,4,0.7890625,0.24609375,0.8828125,0.57421875,3,1
519,4,0.67578125,0.10546875,0.78515625,0.265625,1,1
519,4,0.859375,0.15625,0.94140625,0.31640625,1,1
519,4,0.11328125,0.26171875,0.1953125,0.5078125,1,1
519,4,0.05859375,0.3203125,0.1328125,0.62890625,1,1
519,4,0.00390625,0.296875,0.0859375,0.5859375,1,1
525,5,0.67578125,0.21875,0.859375,0.57421875,1,1
525,5,0.67578125,0.21875,0.859375,0.57421875,3,1
525,5,0.5,0.2421875,0.65234375,0.66015625,1,1
525,5,0.5,0.2421875,0.65234375,0.66015625,3,1
525,5,0.20703125,0.17578125,0.28515625,0.30078125,2,1
525,5,0.7578125,0.15625,0.8046875,0.25390625,2,1
525,5,0.83984375,0.203125,0.890625,0.32421875,2,1
525,5,0.93359375,0.2109375,0.98828125,0.3359375,2,1
513,3,0.06640625,0.23046875,0.15625,0.3828125,1,1
513,3,0.14453125,0.14453125,0.2109375,0.27734375,1,1
513,3,0.0546875,0.31640625,0.18359375,0.72265625,1,1
513,3,0.0546875,0.31640625,0.18359375,0.72265625,3,1
513,3,0.1484375,0.29296875,0.23828125,0.76171875,1,1
513,3,0.25,0.2578125,0.32421875,0.7109375,1,1
513,3,0.25,0.2578125,0.32421875,0.7109375,3,1
513,3,0.31640625,0.23828125,0.42578125,0.71484375,1,1
513,3,0.31640625,0.23828125,0.42578125,0.71484375,3,1
513,3,0.2890625,0.18359375,0.35546875,0.3125,1,1
513,3,0.28125,0.1328125,0.3203125,0.1953125,1,1
513,3,0.44140625,0.25,0.53125,0.69921875,1,1
513,3,0.44140625,0.25,0.53125,0.69921875,3,1
513,3,0.56640625,0.21875,0.671875,0.5390625,1,1
513,3,0.5703125,0.09765625,0.65234375,0.2421875,1,1
513,3,0.5703125,0.09765625,0.65234375,0.2421875,4,1
513,3,0.66796875,0.25,0.79296875,0.640625,1,1
513,3,0.66796875,0.25,0.79296875,0.640625,3,1
513,3,0.78125,0.26953125,0.83203125,0.56640625,1,1
513,3,0.78125,0.26953125,0.83203125,0.56640625,3,1
513,3,0.78515625,0.2421875,0.91015625,0.53515625,1,1
513,3,0.9140625,0.26953125,0.97265625,0.5234375,1,1
513,3,0.68359375,0.1171875,0.76953125,0.2421875,1,1
513,3,0.81640625,0.1796875,0.89453125,0.27734375,1,1
514,3,0.21484375,0.2734375,0.3125,0.69921875,1,1
514,3,0.21484375,0.2734375,0.3125,0.69921875,3,1
514,3,0.046875,0.33203125,0.1328125,0.63671875,1,1
514,3,0.11328125,0.21484375,0.19921875,0.40234375,1,1
514,3,0.11328125,0.21484375,0.19921875,0.40234375,5,1
514,3,0.27734375,0.17578125,0.35546875,0.37890625,1,1
514,3,0.27734375,0.17578125,0.35546875,0.37890625,5,1
514,3,0.3125,0.1171875,0.3515625,0.1875,1,1
514,3,0.14453125,0.15234375,0.20703125,0.22265625,1,1
514,3,0.5703125,0.10546875,0.65234375,0.25390625,1,1
514,3,0.5703125,0.10546875,0.65234375,0.25390625,4,1
514,3,0.5859375,0.26171875,0.75390625,0.640625,1,1
514,3,0.5859375,0.26171875,0.75390625,0.640625,3,1
514,3,0.65625,0.20703125,0.80859375,0.421875,1,1
514,3,0.66796875,0.12109375,0.76953125,0.25390625,1,1
514,3,0.78125,0.203125,0.90625,0.453125,1,1
514,3,0.87109375,0.203125,0.96484375,0.44140625,1,1
515,5,0.42578125,0.0859375,0.4609375,0.1953125,1,1
515,5,0.58203125,0.0703125,0.69140625,0.1953125,1,1
515,5,0.5,0.203125,0.6015625,0.65625,1,1
515,5,0.5,0.203125,0.6015625,0.65625,3,1
515,5,0.39453125,0.19140625,0.46484375,0.33203125,2,1
515,5,0.046875,0.2890625,0.203125,0.59765625,1,1
515,5,0.0,0.3515625,0.04296875,0.5859375,1,1
515,5,0.18359375,0.234375,0.25390625,0.375,2,1
515,5,0.15234375,0.1953125,0.21484375,0.2890625,2,1
515,5,0.24609375,0.16796875,0.3203125,0.29296875,2,1
515,5,0.7421875,0.1875,0.84375,0.3125,2,1
515,5,0.8359375,0.16796875,0.8828125,0.2734375,2,1
515,5,0.890625,0.2578125,0.9921875,0.5,1,1
515,5,0.92578125,0.1875,0.99609375,0.34765625,1,1
522,2,0.30078125,0.2421875,0.4140625,0.671875,1,1
522,2,0.30078125,0.2421875,0.4140625,0.671875,3,1
522,2,0.68359375,0.234375,0.84765625,0.61328125,1,1
522,2,0.68359375,0.234375,0.84765625,0.61328125,3,1
522,2,0.890625,0.25390625,0.98828125,0.5390625,1,1
522,2,0.890625,0.25390625,0.98828125,0.5390625,3,1
522,2,0.00390625,0.38671875,0.09375,0.7109375,1,1
522,2,0.00390625,0.38671875,0.09375,0.7109375,3,1
522,3,0.0,0.35546875,0.09375,0.7265625,1,1
522,3,0.0,0.35546875,0.09375,0.7265625,3,1
522,3,0.3046875,0.25,0.4140625,0.69921875,1,1
522,3,0.3046875,0.25,0.4140625,0.69921875,3,1
522,3,0.671875,0.23828125,0.83203125,0.59765625,1,1
522,3,0.671875,0.23828125,0.83203125,0.59765625,3,1
522,3,0.8984375,0.26953125,0.9921875,0.53515625,1,1
522,3,0.8984375,0.26953125,0.9921875,0.53515625,3,1
522,4,0.68359375,0.24609375,0.828125,0.6015625,1,1
522,4,0.68359375,0.24609375,0.828125,0.6015625,3,1
522,4,0.89453125,0.27734375,0.98828125,0.53125,1,1
522,4,0.89453125,0.27734375,0.98828125,0.53125,3,1
522,4,0.30859375,0.25390625,0.40625,0.671875,1,1
522,4,0.30859375,0.25390625,0.40625,0.671875,3,1
522,4,0.0,0.37890625,0.09765625,0.70703125,3,1
522,4,0.0,0.37890625,0.09765625,0.70703125,1,1
522,5,0.0,0.359375,0.09375,0.72265625,1,1
522,5,0.0,0.359375,0.09375,0.72265625,3,1
522,5,0.3125,0.26171875,0.4140625,0.70703125,1,1
522,5,0.3125,0.26171875,0.4140625,0.70703125,3,1
522,5,0.66796875,0.2421875,0.8359375,0.60546875,1,1
522,5,0.66796875,0.2421875,0.8359375,0.60546875,3,1
522,5,0.89453125,0.27734375,0.98828125,0.53515625,1,1
522,5,0.89453125,0.27734375,0.98828125,0.53515625,3,1
522,6,0.30859375,0.2421875,0.4140625,0.7109375,1,1
522,6,0.30859375,0.2421875,0.4140625,0.7109375,3,1
522,6,0.0,0.3671875,0.10546875,0.7109375,1,1
522,6,0.0,0.3671875,0.10546875,0.7109375,3,1
522,6,0.6796875,0.2421875,0.83203125,0.6015625,1,1
522,6,0.6796875,0.2421875,0.83203125,0.6015625,3,1
522,6,0.89453125,0.2734375,0.9921875,0.55078125,1,1
522,6,0.89453125,0.2734375,0.9921875,0.55078125,3,1
522,7,0.671875,0.234375,0.8359375,0.60546875,1,1
522,7,0.671875,0.234375,0.8359375,0.60546875,3,1
522,7,0.29296875,0.2421875,0.4140625,0.703125,1,1
522,7,0.29296875,0.2421875,0.4140625,0.703125,3,1
522,7,0.0,0.36328125,0.1015625,0.72265625,1,1
522,7,0.0,0.36328125,0.1015625,0.72265625,3,1
522,7,0.89453125,0.26171875,0.9921875,0.53515625,1,1
522,7,0.89453125,0.26171875,0.9921875,0.53515625,3,1
523,2,0.26171875,0.28125,0.390625,0.7109375,1,1
523,2,0.109375,0.32421875,0.22265625,0.73046875,1,1
523,2,0.109375,0.32421875,0.22265625,0.73046875,3,1
523,2,0.9453125,0.27734375,0.99609375,0.4609375,1,1
523,3,0.94140625,0.27734375,0.9921875,0.4609375,1,1
523,3,0.25390625,0.265625,0.3828125,0.65625,1,1
523,3,0.1171875,0.28515625,0.2265625,0.71484375,1,1
523,3,0.1171875,0.28515625,0.2265625,0.71484375,3,1
523,4,0.109375,0.2890625,0.23046875,0.7265625,1,1
523,4,0.109375,0.2890625,0.23046875,0.7265625,3,1
523,4,0.25390625,0.23046875,0.3984375,0.6875,1,1
523,4,0.9453125,0.26953125,0.9921875,0.45703125,1,1
523,5,0.1328125,0.2890625,0.234375,0.71875,1,1
523,5,0.1328125,0.2890625,0.234375,0.71875,3,1
523,5,0.2578125,0.25,0.37890625,0.640625,1,1
523,5,0.9296875,0.25390625,0.9921875,0.44921875,1,1
523,6,0.1328125,0.30078125,0.2265625,0.71484375,1,1
523,6,0.1328125,0.30078125,0.2265625,0.71484375,3,1
523,6,0.24609375,0.234375,0.3828125,0.62109375,1,1
523,6,0.9453125,0.26171875,0.9921875,0.44140625,1,1
523,7,0.24609375,0.25390625,0.41015625,0.62890625,1,1
523,7,0.11328125,0.30078125,0.2265625,0.73828125,1,1
523,7,0.11328125,0.30078125,0.2265625,0.73828125,3,1
523,7,0.9453125,0.265625,0.9921875,0.4765625,1,1
523,6,0.0,0.31640625,0.04296875,0.4453125,2,1
523,5,0.0,0.296875,0.05078125,0.4453125,2,1
523,4,0.0,0.29296875,0.0625,0.44140625,2,1
523,3,0.0,0.28515625,0.05859375,0.4375,2,1
523,2,0.0,0.30078125,0.0546875,0.44140625,2,1
523,7,0.0,0.296875,0.05859375,0.44140625,2,1
524,2,0.00390625,0.29296875,0.06640625,0.44140625,2,1
524,2,0.2109375,0.19921875,0.28125,0.3046875,2,1
524,2,0.73828125,0.14453125,0.8046875,0.25390625,2,1
524,2,0.83203125,0.2109375,0.8984375,0.32421875,2,1
524,3,0.73046875,0.14453125,0.80078125,0.25,2,1
524,3,0.81640625,0.19921875,0.89453125,0.328125,2,1
524,3,0.21484375,0.1875,0.2890625,0.28515625,2,1
524,3,0.00390625,0.29296875,0.06640625,0.453125,2,1
524,4,0.0,0.28515625,0.0703125,0.43359375,2,1
524,4,0.2109375,0.19140625,0.28515625,0.29296875,2,1
524,4,0.73046875,0.15234375,0.80859375,0.2578125,2,1
524,4,0.828125,0.203125,0.89453125,0.328125,2,1
524,5,0.7421875,0.15234375,0.8046875,0.2578125,2,1
524,5,0.83203125,0.2109375,0.90234375,0.33203125,2,1
524,5,0.21875,0.19140625,0.28125,0.2890625,2,1
524,5,0.00390625,0.296875,0.05859375,0.44140625,2,1
524,6,0.0,0.27734375,0.0625,0.453125,2,1
524,6,0.0,0.27734375,0.0625,0.453125,5,1
524,6,0.20703125,0.17578125,0.27734375,0.28125,2,1
524,6,0.75,0.15625,0.80859375,0.25390625,2,1
524,6,0.83203125,0.22265625,0.890625,0.3125,2,1
524,6,0.84765625,0.1328125,0.91796875,0.2578125,1,1
524,7,0.84765625,0.140625,0.91796875,0.26953125,1,1
524,7,0.73828125,0.16796875,0.80078125,0.2578125,2,1
524,7,0.828125,0.23046875,0.89453125,0.328125,2,1
524,7,0.21875,0.1953125,0.28515625,0.26953125,2,1
524,7,0.00390625,0.29296875,0.0703125,0.4296875,2,1
524,7,0.00390625,0.29296875,0.0703125,0.4296875,5,1
525,2,0.48828125,0.24609375,0.6484375,0.67578125,3,1
525,2,0.48828125,0.24609375,0.6484375,0.67578125,1,1
525,2,0.67578125,0.23046875,0.84375,0.609375,1,1
525,2,0.67578125,0.23046875,0.84375,0.609375,3,1
525,2,0.2109375,0.1875,0.28515625,0.29296875,2,1
525,2,0.75,0.1640625,0.80078125,0.24609375,2,1
525,2,0.8359375,0.1875,0.88671875,0.328125,2,1
525,2,0.8359375,0.1875,0.88671875,0.328125,5,1
525,2,0.9296875,0.21484375,0.98828125,0.34765625,2,1
525,2,0.9296875,0.21484375,0.98828125,0.34765625,5,1
525,3,0.75390625,0.15234375,0.81640625,0.25,2,1
525,3,0.6796875,0.2265625,0.84765625,0.60546875,1,1
525,3,0.6796875,0.2265625,0.84765625,0.60546875,3,1
525,3,0.49609375,0.234375,0.66015625,0.671875,1,1
525,3,0.49609375,0.234375,0.66015625,0.671875,3,1
525,3,0.21484375,0.203125,0.27734375,0.3046875,2,1
525,3,0.84375,0.1875,0.91015625,0.32421875,2,1
525,3,0.84375,0.1875,0.91015625,0.32421875,5,1
525,3,0.9375,0.2109375,0.98046875,0.34765625,2,1
525,3,0.9375,0.2109375,0.98046875,0.34765625,5,1
525,4,0.49609375,0.22265625,0.65234375,0.671875,1,1
525,4,0.49609375,0.22265625,0.65234375,0.671875,3,1
525,4,0.67578125,0.23046875,0.84375,0.61328125,1,1
525,4,0.67578125,0.23046875,0.84375,0.61328125,3,1
525,4,0.22265625,0.19140625,0.29296875,0.296875,2,1
525,4,0.75,0.15234375,0.79296875,0.24609375,2,1
525,4,0.796875,0.16796875,0.83984375,0.2578125,2,1
525,4,0.84375,0.2109375,0.90625,0.32421875,2,1
525,4,0.93359375,0.23046875,0.98828125,0.35546875,2,1
525,6,0.4921875,0.21484375,0.65625,0.67578125,1,1
525,6,0.4921875,0.21484375,0.65625,0.67578125,3,1
525,6,0.67578125,0.2265625,0.84765625,0.60546875,1,1
525,6,0.67578125,0.2265625,0.84765625,0.60546875,3,1
525,6,0.21875,0.1953125,0.2890625,0.30078125,2,1
525,6,0.8203125,0.171875,0.8984375,0.31640625,2,1
525,6,0.9375,0.23046875,0.98046875,0.3515625,2,1
525,6,0.9375,0.23046875,0.98046875,0.3515625,5,1
525,7,0.83203125,0.203125,0.89453125,0.3203125,2,1
525,7,0.83203125,0.203125,0.89453125,0.3203125,5,1
525,7,0.6796875,0.23046875,0.83984375,0.58984375,1,1
525,7,0.6796875,0.23046875,0.83984375,0.58984375,3,1
525,7,0.50390625,0.234375,0.640625,0.66015625,1,1
525,7,0.50390625,0.234375,0.640625,0.66015625,3,1
525,7,0.21484375,0.18359375,0.28515625,0.29296875,2,1
526,2,0.20703125,0.1796875,0.28125,0.296875,2,1
526,2,0.46484375,0.24609375,0.58203125,0.69921875,1,1
526,2,0.46484375,0.24609375,0.58203125,0.69921875,3,1
526,2,0.8984375,0.27734375,0.98828125,0.5390625,1,1
526,2,0.8984375,0.27734375,0.98828125,0.5390625,3,1
526,2,0.8125,0.1796875,0.859375,0.265625,2,1
526,2,0.73828125,0.1484375,0.8125,0.26953125,2,1
526,3,0.47265625,0.26171875,0.59765625,0.68359375,1,1
526,3,0.47265625,0.26171875,0.59765625,0.68359375,3,1
526,3,0.20703125,0.203125,0.28515625,0.30859375,2,1
526,3,0.7421875,0.1640625,0.8046875,0.26171875,2,1
526,3,0.8125,0.17578125,0.8671875,0.27734375,2,1
526,3,0.88671875,0.2734375,0.98828125,0.55859375,1,1
526,3,0.88671875,0.2734375,0.98828125,0.55859375,3,1
526,4,0.890625,0.27734375,0.9921875,0.54296875,1,1
526,4,0.890625,0.27734375,0.9921875,0.54296875,3,1
526,4,0.72265625,0.15234375,0.8125,0.2578125,2,1
526,4,0.81640625,0.171875,0.87109375,0.265625,2,1
526,4,0.47265625,0.2265625,0.59765625,0.671875,1,1
526,4,0.47265625,0.2265625,0.59765625,0.671875,3,1
526,4,0.21484375,0.19921875,0.29296875,0.328125,2,1
526,5,0.21875,0.19140625,0.28515625,0.30078125,2,1
526,5,0.47265625,0.234375,0.5859375,0.66796875,1,1
526,5,0.47265625,0.234375,0.5859375,0.66796875,3,1
526,5,0.734375,0.15234375,0.8046875,0.26171875,2,1
526,5,0.81640625,0.15625,0.875,0.296875,2,1
526,5,0.8984375,0.27734375,0.9921875,0.53515625,1,1
526,5,0.8984375,0.27734375,0.9921875,0.53515625,3,1
526,6,0.7421875,0.171875,0.8046875,0.265625,2,1
526,6,0.8125,0.171875,0.86328125,0.2734375,2,1
526,6,0.890625,0.2734375,0.98828125,0.5390625,1,1
526,6,0.890625,0.2734375,0.98828125,0.5390625,3,1
526,6,0.47265625,0.25,0.59375,0.671875,1,1
526,6,0.47265625,0.25,0.59375,0.671875,3,1
526,6,0.22265625,0.19140625,0.28515625,0.29296875,2,1
526,7,0.2265625,0.1875,0.28515625,0.3046875,2,1
526,7,0.4765625,0.25390625,0.6015625,0.68359375,1,1
526,7,0.4765625,0.25390625,0.6015625,0.68359375,3,1
526,7,0.8125,0.171875,0.8671875,0.265625,2,1
526,7,0.4765625,0.078125,0.53125,0.140625,2,1
527,2,0.484375,0.08203125,0.53515625,0.140625,2,1
527,2,0.22265625,0.19921875,0.29296875,0.31640625,2,1
527,2,0.578125,0.23828125,0.71875,0.65234375,1,1
527,2,0.578125,0.23828125,0.71875,0.65234375,3,1
527,2,0.80859375,0.24609375,0.91796875,0.58984375,1,1
527,2,0.80859375,0.24609375,0.91796875,0.58984375,3,1
527,2,0.890625,0.1875,0.95703125,0.3203125,2,1
527,3,0.59375,0.2109375,0.7109375,0.66015625,1,1
527,3,0.59375,0.2109375,0.7109375,0.66015625,3,1
527,3,0.21875,0.1875,0.2890625,0.3046875,2,1
527,3,0.484375,0.0703125,0.53125,0.140625,2,1
527,3,0.80078125,0.23046875,0.91015625,0.59375,1,1
527,3,0.80078125,0.23046875,0.91015625,0.59375,3,1
527,3,0.90625,0.1875,0.9609375,0.328125,2,1
527,4,0.6015625,0.25,0.703125,0.671875,1,1
527,4,0.6015625,0.25,0.703125,0.671875,3,1
527,4,0.48046875,0.07421875,0.5390625,0.14453125,2,1
527,4,0.23046875,0.19140625,0.28515625,0.29296875,2,1
527,4,0.8046875,0.25,0.91796875,0.578125,1,1
527,4,0.8046875,0.25,0.91796875,0.578125,3,1
527,4,0.91015625,0.21875,0.96484375,0.32421875,2,1
527,5,0.484375,0.07421875,0.5390625,0.1484375,2,1
527,5,0.59375,0.2109375,0.69140625,0.63671875,1,1
527,5,0.59375,0.2109375,0.69140625,0.63671875,3,1
527,5,0.2265625,0.1953125,0.2890625,0.29296875,2,1
527,5,0.2265625,0.1953125,0.2890625,0.29296875,5,1
527,5,0.81640625,0.23828125,0.91796875,0.578125,1,1
527,5,0.81640625,0.23828125,0.91796875,0.578125,3,1
527,5,0.921875,0.2265625,0.96484375,0.34765625,2,1
527,5,0.921875,0.2265625,0.96484375,0.34765625,5,1
527,6,0.4765625,0.07421875,0.53125,0.14453125,2,1
527,6,0.21875,0.1953125,0.28515625,0.29296875,2,1
527,6,0.5859375,0.22265625,0.6953125,0.65234375,1,1
527,6,0.5859375,0.22265625,0.6953125,0.65234375,3,1
527,6,0.796875,0.25390625,0.9140625,0.5859375,1,1
527,6,0.796875,0.25390625,0.9140625,0.5859375,3,1
527,6,0.91796875,0.22265625,0.9609375,0.3359375,2,1
526,2,0.4765625,0.0625,0.53515625,0.15234375,2,1
526,3,0.47265625,0.08203125,0.53515625,0.1484375,2,1
526,4,0.4765625,0.0703125,0.52734375,0.140625,2,1
526,5,0.46484375,0.078125,0.52734375,0.12890625,2,1
526,6,0.46875,0.06640625,0.5234375,0.13671875,2,1
513,4,0.0703125,0.2109375,0.15234375,0.40234375,1,1
513,4,0.0,0.2734375,0.06640625,0.37890625,2,1
513,4,0.0,0.2734375,0.06640625,0.37890625,5,1
513,4,0.1484375,0.12890625,0.20703125,0.28515625,1,1
513,4,0.27734375,0.12109375,0.3125,0.21875,1,1
513,4,0.29296875,0.17578125,0.34375,0.3359375,1,1
513,4,0.0625,0.3125,0.1796875,0.71484375,1,1
513,4,0.0625,0.3125,0.1796875,0.71484375,3,1
513,4,0.1484375,0.3046875,0.23828125,0.7421875,1,1
513,4,0.1484375,0.3046875,0.23828125,0.7421875,3,1
513,4,0.24609375,0.28125,0.32421875,0.70703125,3,1
513,4,0.24609375,0.28125,0.32421875,0.70703125,1,1
513,4,0.328125,0.2578125,0.41015625,0.69140625,1,1
513,4,0.328125,0.2578125,0.41015625,0.69140625,3,1
513,4,0.4375,0.23828125,0.53125,0.71875,1,1
513,4,0.4375,0.23828125,0.53125,0.71875,3,1
513,4,0.546875,0.2109375,0.64453125,0.53515625,1,1
513,4,0.5703125,0.09765625,0.60546875,0.24609375,1,1
513,4,0.609375,0.109375,0.65234375,0.2578125,1,1
513,4,0.609375,0.109375,0.65234375,0.2578125,4,1
513,4,0.65625,0.25390625,0.78515625,0.6328125,1,1
513,4,0.65625,0.25390625,0.78515625,0.6328125,3,1
513,4,0.73046875,0.23046875,0.8359375,0.5859375,1,1
513,4,0.73046875,0.23046875,0.8359375,0.5859375,3,1
513,4,0.828125,0.25,0.92578125,0.51171875,1,1
513,4,0.6875,0.1015625,0.76953125,0.2578125,1,1
513,4,0.91015625,0.2734375,0.97265625,0.546875,1,1
514,4,0.21484375,0.2890625,0.30859375,0.6953125,1,1
514,4,0.21484375,0.2890625,0.30859375,0.6953125,3,1
514,4,0.04296875,0.34765625,0.12890625,0.703125,1,1
514,4,0.04296875,0.34765625,0.12890625,0.703125,3,1
514,4,0.11328125,0.2109375,0.19921875,0.421875,1,1
514,4,0.2578125,0.1875,0.296875,0.28125,2,1
514,4,0.2890625,0.19140625,0.3515625,0.38671875,1,1
514,4,0.30078125,0.1015625,0.34765625,0.203125,1,1
514,4,0.140625,0.15234375,0.21484375,0.2265625,1,1
514,4,0.02734375,0.19921875,0.09765625,0.30859375,1,1
514,4,0.58984375,0.2578125,0.75,0.6484375,1,1
514,4,0.58984375,0.2578125,0.75,0.6484375,3,1
514,4,0.58203125,0.11328125,0.64453125,0.26953125,1,1
514,4,0.58203125,0.11328125,0.64453125,0.26953125,4,1
514,4,0.65625,0.20703125,0.83203125,0.50390625,1,1
514,4,0.67578125,0.1328125,0.78515625,0.28515625,1,1
514,4,0.77734375,0.20703125,0.9140625,0.4921875,1,1
514,4,0.92578125,0.25390625,0.9921875,0.48828125,1,1
515,4,0.49609375,0.21484375,0.59375,0.6484375,1,1
515,4,0.49609375,0.21484375,0.59375,0.6484375,3,1
515,4,0.390625,0.18359375,0.47265625,0.33984375,2,1
515,4,0.25390625,0.17578125,0.3203125,0.29296875,2,1
515,4,0.19140625,0.23046875,0.25390625,0.375,2,1
515,4,0.0390625,0.3125,0.19921875,0.6015625,1,1
515,4,0.4296875,0.08984375,0.46484375,0.1875,1,1
515,4,0.58984375,0.0859375,0.6953125,0.19140625,1,1
515,4,0.58984375,0.0859375,0.6953125,0.19140625,5,1
515,4,0.75390625,0.1875,0.84375,0.328125,2,1
515,4,0.859375,0.1875,0.90625,0.32421875,1,1
515,4,0.8984375,0.2578125,0.99609375,0.484375,1,1
515,4,0.9296875,0.21484375,0.99609375,0.33984375,1,1
515,4,0.9296875,0.21484375,0.99609375,0.33984375,5,1
515,4,0.0390625,0.2734375,0.109375,0.3984375,2,1
542,7,0.50390625,0.0859375,0.6015625,0.23046875,1,1
542,7,0.29296875,0.3203125,0.45703125,0.57421875,1,1
542,7,0.0625,0.3515625,0.15625,0.63671875,1,1
542,7,0.00390625,0.3515625,0.07421875,0.625,1,1
542,7,0.05078125,0.23046875,0.140625,0.375,1,1
542,7,0.17578125,0.2265625,0.2421875,0.37890625,2,1
542,7,0.265625,0.23828125,0.45703125,0.35546875,1,1
542,7,0.45703125,0.2578125,0.6953125,0.5546875,1,1
542,7,0.6484375,0.17578125,0.71875,0.27734375,1,1
542,7,0.71875,0.25390625,0.84765625,0.53515625,1,1
542,7,0.84375,0.2421875,0.94140625,0.4296875,1,1
542,7,0.92578125,0.18359375,0.9765625,0.3203125,1,1
536,5,0.50390625,0.125,0.57421875,0.31640625,1,1
536,5,0.50390625,0.125,0.57421875,0.31640625,5,1
536,5,0.61328125,0.08203125,0.6875,0.1875,1,1
536,5,0.61328125,0.08203125,0.6875,0.1875,5,1
536,5,0.71875,0.0859375,0.77734375,0.2265625,1,1
536,5,0.76953125,0.109375,0.8046875,0.1953125,1,1
536,5,0.83984375,0.13671875,0.8984375,0.2421875,1,1
536,5,0.78515625,0.2734375,0.90234375,0.45703125,1,1
536,5,0.91015625,0.21484375,0.98828125,0.375,1,1
536,4,0.4921875,0.109375,0.578125,0.328125,1,1
536,4,0.60546875,0.08203125,0.6875,0.1953125,1,1
536,4,0.71484375,0.0859375,0.77734375,0.21875,1,1
536,4,0.7734375,0.10546875,0.8203125,0.234375,1,1
536,4,0.75,0.26953125,0.890625,0.4921875,1,1
536,4,0.84375,0.1328125,0.89453125,0.25,1,1
536,4,0.9140625,0.21484375,0.98828125,0.37890625,1,1
536,3,0.48046875,0.11328125,0.5703125,0.328125,1,1
536,3,0.48046875,0.11328125,0.5703125,0.328125,5,1
536,3,0.609375,0.078125,0.68359375,0.19140625,1,1
536,3,0.609375,0.078125,0.68359375,0.19140625,5,1
536,3,0.71484375,0.09765625,0.77734375,0.23046875,1,1
536,3,0.74609375,0.26953125,0.91015625,0.48828125,1,1
536,3,0.7734375,0.10546875,0.81640625,0.20703125,1,1
536,3,0.84375,0.140625,0.89453125,0.24609375,1,1
536,2,0.47265625,0.109375,0.57421875,0.3359375,1,1
536,2,0.47265625,0.109375,0.57421875,0.3359375,5,1
536,2,0.60546875,0.078125,0.6875,0.1875,1,1
536,2,0.60546875,0.078125,0.6875,0.1875,5,1
536,2,0.75390625,0.26171875,0.8984375,0.46875,1,1
536,2,0.8984375,0.2109375,0.9921875,0.37890625,1,1
536,2,0.71484375,0.09375,0.78125,0.23046875,1,1
535,7,0.5078125,0.08203125,0.67578125,0.28515625,1,1
535,7,0.5078125,0.08203125,0.67578125,0.28515625,4,1
535,6,0.53125,0.09375,0.68359375,0.27734375,1,1
535,6,0.53125,0.09375,0.68359375,0.27734375,4,1
535,5,0.52734375,0.1015625,0.67578125,0.28125,1,1
535,5,0.52734375,0.1015625,0.67578125,0.28125,4,1
535,4,0.53125,0.09375,0.671875,0.29296875,1,1
535,4,0.53125,0.09375,0.671875,0.29296875,4,1
535,3,0.54296875,0.1015625,0.68359375,0.27734375,1,1
535,3,0.54296875,0.1015625,0.68359375,0.27734375,4,1
535,2,0.52734375,0.09765625,0.671875,0.28515625,1,1
535,2,0.52734375,0.09765625,0.671875,0.28515625,4,1
534,7,0.20703125,0.19140625,0.27734375,0.296875,2,1
534,7,0.703125,0.15234375,0.7421875,0.24609375,2,1
534,7,0.7734375,0.1875,0.83984375,0.3203125,2,1
534,7,0.84375,0.203125,0.89453125,0.3203125,2,1
534,7,0.921875,0.2421875,0.95703125,0.32421875,2,1
534,6,0.21875,0.1953125,0.28125,0.30078125,2,1
534,6,0.7734375,0.1875,0.83984375,0.3046875,2,1
534,6,0.703125,0.15625,0.75390625,0.25390625,2,1
534,6,0.84765625,0.22265625,0.89453125,0.3125,2,1
534,6,0.9296875,0.25390625,0.95703125,0.328125,2,1
534,5,0.21875,0.1953125,0.28125,0.2890625,2,1
534,5,0.70703125,0.1640625,0.75390625,0.26171875,2,1
534,5,0.77734375,0.1875,0.83203125,0.3203125,2,1
534,5,0.84375,0.203125,0.89453125,0.3203125,2,1
534,5,0.92578125,0.23046875,0.95703125,0.328125,2,1
534,4,0.21875,0.18359375,0.27734375,0.296875,2,1
534,4,0.7734375,0.18359375,0.83984375,0.3203125,2,1
534,4,0.7109375,0.16796875,0.75,0.2578125,2,1
534,4,0.84765625,0.20703125,0.890625,0.3125,2,1
534,4,0.921875,0.23828125,0.96484375,0.328125,2,1
534,3,0.2109375,0.1796875,0.2734375,0.29296875,2,1
534,3,0.703125,0.16015625,0.74609375,0.2421875,2,1
534,3,0.78125,0.1875,0.8359375,0.31640625,2,1
534,3,0.84375,0.21484375,0.89453125,0.3203125,2,1
534,3,0.92578125,0.25,0.95703125,0.3203125,2,1
534,2,0.21875,0.19921875,0.27734375,0.2890625,2,1
534,2,0.703125,0.1640625,0.75,0.25390625,2,1
534,2,0.7734375,0.1796875,0.83203125,0.328125,2,1
534,2,0.83984375,0.1953125,0.890625,0.3203125,2,1
534,2,0.92578125,0.24609375,0.95703125,0.33203125,2,1
533,7,0.21484375,0.19140625,0.28125,0.296875,2,1
533,7,0.6953125,0.16015625,0.73828125,0.24609375,2,1
533,7,0.72265625,0.10546875,0.79296875,0.24609375,1,1
533,7,0.78515625,0.203125,0.8359375,0.32421875,2,1
533,7,0.84375,0.21875,0.890625,0.31640625,2,1
533,7,0.93359375,0.2109375,0.9921875,0.375,1,1
533,6,0.2109375,0.1875,0.2734375,0.2890625,2,1
533,6,0.69921875,0.15625,0.7421875,0.24609375,2,1
533,6,0.77734375,0.1875,0.83984375,0.31640625,2,1
533,6,0.72265625,0.109375,0.796875,0.2265625,1,1
533,6,0.84765625,0.22265625,0.890625,0.31640625,2,1
533,6,0.92578125,0.2109375,0.9921875,0.359375,1,1
533,5,0.22265625,0.18359375,0.28515625,0.29296875,2,1
533,5,0.6953125,0.15234375,0.7421875,0.25,2,1
533,5,0.72265625,0.11328125,0.79296875,0.234375,1,1
533,5,0.77734375,0.19921875,0.83984375,0.31640625,2,1
533,5,0.8515625,0.21875,0.89453125,0.32421875,2,1
533,5,0.93359375,0.203125,0.9921875,0.359375,1,1
533,4,0.20703125,0.17578125,0.28125,0.3046875,2,1
533,4,0.69921875,0.15234375,0.7421875,0.24609375,2,1
533,4,0.71875,0.11328125,0.79296875,0.23046875,1,1
533,4,0.78515625,0.19921875,0.83984375,0.32421875,2,1
533,4,0.8515625,0.2109375,0.89453125,0.3203125,2,1
533,4,0.93359375,0.2109375,0.9921875,0.359375,1,1
532,3,0.28125,0.19921875,0.3671875,0.3671875,2,1
532,3,0.2265625,0.1953125,0.26953125,0.29296875,2,1
532,3,0.68359375,0.15234375,0.73828125,0.25,2,1
532,3,0.76953125,0.1953125,0.83984375,0.31640625,2,1
532,3,0.84765625,0.203125,0.90234375,0.328125,2,1
532,3,0.92578125,0.23046875,0.984375,0.34375,2,1
530,7,0.06640625,0.36328125,0.17578125,0.75,1,1
530,7,0.06640625,0.36328125,0.17578125,0.75,3,1
530,7,0.5390625,0.08984375,0.64453125,0.23828125,1,1
530,7,0.5390625,0.08984375,0.64453125,0.23828125,4,1
530,7,0.2109375,0.203125,0.28125,0.30078125,2,1
530,7,0.2109375,0.203125,0.28125,0.30078125,5,1
530,7,0.88671875,0.26953125,0.9921875,0.53125,1,1
530,7,0.88671875,0.26953125,0.9921875,0.53125,3,1
530,7,0.828125,0.203125,0.890625,0.3125,2,1
530,7,0.69140625,0.15234375,0.74609375,0.25390625,2,1
530,7,0.69140625,0.15234375,0.74609375,0.25390625,5,1
530,7,0.76953125,0.16015625,0.8125,0.25390625,2,1
530,6,0.53515625,0.09375,0.640625,0.25,1,1
530,6,0.53515625,0.09375,0.640625,0.25,4,1
530,6,0.2265625,0.21484375,0.28125,0.30859375,2,1
530,6,0.2265625,0.21484375,0.28125,0.30859375,5,1
530,6,0.0703125,0.359375,0.15625,0.69921875,1,1
530,6,0.0703125,0.359375,0.15625,0.69921875,3,1
530,6,0.6953125,0.1484375,0.75,0.2421875,2,1
530,6,0.6953125,0.1484375,0.75,0.2421875,5,1
530,6,0.828125,0.20703125,0.890625,0.31640625,2,1
530,6,0.890625,0.2734375,0.98828125,0.53515625,1,1
530,6,0.890625,0.2734375,0.98828125,0.53515625,3,1
530,5,0.21484375,0.1953125,0.27734375,0.296875,2,1
530,5,0.21484375,0.1953125,0.27734375,0.296875,5,1
530,5,0.06640625,0.36328125,0.16015625,0.71484375,1,1
530,5,0.06640625,0.36328125,0.16015625,0.71484375,3,1
530,5,0.54296875,0.09765625,0.64453125,0.24609375,1,1
530,5,0.54296875,0.09765625,0.64453125,0.24609375,4,1
530,5,0.69140625,0.14453125,0.7578125,0.26171875,2,1
530,5,0.69140625,0.14453125,0.7578125,0.26171875,5,1
530,5,0.828125,0.1953125,0.88671875,0.32421875,2,1
530,5,0.89453125,0.2734375,0.984375,0.5390625,1,1
530,5,0.89453125,0.2734375,0.984375,0.5390625,3,1
530,4,0.69140625,0.1328125,0.75,0.25,2,1
530,4,0.69140625,0.1328125,0.75,0.25,5,1
530,4,0.21875,0.19921875,0.2734375,0.30078125,2,1
530,4,0.21875,0.19921875,0.2734375,0.30078125,5,1
530,4,0.0703125,0.3515625,0.16015625,0.70703125,1,1
530,4,0.0703125,0.3515625,0.16015625,0.70703125,3,1
530,4,0.54296875,0.08984375,0.640625,0.234375,1,1
530,4,0.54296875,0.08984375,0.640625,0.234375,4,1
530,4,0.83203125,0.21484375,0.890625,0.31640625,2,1
530,4,0.890625,0.28125,0.98828125,0.5546875,1,1
530,4,0.890625,0.28125,0.98828125,0.5546875,3,1
530,3,0.5390625,0.09375,0.640625,0.25,1,1
530,3,0.5390625,0.09375,0.640625,0.25,4,1
530,3,0.21484375,0.203125,0.27734375,0.31640625,2,1
530,3,0.21484375,0.203125,0.27734375,0.31640625,5,1
530,3,0.06640625,0.37109375,0.16796875,0.703125,1,1
530,3,0.06640625,0.37109375,0.16796875,0.703125,3,1
530,3,0.69140625,0.1328125,0.75,0.24609375,2,1
530,3,0.69140625,0.1328125,0.75,0.24609375,5,1
530,3,0.8203125,0.1953125,0.89453125,0.3203125,2,1
530,3,0.88671875,0.26953125,0.984375,0.53125,1,1
530,3,0.88671875,0.26953125,0.984375,0.53125,3,1
530,2,0.54296875,0.09375,0.64453125,0.24609375,1,1
530,2,0.54296875,0.09375,0.64453125,0.24609375,4,1
530,2,0.2109375,0.203125,0.28125,0.296875,2,1
530,2,0.2109375,0.203125,0.28125,0.296875,5,1
530,2,0.0625,0.359375,0.16015625,0.703125,1,1
530,2,0.0625,0.359375,0.16015625,0.703125,3,1
530,2,0.6953125,0.1484375,0.75390625,0.24609375,2,1
530,2,0.6953125,0.1484375,0.75390625,0.24609375,5,1
530,2,0.828125,0.203125,0.890625,0.3125,2,1
530,2,0.89453125,0.27734375,0.98828125,0.53125,1,1
530,2,0.89453125,0.27734375,0.98828125,0.53125,3,1
529,7,0.51171875,0.08203125,0.61328125,0.203125,1,1
529,7,0.0078125,0.34765625,0.12890625,0.6875,1,1
529,7,0.0078125,0.34765625,0.12890625,0.6875,3,1
529,7,0.13671875,0.23046875,0.2265625,0.71484375,1,1
529,7,0.203125,0.25390625,0.28515625,0.7109375,1,1
529,7,0.203125,0.25390625,0.28515625,0.7109375,3,1
529,7,0.265625,0.21875,0.3984375,0.734375,1,1
529,7,0.265625,0.21875,0.3984375,0.734375,3,1
529,7,0.4453125,0.22265625,0.56640625,0.6875,1,1
529,7,0.4453125,0.22265625,0.56640625,0.6875,3,1
529,7,0.61328125,0.25390625,0.73828125,0.64453125,1,1
529,7,0.61328125,0.25390625,0.73828125,0.64453125,3,1
529,7,0.75390625,0.23046875,0.84375,0.51953125,1,1
529,7,0.6953125,0.1484375,0.75390625,0.24609375,2,1
529,7,0.6953125,0.1484375,0.75390625,0.24609375,5,1
529,7,0.85546875,0.24609375,0.92578125,0.45703125,1,1
513,5,0.26953125,0.125,0.31640625,0.2109375,1,1
513,5,0.14453125,0.15234375,0.2109375,0.27734375,1,1
513,5,0.0703125,0.22265625,0.1484375,0.35546875,1,1
513,5,0.02734375,0.328125,0.171875,0.69921875,1,1
513,5,0.02734375,0.328125,0.171875,0.69921875,3,1
513,5,0.16015625,0.30078125,0.24609375,0.71875,1,1
513,5,0.16015625,0.30078125,0.24609375,0.71875,3,1
513,5,0.25,0.26171875,0.328125,0.7109375,1,1
513,5,0.25,0.26171875,0.328125,0.7109375,3,1
513,5,0.32421875,0.25,0.42578125,0.70703125,1,1
513,5,0.32421875,0.25,0.42578125,0.70703125,3,1
513,5,0.2890625,0.18359375,0.35546875,0.30078125,1,1
513,5,0.4375,0.25,0.52734375,0.671875,1,1
513,5,0.4375,0.25,0.52734375,0.671875,3,1
513,5,0.53515625,0.21484375,0.65625,0.55078125,1,1
513,5,0.59765625,0.109375,0.65234375,0.25390625,1,1
513,5,0.6640625,0.25,0.796875,0.63671875,1,1
513,5,0.6640625,0.25,0.796875,0.63671875,3,1
513,5,0.78515625,0.2890625,0.828125,0.57421875,1,1
513,5,0.78515625,0.2890625,0.828125,0.57421875,3,1
513,5,0.78515625,0.23046875,0.91796875,0.5078125,1,1
513,5,0.6875,0.109375,0.765625,0.26171875,1,1
513,5,0.91796875,0.265625,0.97265625,0.546875,1,1
513,5,0.91796875,0.265625,0.97265625,0.546875,3,1
514,2,0.2109375,0.28515625,0.30859375,0.70703125,1,1
514,2,0.2109375,0.28515625,0.30859375,0.70703125,3,1
514,2,0.04296875,0.35546875,0.140625,0.66015625,1,1
514,2,0.2578125,0.19140625,0.3515625,0.37890625,1,1
514,2,0.1171875,0.21875,0.1953125,0.41796875,1,1
514,2,0.13671875,0.140625,0.203125,0.21875,1,1
514,2,0.296875,0.12109375,0.34765625,0.19921875,1,1
514,2,0.578125,0.26171875,0.74609375,0.6171875,1,1
514,2,0.578125,0.26171875,0.74609375,0.6171875,3,1
514,2,0.57421875,0.0859375,0.6484375,0.26953125,1,1
514,2,0.57421875,0.0859375,0.6484375,0.26953125,4,1
514,2,0.66015625,0.1953125,0.7890625,0.36328125,1,1
514,2,0.76953125,0.21484375,0.90234375,0.421875,1,1
514,2,0.67578125,0.13671875,0.76953125,0.25,1,1
514,2,0.67578125,0.13671875,0.76953125,0.25,4,1
514,2,0.91015625,0.265625,0.9765625,0.4609375,1,1
513,7,0.5703125,0.1015625,0.609375,0.2421875,1,1
513,7,0.60546875,0.109375,0.65234375,0.25390625,1,1
513,7,0.52734375,0.22265625,0.65625,0.5,1,1
513,7,0.453125,0.234375,0.5546875,0.5625,1,1
513,7,0.29296875,0.18359375,0.34765625,0.3359375,1,1
513,7,0.2734375,0.1328125,0.3125,0.203125,1,1
513,7,0.1484375,0.14453125,0.2109375,0.26171875,1,1
513,7,0.0703125,0.22265625,0.1484375,0.3828125,1,1
513,7,0.0546875,0.3125,0.171875,0.6953125,1,1
513,7,0.0546875,0.3125,0.171875,0.6953125,3,1
513,7,0.16015625,0.28515625,0.2421875,0.70703125,1,1
513,7,0.16015625,0.28515625,0.2421875,0.70703125,3,1
513,7,0.25,0.2578125,0.3203125,0.7265625,1,1
513,7,0.25,0.2578125,0.3203125,0.7265625,3,1
513,7,0.3125,0.23828125,0.421875,0.7109375,1,1
513,7,0.3125,0.23828125,0.421875,0.7109375,3,1
513,7,0.6875,0.1171875,0.76953125,0.25,1,1
513,7,0.66796875,0.25390625,0.8046875,0.609375,1,1
513,7,0.66796875,0.25390625,0.8046875,0.609375,3,1
513,7,0.7265625,0.23046875,0.85546875,0.578125,1,1
513,7,0.7265625,0.23046875,0.85546875,0.578125,3,1
513,7,0.80078125,0.234375,0.91796875,0.49609375,1,1
513,7,0.9296875,0.296875,0.97265625,0.53125,1,1
513,7,0.9296875,0.296875,0.97265625,0.53125,3,1
513,6,0.296875,0.18359375,0.3515625,0.32421875,1,1
513,6,0.14453125,0.13671875,0.2109375,0.26171875,1,1
513,6,0.078125,0.21875,0.1484375,0.375,1,1
513,6,0.078125,0.21875,0.1484375,0.375,5,1
513,6,0.05078125,0.3359375,0.1484375,0.72265625,1,1
513,6,0.05078125,0.3359375,0.1484375,0.72265625,3,1
513,6,0.15234375,0.29296875,0.24609375,0.71875,1,1
513,6,0.15234375,0.29296875,0.24609375,0.71875,3,1
513,6,0.25390625,0.27734375,0.32421875,0.70703125,1,1
513,6,0.25390625,0.27734375,0.32421875,0.70703125,3,1
513,6,0.3203125,0.2421875,0.421875,0.69140625,1,1
513,6,0.3203125,0.2421875,0.421875,0.69140625,3,1
513,6,0.4453125,0.23046875,0.55859375,0.55859375,1,1
513,6,0.54296875,0.2265625,0.6796875,0.54296875,1,1
513,6,0.6640625,0.26171875,0.8125,0.59765625,1,1
513,6,0.6640625,0.26171875,0.8125,0.59765625,3,1
513,6,0.57421875,0.09375,0.609375,0.22265625,1,1
513,6,0.57421875,0.09375,0.609375,0.22265625,4,1
513,6,0.59765625,0.06640625,0.6484375,0.2421875,1,1
513,6,0.59765625,0.06640625,0.6484375,0.2421875,4,1
513,6,0.68359375,0.12109375,0.765625,0.2578125,1,1
513,6,0.78515625,0.234375,0.921875,0.50390625,1,1
513,6,0.92578125,0.28125,0.97265625,0.54296875,1,1
513,6,0.92578125,0.28125,0.97265625,0.54296875,3,1
514,5,0.58203125,0.1015625,0.64453125,0.2578125,1,1
514,5,0.58203125,0.26953125,0.75,0.640625,1,1
514,5,0.58203125,0.26953125,0.75,0.640625,3,1
514,5,0.19921875,0.26953125,0.3203125,0.69140625,1,1
514,5,0.19921875,0.26953125,0.3203125,0.69140625,3,1
514,5,0.0234375,0.33203125,0.13671875,0.71484375,1,1
514,5,0.0234375,0.33203125,0.13671875,0.71484375,3,1
514,5,0.11328125,0.203125,0.19921875,0.42578125,1,1
514,5,0.140625,0.15625,0.2109375,0.23828125,1,1
514,5,0.2578125,0.1953125,0.34765625,0.36328125,1,1
514,5,0.296875,0.1171875,0.34765625,0.203125,1,1
514,5,0.6640625,0.1328125,0.7578125,0.25,1,1
514,5,0.6640625,0.1328125,0.7578125,0.25,4,1
514,5,0.76953125,0.1953125,0.90625,0.46484375,1,1
515,3,0.5,0.2265625,0.59765625,0.640625,1,1
515,3,0.5,0.2265625,0.59765625,0.640625,3,1
515,3,0.43359375,0.0859375,0.46875,0.1875,1,1
515,3,0.58984375,0.08984375,0.69140625,0.16796875,1,1
515,3,0.58984375,0.08984375,0.69140625,0.16796875,5,1
515,3,0.75,0.19140625,0.84375,0.3125,2,1
515,3,0.859375,0.18359375,0.91015625,0.29296875,2,1
515,3,0.890625,0.2578125,0.984375,0.46484375,1,1
515,3,0.25,0.18359375,0.3125,0.28515625,2,1
515,3,0.0390625,0.3046875,0.20703125,0.6015625,1,1
515,3,0.16796875,0.2109375,0.23828125,0.34765625,2,1
515,2,0.4296875,0.08984375,0.46484375,0.19140625,1,1
515,2,0.49609375,0.234375,0.59375,0.640625,1,1
515,2,0.49609375,0.234375,0.59375,0.640625,3,1
515,2,0.58984375,0.0703125,0.69140625,0.19140625,1,1
515,2,0.25,0.17578125,0.31640625,0.27734375,2,1
515,2,0.04296875,0.31640625,0.20703125,0.58203125,1,1
515,2,0.1796875,0.21875,0.24609375,0.36328125,2,1
515,2,0.75,0.1875,0.84375,0.31640625,2,1
515,2,0.85546875,0.18359375,0.90234375,0.296875,1,1
515,2,0.890625,0.26953125,0.9921875,0.47265625,1,1
514,7,0.5703125,0.10546875,0.65234375,0.2421875,1,1
514,7,0.66015625,0.12890625,0.765625,0.24609375,1,1
514,7,0.66015625,0.12890625,0.765625,0.24609375,4,1
514,7,0.57421875,0.2578125,0.7421875,0.6171875,1,1
514,7,0.57421875,0.2578125,0.7421875,0.6171875,3,1
514,7,0.74609375,0.25390625,0.80859375,0.4609375,1,1
514,7,0.26171875,0.1875,0.3515625,0.37890625,1,1
514,7,0.22265625,0.28125,0.3125,0.67578125,1,1
514,7,0.22265625,0.28125,0.3125,0.67578125,3,1
514,7,0.0390625,0.3515625,0.12890625,0.70703125,1,1
514,7,0.0390625,0.3515625,0.12890625,0.70703125,3,1
514,7,0.12109375,0.2109375,0.203125,0.41796875,1,1
514,7,0.1484375,0.12890625,0.2109375,0.23046875,1,1
514,7,0.30859375,0.1171875,0.3515625,0.19140625,1,1
514,7,0.7734375,0.20703125,0.90234375,0.453125,1,1
514,6,0.57421875,0.0859375,0.6484375,0.26171875,1,1
514,6,0.58203125,0.27734375,0.7578125,0.625,1,1
514,6,0.58203125,0.27734375,0.7578125,0.625,3,1
514,6,0.26171875,0.19140625,0.34765625,0.35546875,1,1
514,6,0.21875,0.27734375,0.3125,0.69921875,1,1
514,6,0.21875,0.27734375,0.3125,0.69921875,3,1
514,6,0.0390625,0.3515625,0.13671875,0.70703125,1,1
514,6,0.0390625,0.3515625,0.13671875,0.70703125,3,1
514,6,0.11328125,0.21875,0.203125,0.40625,1,1
514,6,0.140625,0.15234375,0.21484375,0.234375,1,1
514,6,0.296875,0.11328125,0.35546875,0.19140625,1,1
514,6,0.6640625,0.14453125,0.7578125,0.26171875,1,1
514,6,0.6640625,0.14453125,0.7578125,0.26171875,4,1
514,6,0.76953125,0.19921875,0.89453125,0.4453125,1,1
515,3,0.390625,0.1953125,0.47265625,0.33984375,2,1
515,2,0.38671875,0.20703125,0.47265625,0.32421875,2,1
515,6,0.765625,0.203125,0.84765625,0.3203125,2,1
515,6,0.48046875,0.21484375,0.61328125,0.640625,1,1
515,6,0.48046875,0.21484375,0.61328125,0.640625,3,1
515,6,0.37890625,0.18359375,0.46484375,0.34375,2,1
515,6,0.25,0.1953125,0.3203125,0.27734375,2,1
515,6,0.18359375,0.23828125,0.25,0.37109375,2,1
515,6,0.02734375,0.3203125,0.1953125,0.6015625,1,1
515,6,0.4296875,0.08203125,0.46875,0.1796875,1,1
515,6,0.58984375,0.08984375,0.69140625,0.1796875,1,1
515,6,0.86328125,0.18359375,0.8984375,0.28125,1,1
515,6,0.890625,0.24609375,0.9921875,0.51171875,1,1
516,2,0.47265625,0.07421875,0.55859375,0.171875,1,1
516,3,0.4765625,0.078125,0.5625,0.1640625,1,1
516,4,0.48046875,0.08203125,0.55859375,0.16796875,1,1
516,5,0.4765625,0.08203125,0.5625,0.1640625,1,1
516,6,0.4765625,0.08203125,0.54296875,0.16796875,1,1
516,7,0.484375,0.0703125,0.54296875,0.1640625,1,1
517,2,0.4296875,0.0703125,0.5,0.1640625,1,1
517,2,0.53125,0.0703125,0.57421875,0.16015625,1,1
517,3,0.4296875,0.0703125,0.5,0.171875,1,1
517,3,0.53125,0.0625,0.57421875,0.16796875,1,1
517,4,0.4296875,0.07421875,0.50390625,0.16796875,1,1
517,4,0.53125,0.06640625,0.58203125,0.16015625,1,1
517,5,0.4296875,0.0703125,0.50390625,0.16796875,1,1
517,5,0.53125,0.06640625,0.58203125,0.171875,1,1
517,6,0.42578125,0.0625,0.5,0.171875,1,1
517,6,0.53125,0.06640625,0.58203125,0.1640625,1,1
517,7,0.5234375,0.078125,0.578125,0.1796875,1,1
517,7,0.43359375,0.06640625,0.5,0.16015625,1,1
518,2,0.4609375,0.0703125,0.50390625,0.171875,1,1
518,2,0.28125,0.22265625,0.3515625,0.35546875,2,1
518,2,0.08984375,0.34375,0.1640625,0.71484375,1,1
518,2,0.08984375,0.34375,0.1640625,0.71484375,3,1
518,2,0.1328125,0.25,0.1875,0.37890625,2,1
518,2,0.1875,0.22265625,0.26953125,0.37890625,2,1
518,2,0.25390625,0.1328125,0.3203125,0.21484375,1,1
518,2,0.39453125,0.1640625,0.5625,0.26953125,1,1
518,2,0.3984375,0.2734375,0.6015625,0.609375,1,1
518,2,0.54296875,0.234375,0.7109375,0.6015625,1,1
518,2,0.578125,0.09375,0.6484375,0.23828125,1,1
518,2,0.6875,0.13671875,0.7734375,0.2890625,1,1
518,2,0.6875,0.13671875,0.7734375,0.2890625,4,1
518,2,0.67578125,0.234375,0.8359375,0.6015625,1,1
518,2,0.67578125,0.234375,0.8359375,0.6015625,3,1
518,2,0.81640625,0.2578125,0.91796875,0.546875,1,1
518,2,0.81640625,0.2578125,0.91796875,0.546875,3,1
518,2,0.92578125,0.3046875,0.97265625,0.515625,1,1
518,2,0.92578125,0.3046875,0.97265625,0.515625,3,1
519,3,0.30078125,0.265625,0.39453125,0.6875,1,1
519,3,0.30078125,0.265625,0.39453125,0.6875,3,1
519,3,0.5234375,0.08203125,0.6640625,0.265625,1,1
519,3,0.5234375,0.08203125,0.6640625,0.265625,4,1
519,3,0.4296875,0.18359375,0.515625,0.40625,1,1
519,3,0.28515625,0.1953125,0.359375,0.33203125,2,1
519,3,0.21875,0.203125,0.27734375,0.29296875,2,1
519,3,0.12109375,0.28125,0.19140625,0.51171875,1,1
519,3,0.0546875,0.3125,0.11328125,0.5078125,1,1
519,3,0.72265625,0.24609375,0.796875,0.53125,1,1
519,3,0.79296875,0.23828125,0.88671875,0.5625,1,1
519,3,0.79296875,0.23828125,0.88671875,0.5625,3,1
519,3,0.67578125,0.12890625,0.7890625,0.26953125,1,1
519,2,0.4296875,0.1640625,0.5234375,0.40234375,1,1
519,2,0.51953125,0.08984375,0.66015625,0.2421875,1,1
519,2,0.28515625,0.1796875,0.37109375,0.34375,2,1
519,2,0.3046875,0.27734375,0.40234375,0.69140625,1,1
519,2,0.3046875,0.27734375,0.40234375,0.69140625,3,1
519,2,0.2109375,0.1953125,0.265625,0.28515625,2,1
519,2,0.11328125,0.3046875,0.16796875,0.53125,1,1
519,2,0.05859375,0.3203125,0.11328125,0.5546875,1,1
519,2,0.67578125,0.1171875,0.78515625,0.2734375,1,1
519,2,0.71875,0.25390625,0.80078125,0.55078125,1,1
519,2,0.79296875,0.25,0.88671875,0.56640625,1,1
519,2,0.79296875,0.25,0.88671875,0.56640625,3,1
519,2,0.859375,0.16015625,0.95703125,0.34375,1,1
518,3,0.5703125,0.1015625,0.66015625,0.265625,1,1
518,3,0.46484375,0.0703125,0.51171875,0.171875,1,1
518,3,0.39453125,0.18359375,0.55859375,0.265625,1,1
518,3,0.375,0.265625,0.578125,0.5859375,1,1
518,3,0.54296875,0.23828125,0.70703125,0.56640625,1,1
518,3,0.28515625,0.21484375,0.36328125,0.3515625,2,1
518,3,0.26171875,0.140625,0.328125,0.22265625,1,1
518,3,0.1875,0.21484375,0.25390625,0.36328125,2,1
518,3,0.140625,0.265625,0.1875,0.37890625,2,1
518,3,0.07421875,0.3359375,0.16796875,0.69921875,1,1
518,3,0.07421875,0.3359375,0.16796875,0.69921875,3,1
518,3,0.6796875,0.24609375,0.828125,0.59375,1,1
518,3,0.6796875,0.24609375,0.828125,0.59375,3,1
518,3,0.82421875,0.2578125,0.92578125,0.5546875,1,1
518,3,0.82421875,0.2578125,0.92578125,0.5546875,3,1
518,3,0.9296875,0.3203125,0.9765625,0.5234375,1,1
518,3,0.9296875,0.3203125,0.9765625,0.5234375,3,1
518,3,0.6875,0.12890625,0.7734375,0.265625,1,1
518,4,0.4609375,0.0859375,0.5078125,0.171875,1,1
518,4,0.38671875,0.171875,0.55859375,0.28515625,1,1
518,4,0.27734375,0.21484375,0.359375,0.35546875,2,1
518,4,0.2578125,0.1328125,0.32421875,0.21875,1,1
518,4,0.18359375,0.21875,0.25,0.3671875,2,1
518,4,0.1328125,0.25390625,0.18359375,0.3671875,2,1
518,4,0.08984375,0.328125,0.171875,0.72265625,1,1
518,4,0.08984375,0.328125,0.171875,0.72265625,3,1
518,4,0.3828125,0.26953125,0.57421875,0.5390625,1,1
518,4,0.53515625,0.23046875,0.6875,0.59375,1,1
518,4,0.6796875,0.2578125,0.83984375,0.578125,1,1
518,4,0.6796875,0.2578125,0.83984375,0.578125,3,1
518,4,0.828125,0.25,0.92578125,0.5703125,1,1
518,4,0.828125,0.25,0.92578125,0.5703125,3,1
518,4,0.9296875,0.30859375,0.984375,0.5390625,1,1
518,4,0.9296875,0.30859375,0.984375,0.5390625,3,1
518,4,0.68359375,0.1328125,0.76953125,0.296875,1,1
518,4,0.56640625,0.09765625,0.6640625,0.2421875,1,1
519,5,0.51171875,0.1015625,0.65234375,0.26171875,1,1
519,5,0.51171875,0.1015625,0.65234375,0.26171875,4,1
519,5,0.42578125,0.1796875,0.50390625,0.3984375,1,1
519,5,0.30078125,0.28125,0.3984375,0.69921875,1,1
519,5,0.30078125,0.28125,0.3984375,0.69921875,3,1
519,5,0.28515625,0.18359375,0.359375,0.3203125,2,1
519,5,0.20703125,0.19921875,0.2734375,0.296875,2,1
519,5,0.0859375,0.33984375,0.15625,0.66796875,1,1
519,5,0.0859375,0.33984375,0.15625,0.66796875,3,1
519,5,0.1171875,0.25390625,0.1953125,0.44140625,1,1
519,5,0.7109375,0.21875,0.796875,0.546875,1,1
519,5,0.796875,0.2421875,0.8828125,0.578125,1,1
519,5,0.796875,0.2421875,0.8828125,0.578125,3,1
519,5,0.67578125,0.12109375,0.80078125,0.26953125,1,1
519,5,0.86328125,0.16015625,0.95703125,0.34375,1,1
519,6,0.5234375,0.09375,0.66015625,0.2734375,1,1
519,6,0.5234375,0.09375,0.66015625,0.2734375,4,1
519,6,0.4375,0.171875,0.5078125,0.40625,1,1
519,6,0.296875,0.26953125,0.3984375,0.67578125,1,1
519,6,0.296875,0.26953125,0.3984375,0.67578125,3,1
519,6,0.08203125,0.32421875,0.16796875,0.69921875,1,1
519,6,0.08203125,0.32421875,0.16796875,0.69921875,3,1
519,6,0.12890625,0.25,0.18359375,0.37109375,1,1
519,6,0.2109375,0.18359375,0.26953125,0.30859375,2,1
519,6,0.28515625,0.1875,0.36328125,0.3515625,2,1
519,6,0.71875,0.23828125,0.796875,0.546875,1,1
519,6,0.79296875,0.23046875,0.8828125,0.5859375,1,1
519,6,0.79296875,0.23046875,0.8828125,0.5859375,3,1
519,6,0.671875,0.11328125,0.78515625,0.2734375,1,1
519,6,0.85546875,0.15625,0.921875,0.296875,1,1
519,7,0.1015625,0.33203125,0.17578125,0.6953125,1,1
519,7,0.1015625,0.33203125,0.17578125,0.6953125,3,1
519,7,0.125,0.265625,0.1953125,0.40234375,1,1
519,7,0.20703125,0.1875,0.2734375,0.2890625,2,1
519,7,0.28515625,0.1796875,0.359375,0.34765625,2,1
519,7,0.265625,0.25390625,0.41015625,0.69140625,1,1
519,7,0.43359375,0.1796875,0.5234375,0.3984375,1,1
519,7,0.5234375,0.08203125,0.6640625,0.26171875,1,1
519,7,0.5234375,0.08203125,0.6640625,0.26171875,4,1
519,7,0.66796875,0.1171875,0.7890625,0.28515625,1,1
519,7,0.70703125,0.234375,0.79296875,0.58984375,1,1
519,7,0.7890625,0.22265625,0.87890625,0.55859375,1,1
519,7,0.7890625,0.22265625,0.87890625,0.55859375,3,1
519,7,0.8515625,0.15625,0.9140625,0.28515625,1,1
518,5,0.25390625,0.125,0.32421875,0.2265625,1,1
518,5,0.18359375,0.21875,0.25390625,0.3984375,2,1
518,5,0.13671875,0.26953125,0.1875,0.3828125,2,1
518,5,0.078125,0.3359375,0.15234375,0.71875,1,1
518,5,0.078125,0.3359375,0.15234375,0.71875,3,1
518,5,0.28125,0.21875,0.36328125,0.36328125,2,1
518,5,0.375,0.2578125,0.5625,0.57421875,1,1
518,5,0.39453125,0.17578125,0.55859375,0.2578125,1,1
518,5,0.45703125,0.08203125,0.51171875,0.171875,1,1
518,5,0.56640625,0.1015625,0.65625,0.25,1,1
518,5,0.53125,0.23046875,0.69921875,0.56640625,1,1
518,5,0.67578125,0.2734375,0.84375,0.609375,1,1
518,5,0.67578125,0.2734375,0.84375,0.609375,3,1
518,5,0.82421875,0.24609375,0.921875,0.5625,1,1
518,5,0.82421875,0.24609375,0.921875,0.5625,3,1
518,5,0.921875,0.30859375,0.9765625,0.54296875,1,1
518,5,0.921875,0.30859375,0.9765625,0.54296875,3,1
518,5,0.6875,0.13671875,0.77734375,0.2890625,1,1
518,6,0.6796875,0.1328125,0.77734375,0.26953125,1,1
518,6,0.55859375,0.0859375,0.66015625,0.2578125,1,1
518,6,0.46484375,0.078125,0.515625,0.17578125,1,1
518,6,0.38671875,0.16796875,0.55859375,0.26953125,1,1
518,6,0.3515625,0.25,0.55859375,0.56640625,1,1
518,6,0.5234375,0.2265625,0.69140625,0.546875,1,1
518,6,0.6796875,0.24609375,0.84375,0.6015625,1,1
518,6,0.6796875,0.24609375,0.84375,0.6015625,3,1
518,6,0.828125,0.26171875,0.91796875,0.55859375,1,1
518,6,0.828125,0.26171875,0.91796875,0.55859375,3,1
518,6,0.92578125,0.3125,0.984375,0.5390625,1,1
518,6,0.92578125,0.3125,0.984375,0.5390625,3,1
518,6,0.265625,0.2265625,0.34765625,0.34375,2,1
518,6,0.0859375,0.34765625,0.17578125,0.7265625,1,1
518,6,0.0859375,0.34765625,0.17578125,0.7265625,3,1
518,6,0.1796875,0.22265625,0.25,0.36328125,2,1
518,6,0.25390625,0.1328125,0.32421875,0.22265625,1,1
518,6,0.1328125,0.2578125,0.18359375,0.375,2,1
518,7,0.46484375,0.07421875,0.5078125,0.17578125,1,1
518,7,0.5703125,0.1015625,0.65625,0.25390625,1,1
518,7,0.39453125,0.16796875,0.55859375,0.26953125,1,1
518,7,0.359375,0.25,0.5703125,0.55859375,1,1
518,7,0.51171875,0.21875,0.69140625,0.578125,1,1
518,7,0.671875,0.24609375,0.85546875,0.58984375,1,1
518,7,0.671875,0.24609375,0.85546875,0.58984375,3,1
518,7,0.82421875,0.25390625,0.921875,0.5625,1,1
518,7,0.82421875,0.25390625,0.921875,0.5625,3,1
518,7,0.9296875,0.296875,0.984375,0.52734375,1,1
518,7,0.9296875,0.296875,0.984375,0.52734375,3,1
518,7,0.6796875,0.13671875,0.77734375,0.28515625,1,1
518,7,0.27734375,0.2109375,0.35546875,0.34765625,2,1
518,7,0.078125,0.34765625,0.1640625,0.7265625,1,1
518,7,0.078125,0.34765625,0.1640625,0.7265625,3,1
518,7,0.12109375,0.24609375,0.19140625,0.37109375,2,1
518,7,0.1875,0.21875,0.2578125,0.36328125,2,1
518,7,0.25390625,0.1328125,0.3203125,0.22265625,1,1
520,2,0.27734375,0.3046875,0.37109375,0.69140625,1,1
520,2,0.27734375,0.3046875,0.37109375,0.69140625,3,1
520,2,0.17578125,0.296875,0.265625,0.61328125,1,1
520,2,0.08984375,0.32421875,0.16796875,0.6953125,1,1
520,2,0.08984375,0.32421875,0.16796875,0.6953125,3,1
520,2,0.00390625,0.33203125,0.078125,0.70703125,1,1
520,2,0.00390625,0.33203125,0.078125,0.70703125,3,1
520,2,0.35546875,0.23828125,0.45703125,0.63671875,1,1
520,2,0.35546875,0.23828125,0.45703125,0.63671875,3,1
520,2,0.484375,0.23828125,0.65234375,0.64453125,1,1
520,2,0.484375,0.23828125,0.65234375,0.64453125,3,1
520,2,0.62109375,0.25390625,0.71484375,0.4765625,1,1
520,2,0.6640625,0.2265625,0.796875,0.58203125,1,1
520,2,0.79296875,0.296875,0.86328125,0.5,1,1
520,2,0.86328125,0.24609375,0.91015625,0.54296875,1,1
520,2,0.86328125,0.24609375,0.91015625,0.54296875,3,1
520,2,0.921875,0.26953125,0.96875,0.51171875,1,1
520,2,0.921875,0.26953125,0.96875,0.51171875,3,1
521,7,0.28125,0.203125,0.359375,0.35546875,1,1
521,7,0.31640625,0.21484375,0.44921875,0.5703125,1,1
521,7,0.44921875,0.08203125,0.515625,0.17578125,1,1
521,7,0.5078125,0.125,0.57421875,0.30078125,1,1
521,7,0.57421875,0.09765625,0.61328125,0.265625,1,1
521,7,0.59765625,0.21484375,0.6953125,0.65625,1,1
521,7,0.59765625,0.21484375,0.6953125,0.65625,3,1
521,7,0.6953125,0.25390625,0.8359375,0.5703125,1,1
521,7,0.6953125,0.25390625,0.8359375,0.5703125,3,1
521,7,0.828125,0.2734375,0.87109375,0.578125,1,1
521,7,0.828125,0.2734375,0.87109375,0.578125,3,1
521,7,0.62109375,0.12109375,0.66796875,0.25390625,1,1
521,7,0.00390625,0.3515625,0.1015625,0.7265625,1,1
521,7,0.00390625,0.3515625,0.1015625,0.7265625,3,1
520,2,0.1171875,0.19921875,0.19921875,0.32421875,1,1
520,3,0.10546875,0.20703125,0.1953125,0.34765625,1,1
520,3,0.0,0.3359375,0.0859375,0.69140625,1,1
520,3,0.0,0.3359375,0.0859375,0.69140625,3,1
520,3,0.09765625,0.33203125,0.16796875,0.71875,1,1
520,3,0.09765625,0.33203125,0.16796875,0.71875,3,1
520,3,0.19140625,0.29296875,0.26953125,0.65234375,1,1
520,3,0.28125,0.28515625,0.375,0.703125,1,1
520,3,0.28125,0.28515625,0.375,0.703125,3,1
520,3,0.36328125,0.25,0.45703125,0.6640625,1,1
520,3,0.36328125,0.25,0.45703125,0.6640625,3,1
520,3,0.484375,0.24609375,0.6484375,0.6328125,1,1
520,3,0.484375,0.24609375,0.6484375,0.6328125,3,1
520,3,0.59375,0.25390625,0.73046875,0.48828125,1,1
520,3,0.71875,0.265625,0.8046875,0.59375,1,1
520,3,0.71875,0.265625,0.8046875,0.59375,3,1
520,3,0.796875,0.26171875,0.8984375,0.546875,1,1
520,3,0.796875,0.26171875,0.8984375,0.546875,3,1
520,3,0.91796875,0.2734375,0.97265625,0.5234375,1,1
520,3,0.91796875,0.2734375,0.97265625,0.5234375,3,1
521,6,0.31640625,0.19140625,0.453125,0.5390625,1,1
521,6,0.0,0.36328125,0.1015625,0.71875,1,1
521,6,0.0,0.36328125,0.1015625,0.71875,3,1
521,6,0.453125,0.0859375,0.5234375,0.19140625,1,1
521,6,0.515625,0.109375,0.57421875,0.27734375,1,1
521,6,0.59375,0.21875,0.6953125,0.65625,1,1
521,6,0.59375,0.21875,0.6953125,0.65625,3,1
521,6,0.69921875,0.25390625,0.83984375,0.56640625,1,1
521,6,0.69921875,0.25390625,0.83984375,0.56640625,3,1
521,6,0.83203125,0.32421875,0.87109375,0.5703125,1,1
521,6,0.83203125,0.32421875,0.87109375,0.5703125,3,1
521,6,0.60546875,0.1328125,0.66796875,0.23828125,1,1
521,6,0.88671875,0.25,0.94921875,0.47265625,1,1
521,6,0.73828125,0.109375,0.8125,0.19921875,1,1
520,4,0.48046875,0.2421875,0.65625,0.62109375,1,1
520,4,0.48046875,0.2421875,0.65625,0.62109375,3,1
520,4,0.359375,0.25390625,0.44140625,0.65234375,1,1
520,4,0.359375,0.25390625,0.44140625,0.65234375,3,1
520,4,0.28125,0.30078125,0.37890625,0.69921875,1,1
520,4,0.28125,0.30078125,0.37890625,0.69921875,3,1
520,4,0.19140625,0.296875,0.265625,0.65234375,1,1
520,4,0.09765625,0.32421875,0.17578125,0.69140625,1,1
520,4,0.09765625,0.32421875,0.17578125,0.69140625,3,1
520,4,0.0078125,0.3359375,0.08203125,0.6953125,1,1
520,4,0.0078125,0.3359375,0.08203125,0.6953125,3,1
520,4,0.12109375,0.203125,0.19921875,0.33984375,1,1
520,4,0.63671875,0.265625,0.74609375,0.58203125,1,1
520,4,0.63671875,0.265625,0.74609375,0.58203125,3,1
520,4,0.734375,0.28515625,0.796875,0.5859375,1,1
520,4,0.734375,0.28515625,0.796875,0.5859375,3,1
520,4,0.79296875,0.2890625,0.8828125,0.54296875,1,1
520,4,0.79296875,0.2890625,0.8828125,0.54296875,3,1
520,4,0.8828125,0.28515625,0.91796875,0.54296875,1,1
520,4,0.8828125,0.28515625,0.91796875,0.54296875,3,1
520,4,0.9296875,0.2890625,0.98046875,0.53515625,1,1
520,4,0.9296875,0.2890625,0.98046875,0.53515625,3,1
521,2,0.31640625,0.20703125,0.44140625,0.515625,1,1
521,2,0.0,0.359375,0.08984375,0.7265625,1,1
521,2,0.0,0.359375,0.08984375,0.7265625,3,1
521,2,0.44921875,0.08984375,0.53125,0.203125,1,1
521,2,0.5234375,0.11328125,0.5703125,0.296875,1,1
521,2,0.59765625,0.22265625,0.7421875,0.578125,1,1
521,2,0.73828125,0.2578125,0.83203125,0.58984375,1,1
521,2,0.73828125,0.2578125,0.83203125,0.58984375,3,1
521,2,0.8359375,0.34375,0.8828125,0.58984375,1,1
521,2,0.8359375,0.34375,0.8828125,0.58984375,3,1
521,2,0.90234375,0.30078125,0.96875,0.52734375,1,1
521,2,0.90234375,0.30078125,0.96875,0.52734375,3,1
521,2,0.61328125,0.11328125,0.66796875,0.25,1,1
521,2,0.7265625,0.10546875,0.8203125,0.20703125,1,1
520,3,0.67578125,0.08984375,0.75390625,0.1875,1,1
520,2,0.67578125,0.1015625,0.75390625,0.1875,1,1
520,4,0.67578125,0.1015625,0.75390625,0.1953125,1,1
520,5,0.6796875,0.08984375,0.7578125,0.19140625,1,1
520,5,0.48828125,0.23828125,0.64453125,0.62109375,1,1
520,5,0.48828125,0.23828125,0.64453125,0.62109375,3,1
520,5,0.35546875,0.23828125,0.4453125,0.66015625,1,1
520,5,0.35546875,0.23828125,0.4453125,0.66015625,3,1
520,5,0.2734375,0.28515625,0.3828125,0.68359375,1,1
520,5,0.2734375,0.28515625,0.3828125,0.68359375,3,1
520,5,0.1875,0.29296875,0.265625,0.640625,1,1
520,5,0.08984375,0.31640625,0.16796875,0.7109375,1,1
520,5,0.08984375,0.31640625,0.16796875,0.7109375,3,1
520,5,0.00390625,0.3359375,0.078125,0.6953125,1,1
520,5,0.00390625,0.3359375,0.078125,0.6953125,3,1
520,5,0.125,0.21875,0.1953125,0.34765625,1,1
520,5,0.6328125,0.265625,0.7421875,0.59765625,1,1
520,5,0.6328125,0.265625,0.7421875,0.59765625,3,1
520,5,0.7421875,0.28515625,0.8203125,0.59765625,1,1
520,5,0.7421875,0.28515625,0.8203125,0.59765625,3,1
520,5,0.8203125,0.3125,0.87109375,0.546875,1,1
520,5,0.8203125,0.3125,0.87109375,0.546875,3,1
520,5,0.87890625,0.32421875,0.91796875,0.5703125,1,1
520,5,0.87890625,0.32421875,0.91796875,0.5703125,3,1
520,5,0.9375,0.32421875,0.9765625,0.5234375,1,1
520,5,0.9375,0.32421875,0.9765625,0.5234375,3,1
521,3,0.6015625,0.21484375,0.734375,0.5859375,1,1
521,3,0.3125,0.20703125,0.45703125,0.54296875,1,1
521,3,0.45703125,0.0859375,0.51953125,0.19140625,1,1
521,3,0.5234375,0.10546875,0.57421875,0.28125,1,1
521,3,0.56640625,0.10546875,0.60546875,0.265625,1,1
521,3,0.62109375,0.1171875,0.66796875,0.234375,1,1
521,3,0.7421875,0.28125,0.83203125,0.58203125,1,1
521,3,0.7421875,0.28125,0.83203125,0.58203125,3,1
521,3,0.8359375,0.328125,0.875,0.58203125,1,1
521,3,0.8359375,0.328125,0.875,0.58203125,3,1
521,3,0.88671875,0.3203125,0.96875,0.50390625,1,1
521,3,0.7265625,0.10546875,0.8203125,0.19140625,1,1
520,6,0.4765625,0.25,0.640625,0.65234375,1,1
520,6,0.4765625,0.25,0.640625,0.65234375,3,1
520,6,0.35546875,0.25,0.4453125,0.6640625,1,1
520,6,0.35546875,0.25,0.4453125,0.6640625,3,1
520,6,0.27734375,0.29296875,0.3828125,0.69921875,1,1
520,6,0.27734375,0.29296875,0.3828125,0.69921875,3,1
520,6,0.18359375,0.29296875,0.265625,0.63671875,1,1
520,6,0.0859375,0.3203125,0.171875,0.71484375,1,1
520,6,0.0859375,0.3203125,0.171875,0.71484375,3,1
520,6,0.00390625,0.3359375,0.07421875,0.70703125,1,1
520,6,0.00390625,0.3359375,0.07421875,0.70703125,3,1
520,6,0.11328125,0.20703125,0.1953125,0.33203125,1,1
520,6,0.6328125,0.26953125,0.734375,0.58984375,1,1
520,6,0.6328125,0.26953125,0.734375,0.58984375,3,1
520,6,0.7265625,0.265625,0.80859375,0.578125,1,1
520,6,0.7265625,0.265625,0.80859375,0.578125,3,1
520,6,0.796875,0.29296875,0.87890625,0.53515625,1,1
520,6,0.796875,0.29296875,0.87890625,0.53515625,3,1
520,6,0.87890625,0.2890625,0.91796875,0.515625,1,1
520,6,0.921875,0.328125,0.9453125,0.52734375,1,1
520,6,0.921875,0.328125,0.9453125,0.52734375,3,1
520,6,0.94921875,0.3359375,0.98046875,0.54296875,1,1
520,6,0.94921875,0.3359375,0.98046875,0.54296875,3,1
520,7,0.484375,0.24609375,0.66015625,0.64453125,1,1
520,7,0.484375,0.24609375,0.66015625,0.64453125,3,1
520,6,0.68359375,0.09765625,0.77734375,0.20703125,1,1
520,7,0.6484375,0.26171875,0.73828125,0.59375,1,1
520,7,0.6484375,0.26171875,0.73828125,0.59375,3,1
520,7,0.359375,0.25390625,0.4453125,0.6796875,1,1
520,7,0.359375,0.25390625,0.4453125,0.6796875,3,1
520,7,0.2734375,0.2890625,0.37890625,0.70703125,1,1
520,7,0.2734375,0.2890625,0.37890625,0.70703125,3,1
520,7,0.18359375,0.29296875,0.265625,0.59765625,1,1
520,7,0.0859375,0.32421875,0.1796875,0.71875,1,1
520,7,0.0859375,0.32421875,0.1796875,0.71875,3,1
520,7,0.0078125,0.34375,0.078125,0.703125,1,1
520,7,0.0078125,0.34375,0.078125,0.703125,3,1
520,7,0.12109375,0.21875,0.1953125,0.34375,1,1
520,7,0.73828125,0.29296875,0.796875,0.59375,1,1
520,7,0.73828125,0.29296875,0.796875,0.59375,3,1
520,7,0.796875,0.29296875,0.89453125,0.55859375,1,1
520,7,0.796875,0.29296875,0.89453125,0.55859375,3,1
520,7,0.68359375,0.0859375,0.765625,0.1953125,1,1
520,7,0.90625,0.359375,0.9609375,0.55859375,1,1
520,7,0.90625,0.359375,0.9609375,0.55859375,3,1
520,7,0.96484375,0.37109375,0.984375,0.53125,1,1
520,7,0.96484375,0.37109375,0.984375,0.53125,3,1
521,4,0.31640625,0.2109375,0.453125,0.56640625,1,1
521,4,0.4453125,0.09375,0.51953125,0.21484375,1,1
521,4,0.51953125,0.11328125,0.5625,0.30078125,1,1
521,4,0.59375,0.2265625,0.71484375,0.62109375,1,1
521,4,0.5703125,0.09765625,0.609375,0.23828125,1,1
521,4,0.62109375,0.1171875,0.6640625,0.23828125,1,1
521,4,0.70703125,0.26953125,0.828125,0.59765625,1,1
521,4,0.70703125,0.26953125,0.828125,0.59765625,3,1
521,4,0.828125,0.328125,0.875,0.609375,1,1
521,4,0.828125,0.328125,0.875,0.609375,3,1
521,4,0.88671875,0.3125,0.9609375,0.49609375,1,1
521,4,0.88671875,0.3125,0.9609375,0.49609375,3,1
521,4,0.734375,0.109375,0.8125,0.1953125,1,1
521,7,0.734375,0.11328125,0.8203125,0.203125,1,1
521,5,0.734375,0.109375,0.80859375,0.19140625,1,1
521,5,0.59375,0.21484375,0.6953125,0.63671875,1,1
521,5,0.30859375,0.1875,0.46484375,0.5390625,1,1
521,5,0.00390625,0.37109375,0.078125,0.73046875,1,1
521,5,0.00390625,0.37109375,0.078125,0.73046875,3,1
521,4,0.00390625,0.37109375,0.08984375,0.72265625,1,1
521,4,0.00390625,0.37109375,0.08984375,0.72265625,3,1
521,3,0.0,0.33984375,0.0859375,0.73046875,1,1
521,3,0.0,0.33984375,0.0859375,0.73046875,3,1
521,5,0.4453125,0.07421875,0.515625,0.18359375,1,1
521,5,0.51953125,0.1171875,0.5625,0.28515625,1,1
521,5,0.57421875,0.10546875,0.609375,0.23046875,1,1
521,5,0.62109375,0.125,0.66796875,0.25390625,1,1
521,5,0.69921875,0.26953125,0.83203125,0.578125,1,1
521,5,0.69921875,0.26953125,0.83203125,0.578125,3,1
521,5,0.828125,0.31640625,0.8828125,0.59375,1,1
521,5,0.828125,0.31640625,0.8828125,0.59375,3,1
521,5,0.87890625,0.2890625,0.95703125,0.4921875,1,1
527,7,0.484375,0.07421875,0.53515625,0.140625,2,1
527,7,0.21484375,0.203125,0.28515625,0.296875,2,1
527,7,0.58984375,0.2265625,0.69921875,0.640625,1,1
527,7,0.58984375,0.2265625,0.69921875,0.640625,3,1
527,7,0.80078125,0.234375,0.91015625,0.58203125,1,1
527,7,0.80078125,0.234375,0.91015625,0.58203125,3,1
527,7,0.9296875,0.25390625,0.9609375,0.33203125,2,1
528,2,0.55078125,0.09765625,0.62109375,0.21875,1,1
528,2,0.4921875,0.2265625,0.62109375,0.65625,1,1
528,2,0.4921875,0.2265625,0.62109375,0.65625,3,1
528,2,0.37109375,0.234375,0.48046875,0.69921875,1,1
528,2,0.37109375,0.234375,0.48046875,0.69921875,3,1
528,2,0.1796875,0.23828125,0.37109375,0.6640625,1,1
528,2,0.00390625,0.39453125,0.14453125,0.65234375,1,1
528,2,0.62890625,0.23828125,0.73046875,0.59765625,1,1
528,2,0.62890625,0.23828125,0.73046875,0.59765625,3,1
528,2,0.765625,0.23828125,0.89453125,0.58203125,1,1
528,2,0.765625,0.23828125,0.89453125,0.58203125,3,1
528,2,0.69921875,0.15625,0.75390625,0.23828125,2,1
528,2,0.69921875,0.15625,0.75390625,0.23828125,5,1
528,2,0.828125,0.1875,0.890625,0.3046875,2,1
528,3,0.6875,0.14453125,0.74609375,0.25,2,1
528,3,0.6875,0.14453125,0.74609375,0.25,5,1
528,3,0.55859375,0.10546875,0.609375,0.20703125,1,1
528,3,0.49609375,0.2265625,0.609375,0.640625,1,1
528,3,0.49609375,0.2265625,0.609375,0.640625,3,1
528,3,0.625,0.2265625,0.7421875,0.61328125,1,1
528,3,0.625,0.2265625,0.7421875,0.61328125,3,1
528,3,0.76171875,0.2421875,0.89453125,0.58203125,1,1
528,3,0.76171875,0.2421875,0.89453125,0.58203125,3,1
528,3,0.37109375,0.23828125,0.48046875,0.69140625,1,1
528,3,0.37109375,0.23828125,0.48046875,0.69140625,3,1
528,3,0.2265625,0.234375,0.37109375,0.68359375,1,1
528,3,0.2265625,0.234375,0.37109375,0.68359375,3,1
528,3,0.00390625,0.40234375,0.140625,0.63671875,1,1
528,3,0.82421875,0.203125,0.890625,0.30859375,2,1
528,4,0.6953125,0.15625,0.75390625,0.2421875,2,1
528,4,0.6953125,0.15625,0.75390625,0.2421875,5,1
528,4,0.546875,0.08984375,0.6015625,0.21484375,1,1
528,4,0.5078125,0.234375,0.61328125,0.65234375,1,1
528,4,0.5078125,0.234375,0.61328125,0.65234375,3,1
528,4,0.6328125,0.2421875,0.73828125,0.609375,1,1
528,4,0.6328125,0.2421875,0.73828125,0.609375,3,1
528,4,0.7578125,0.24609375,0.8984375,0.5859375,1,1
528,4,0.7578125,0.24609375,0.8984375,0.5859375,3,1
528,4,0.37109375,0.234375,0.48828125,0.6796875,1,1
528,4,0.37109375,0.234375,0.48828125,0.6796875,3,1
528,4,0.2421875,0.2578125,0.375,0.6796875,1,1
528,4,0.2421875,0.2578125,0.375,0.6796875,3,1
528,4,0.00390625,0.39453125,0.12890625,0.62890625,1,1
528,4,0.83203125,0.19140625,0.8984375,0.30859375,2,1
528,5,0.55859375,0.08984375,0.60546875,0.21484375,1,1
528,5,0.49609375,0.2265625,0.625,0.6484375,1,1
528,5,0.49609375,0.2265625,0.625,0.6484375,3,1
528,5,0.37890625,0.234375,0.48046875,0.6796875,1,1
528,5,0.37890625,0.234375,0.48046875,0.6796875,3,1
528,5,0.23046875,0.22265625,0.37890625,0.703125,1,1
528,5,0.23046875,0.22265625,0.37890625,0.703125,3,1
528,5,0.6328125,0.22265625,0.7421875,0.62109375,1,1
528,5,0.6328125,0.22265625,0.7421875,0.62109375,3,1
528,5,0.76171875,0.24609375,0.91015625,0.609375,1,1
528,5,0.76171875,0.24609375,0.91015625,0.609375,3,1
528,5,0.8359375,0.1953125,0.89453125,0.3046875,2,1
528,5,0.69921875,0.1484375,0.75,0.23828125,2,1
528,5,0.69921875,0.1484375,0.75,0.23828125,5,1
528,6,0.55859375,0.0859375,0.6171875,0.203125,1,1
528,6,0.23046875,0.2265625,0.375,0.69921875,1,1
528,6,0.23046875,0.2265625,0.375,0.69921875,3,1
528,6,0.37890625,0.24609375,0.47265625,0.6875,1,1
528,6,0.37890625,0.24609375,0.47265625,0.6875,3,1
528,6,0.49609375,0.21875,0.609375,0.67578125,1,1
528,6,0.49609375,0.21875,0.609375,0.67578125,3,1
528,6,0.62890625,0.234375,0.75390625,0.62890625,1,1
528,6,0.62890625,0.234375,0.75390625,0.62890625,3,1
528,6,0.76171875,0.21875,0.8984375,0.6015625,1,1
528,6,0.76171875,0.21875,0.8984375,0.6015625,3,1
528,6,0.6953125,0.14453125,0.75390625,0.24609375,2,1
528,6,0.6953125,0.14453125,0.75390625,0.24609375,5,1
528,7,0.2421875,0.21484375,0.37109375,0.72265625,1,1
528,7,0.2421875,0.21484375,0.37109375,0.72265625,3,1
528,7,0.375,0.22265625,0.4765625,0.734375,1,1
528,7,0.375,0.22265625,0.4765625,0.734375,3,1
528,7,0.49609375,0.2265625,0.609375,0.66015625,1,1
528,7,0.49609375,0.2265625,0.609375,0.66015625,3,1
528,7,0.62890625,0.2265625,0.75,0.64453125,1,1
528,7,0.62890625,0.2265625,0.75,0.64453125,3,1
528,7,0.7578125,0.23828125,0.890625,0.57421875,1,1
528,7,0.7578125,0.23828125,0.890625,0.57421875,3,1
528,7,0.55859375,0.1015625,0.6171875,0.2109375,1,1
528,7,0.0,0.37890625,0.1015625,0.66796875,1,1
528,7,0.69140625,0.1484375,0.74609375,0.2421875,2,1
528,7,0.69140625,0.1484375,0.74609375,0.2421875,5,1
528,7,0.83203125,0.203125,0.890625,0.31640625,2,1
528,6,0.8359375,0.203125,0.8984375,0.32421875,2,1
529,2,0.51171875,0.078125,0.609375,0.19140625,1,1
529,2,0.44921875,0.2109375,0.55859375,0.6640625,1,1
529,2,0.44921875,0.2109375,0.55859375,0.6640625,3,1
529,2,0.625,0.234375,0.73828125,0.62109375,1,1
529,2,0.625,0.234375,0.73828125,0.62109375,3,1
529,2,0.75,0.23828125,0.83984375,0.58984375,1,1
529,2,0.75,0.23828125,0.83984375,0.58984375,3,1
529,2,0.6953125,0.1484375,0.75,0.24609375,2,1
529,2,0.6953125,0.1484375,0.75,0.24609375,5,1
529,2,0.8359375,0.1953125,0.8828125,0.3203125,2,1
529,2,0.26171875,0.25390625,0.39453125,0.70703125,1,1
529,2,0.26171875,0.25390625,0.39453125,0.70703125,3,1
529,2,0.1953125,0.25390625,0.26953125,0.7109375,1,1
529,2,0.1953125,0.25390625,0.26953125,0.7109375,3,1
529,2,0.1015625,0.2578125,0.22265625,0.69140625,1,1
529,2,0.03515625,0.33984375,0.12109375,0.703125,1,1
529,2,0.03515625,0.33984375,0.12109375,0.703125,3,1
529,2,0.0,0.41796875,0.03515625,0.6875,1,1
529,2,0.0,0.41796875,0.03515625,0.6875,3,1
529,3,0.00390625,0.39453125,0.0390625,0.69140625,1,1
529,3,0.00390625,0.39453125,0.0390625,0.69140625,3,1
529,3,0.03515625,0.34765625,0.125,0.6953125,1,1
529,3,0.03515625,0.34765625,0.125,0.6953125,3,1
529,3,0.125,0.26953125,0.2109375,0.6875,1,1
529,3,0.2109375,0.2578125,0.2734375,0.6796875,1,1
529,3,0.2109375,0.2578125,0.2734375,0.6796875,3,1
529,3,0.265625,0.25390625,0.3828125,0.72265625,1,1
529,3,0.265625,0.25390625,0.3828125,0.72265625,3,1
529,3,0.44140625,0.19140625,0.5625,0.67578125,1,1
529,3,0.44140625,0.19140625,0.5625,0.67578125,3,1
529,3,0.62109375,0.23828125,0.7421875,0.62109375,1,1
529,3,0.62109375,0.23828125,0.7421875,0.62109375,3,1
529,3,0.51171875,0.0703125,0.6171875,0.18359375,1,1
529,3,0.75,0.234375,0.83984375,0.61328125,1,1
529,3,0.75,0.234375,0.83984375,0.61328125,3,1
529,3,0.69921875,0.1484375,0.75390625,0.234375,2,1
529,3,0.69921875,0.1484375,0.75390625,0.234375,5,1
529,3,0.83203125,0.19140625,0.88671875,0.3046875,2,1
529,4,0.51171875,0.08984375,0.6171875,0.1953125,1,1
529,4,0.4453125,0.20703125,0.5703125,0.67578125,1,1
529,4,0.4453125,0.20703125,0.5703125,0.67578125,3,1
529,4,0.6171875,0.25,0.74609375,0.62109375,1,1
529,4,0.6171875,0.25,0.74609375,0.62109375,3,1
529,4,0.75390625,0.23828125,0.82421875,0.58203125,1,1
529,4,0.75390625,0.23828125,0.82421875,0.58203125,3,1
529,4,0.69140625,0.15625,0.75390625,0.26953125,2,1
529,4,0.69140625,0.15625,0.75390625,0.26953125,5,1
529,4,0.828125,0.1875,0.8828125,0.3203125,2,1
529,4,0.265625,0.22265625,0.390625,0.6953125,1,1
529,4,0.265625,0.22265625,0.390625,0.6953125,3,1
529,4,0.2109375,0.26171875,0.28125,0.70703125,1,1
529,4,0.2109375,0.26171875,0.28125,0.70703125,3,1
529,4,0.1328125,0.26953125,0.21484375,0.64453125,1,1
529,4,0.0390625,0.34375,0.12890625,0.703125,1,1
529,4,0.0390625,0.34375,0.12890625,0.703125,3,1
529,4,0.0,0.41015625,0.03515625,0.68359375,1,1
529,4,0.0,0.41015625,0.03515625,0.68359375,3,1
529,5,0.0703125,0.21484375,0.12890625,0.3515625,1,1
529,4,0.0625,0.2265625,0.12890625,0.34765625,1,1
529,5,0.515625,0.06640625,0.6171875,0.19921875,1,1
529,5,0.44140625,0.2109375,0.55859375,0.66796875,1,1
529,5,0.44140625,0.2109375,0.55859375,0.66796875,3,1
529,5,0.62109375,0.25,0.73828125,0.62109375,1,1
529,5,0.62109375,0.25,0.73828125,0.62109375,3,1
529,5,0.2578125,0.2421875,0.390625,0.69921875,1,1
529,5,0.2578125,0.2421875,0.390625,0.69921875,3,1
529,5,0.20703125,0.26953125,0.27734375,0.703125,1,1
529,5,0.20703125,0.26953125,0.27734375,0.703125,3,1
529,5,0.13671875,0.2734375,0.21484375,0.63671875,1,1
529,5,0.04296875,0.36328125,0.1328125,0.6875,1,1
529,5,0.04296875,0.36328125,0.1328125,0.6875,3,1
529,5,0.00390625,0.421875,0.046875,0.6875,1,1
529,5,0.00390625,0.421875,0.046875,0.6875,3,1
529,5,0.7578125,0.25390625,0.8359375,0.5546875,1,1
529,5,0.69921875,0.15625,0.75,0.24609375,2,1
529,5,0.69921875,0.15625,0.75,0.24609375,5,1
529,5,0.83203125,0.203125,0.890625,0.3203125,2,1
529,6,0.51171875,0.0703125,0.61328125,0.21484375,1,1
529,6,0.4375,0.2109375,0.5625,0.66796875,1,1
529,6,0.4375,0.2109375,0.5625,0.66796875,3,1
529,6,0.625,0.234375,0.74609375,0.63671875,1,1
529,6,0.625,0.234375,0.74609375,0.63671875,3,1
529,6,0.76171875,0.25390625,0.84375,0.5390625,1,1
529,6,0.69921875,0.15234375,0.75390625,0.2578125,2,1
529,6,0.69921875,0.15234375,0.75390625,0.2578125,5,1
529,6,0.8359375,0.203125,0.890625,0.3046875,2,1
529,6,0.26953125,0.22265625,0.3984375,0.70703125,1,1
529,6,0.26953125,0.22265625,0.3984375,0.70703125,3,1
529,6,0.2109375,0.26171875,0.26953125,0.703125,1,1
529,6,0.2109375,0.26171875,0.26953125,0.703125,3,1
529,6,0.13671875,0.265625,0.21875,0.64453125,1,1
529,6,0.02734375,0.33984375,0.125,0.6875,1,1
529,6,0.02734375,0.33984375,0.125,0.6875,3,1
529,6,0.0,0.43359375,0.03515625,0.69140625,1,1
529,6,0.0,0.43359375,0.03515625,0.69140625,3,1
531,2,0.171875,0.22265625,0.2421875,0.375,2,1
531,2,0.2890625,0.2109375,0.3671875,0.34765625,2,1
531,2,0.68359375,0.1484375,0.7421875,0.25,2,1
531,2,0.75,0.1640625,0.796875,0.25390625,2,1
531,2,0.828125,0.203125,0.90234375,0.3203125,2,1
531,2,0.92578125,0.2734375,0.96484375,0.3203125,2,1
531,3,0.6875,0.15234375,0.7421875,0.25,2,1
531,3,0.29296875,0.203125,0.37109375,0.35546875,2,1
531,3,0.16015625,0.2421875,0.25390625,0.3828125,2,1
531,3,0.2265625,0.18359375,0.28125,0.265625,2,1
531,3,0.2265625,0.18359375,0.28125,0.265625,5,1
531,4,0.23046875,0.19140625,0.27734375,0.27734375,2,1
531,4,0.23046875,0.19140625,0.27734375,0.27734375,5,1
531,4,0.1796875,0.23046875,0.2421875,0.3671875,2,1
531,4,0.2890625,0.1953125,0.375,0.37109375,2,1
531,4,0.69921875,0.15234375,0.7421875,0.25390625,2,1
531,4,0.74609375,0.15234375,0.8046875,0.25,2,1
531,4,0.74609375,0.15234375,0.8046875,0.25,5,1
531,4,0.83203125,0.19921875,0.89453125,0.3125,2,1
531,4,0.921875,0.265625,0.9609375,0.33203125,2,1
531,2,0.2265625,0.1796875,0.2734375,0.27734375,2,1
531,2,0.2265625,0.1796875,0.2734375,0.27734375,5,1
532,4,0.21484375,0.203125,0.27734375,0.296875,2,1
532,4,0.21484375,0.203125,0.27734375,0.296875,5,1
532,4,0.28515625,0.1953125,0.375,0.36328125,2,1
532,4,0.6953125,0.15234375,0.73828125,0.24609375,2,1
532,4,0.6953125,0.15234375,0.73828125,0.24609375,5,1
532,4,0.7734375,0.1875,0.83984375,0.3125,2,1
532,4,0.84375,0.203125,0.90625,0.32421875,2,1
532,4,0.92578125,0.25390625,0.98046875,0.3359375,2,1
532,2,0.6875,0.15625,0.73828125,0.24609375,1,1
532,2,0.26953125,0.1953125,0.359375,0.36328125,2,1
532,2,0.22265625,0.1953125,0.26953125,0.28515625,2,1
532,2,0.22265625,0.1953125,0.26953125,0.28515625,5,1
532,2,0.7734375,0.18359375,0.83203125,0.3125,2,1
532,2,0.83984375,0.20703125,0.90234375,0.3203125,2,1
532,2,0.93359375,0.23828125,0.9765625,0.328125,2,1
532,5,0.27734375,0.19140625,0.36328125,0.359375,2,1
532,5,0.2109375,0.19140625,0.27734375,0.29296875,2,1
532,5,0.2109375,0.19140625,0.27734375,0.29296875,5,1
532,5,0.69140625,0.16015625,0.734375,0.25,2,1
532,5,0.76953125,0.1796875,0.83984375,0.3203125,2,1
532,5,0.8515625,0.2265625,0.89453125,0.3203125,2,1
532,5,0.93359375,0.25390625,0.9765625,0.3359375,2,1
531,7,0.28125,0.203125,0.36328125,0.35546875,2,1
531,7,0.16015625,0.23046875,0.2421875,0.3671875,2,1
531,7,0.2265625,0.19140625,0.26953125,0.2890625,2,1
531,7,0.2265625,0.19140625,0.26953125,0.2890625,5,1
531,7,0.69140625,0.15625,0.734375,0.25,2,1
531,7,0.69140625,0.15625,0.734375,0.25,5,1
531,7,0.74609375,0.15625,0.80859375,0.24609375,2,1
531,7,0.74609375,0.15625,0.80859375,0.24609375,5,1
531,7,0.828125,0.2109375,0.89453125,0.32421875,2,1
531,7,0.92578125,0.25390625,0.9609375,0.33203125,2,1
531,6,0.28515625,0.19140625,0.3671875,0.359375,2,1
531,6,0.16796875,0.23828125,0.2421875,0.375,2,1
531,6,0.234375,0.1953125,0.27734375,0.26953125,2,1
531,6,0.234375,0.1953125,0.27734375,0.26953125,5,1
531,6,0.6953125,0.15625,0.73828125,0.25390625,2,1
531,6,0.6953125,0.15625,0.73828125,0.25390625,5,1
531,6,0.7421875,0.16796875,0.80859375,0.24609375,2,1
531,6,0.7421875,0.16796875,0.80859375,0.24609375,5,1
531,6,0.828125,0.19921875,0.90234375,0.3203125,2,1
531,6,0.9296875,0.2421875,0.96484375,0.3359375,2,1
531,3,0.7578125,0.16796875,0.8125,0.2578125,2,1
531,3,0.7578125,0.16796875,0.8125,0.2578125,5,1
531,3,0.828125,0.19140625,0.90234375,0.32421875,2,1
531,3,0.92578125,0.234375,0.9609375,0.3359375,2,1
531,5,0.69140625,0.16015625,0.734375,0.25,2,1
531,5,0.69140625,0.16015625,0.734375,0.25,5,1
531,5,0.2734375,0.19140625,0.359375,0.35546875,2,1
531,5,0.15625,0.21484375,0.23828125,0.375,2,1
531,5,0.23046875,0.17578125,0.26953125,0.28125,2,1
531,5,0.23046875,0.17578125,0.26953125,0.28125,5,1
531,5,0.74609375,0.1484375,0.80859375,0.2578125,2,1
531,5,0.74609375,0.1484375,0.80859375,0.2578125,5,1
531,5,0.82421875,0.1953125,0.89453125,0.328125,2,1
531,5,0.92578125,0.25390625,0.9609375,0.3359375,2,1
532,6,0.28515625,0.203125,0.36328125,0.36328125,2,1
532,6,0.22265625,0.19921875,0.2734375,0.296875,2,1
532,6,0.22265625,0.19921875,0.2734375,0.296875,5,1
532,6,0.69140625,0.15625,0.73828125,0.24609375,2,1
532,6,0.69140625,0.15625,0.73828125,0.24609375,5,1
532,6,0.765625,0.1953125,0.83984375,0.3125,2,1
532,6,0.84765625,0.203125,0.89453125,0.3203125,2,1
532,6,0.9375,0.25390625,0.96484375,0.34375,2,1
532,7,0.28515625,0.18359375,0.359375,0.359375,2,1
532,7,0.2265625,0.18359375,0.26953125,0.28515625,2,1
532,7,0.2265625,0.18359375,0.26953125,0.28515625,5,1
532,7,0.69921875,0.1640625,0.734375,0.25,2,1
532,7,0.69921875,0.1640625,0.734375,0.25,5,1
532,7,0.765625,0.17578125,0.83203125,0.30859375,2,1
532,7,0.84375,0.19921875,0.890625,0.3203125,2,1
532,7,0.92578125,0.234375,0.96484375,0.3359375,2,1
533,2,0.21875,0.17578125,0.28125,0.28515625,2,1
533,2,0.21875,0.17578125,0.28125,0.28515625,5,1
533,2,0.6953125,0.1484375,0.74609375,0.26171875,2,1
533,2,0.7265625,0.1171875,0.80078125,0.23046875,1,1
533,2,0.77734375,0.19921875,0.8515625,0.3203125,2,1
533,2,0.8515625,0.2109375,0.8984375,0.3125,2,1
533,2,0.93359375,0.21484375,0.99609375,0.3671875,1,1
533,3,0.93359375,0.21875,0.9921875,0.3671875,1,1
533,3,0.84375,0.203125,0.88671875,0.328125,2,1
533,3,0.77734375,0.18359375,0.8359375,0.31640625,2,1
533,3,0.69921875,0.140625,0.74609375,0.2421875,2,1
533,3,0.69921875,0.140625,0.74609375,0.2421875,5,1
533,3,0.7265625,0.1015625,0.79296875,0.2265625,1,1
533,3,0.2109375,0.19140625,0.27734375,0.3046875,2,1
533,3,0.2109375,0.19140625,0.27734375,0.3046875,5,1
536,6,0.49609375,0.11328125,0.578125,0.3125,1,1
536,6,0.61328125,0.08203125,0.6875,0.19921875,1,1
536,6,0.61328125,0.08203125,0.6875,0.19921875,5,1
536,6,0.71484375,0.09375,0.76953125,0.203125,1,1
536,6,0.7734375,0.1171875,0.81640625,0.21875,1,1
536,6,0.765625,0.26953125,0.8984375,0.4609375,1,1
536,6,0.84375,0.13671875,0.89453125,0.23828125,1,1
536,6,0.93359375,0.21875,0.9921875,0.37109375,1,1
536,7,0.48828125,0.125,0.5703125,0.30859375,1,1
536,7,0.609375,0.09375,0.69140625,0.1953125,1,1
536,7,0.609375,0.09375,0.69140625,0.1953125,5,1
536,7,0.7734375,0.26953125,0.8984375,0.484375,1,1
536,7,0.70703125,0.0859375,0.78125,0.19921875,1,1
536,7,0.84375,0.140625,0.89453125,0.2421875,1,1
536,7,0.78125,0.11328125,0.80859375,0.19140625,1,1
536,7,0.90234375,0.21875,0.984375,0.37109375,1,1
542,6,0.8359375,0.26171875,0.92578125,0.45703125,1,1
542,6,0.74609375,0.25,0.83984375,0.4765625,1,1
542,6,0.62890625,0.16796875,0.69921875,0.29296875,1,1
542,6,0.45703125,0.24609375,0.69140625,0.52734375,1,1
542,6,0.26953125,0.328125,0.54296875,0.5546875,1,1
542,6,0.26953125,0.234375,0.45703125,0.33984375,1,1
542,6,0.18359375,0.21875,0.2421875,0.3671875,2,1
542,6,0.0703125,0.359375,0.15625,0.609375,1,1
542,6,0.0,0.35546875,0.07421875,0.58203125,1,1
542,6,0.51171875,0.10546875,0.6015625,0.23046875,1,1
537,2,0.515625,0.0859375,0.6015625,0.19140625,1,1
537,2,0.4296875,0.2265625,0.55859375,0.49609375,1,1
537,2,0.1171875,0.26171875,0.27734375,0.5234375,1,1
537,2,0.0,0.39453125,0.09765625,0.6171875,1,1
537,2,0.10546875,0.171875,0.15625,0.25,1,1
537,2,0.265625,0.19140625,0.34375,0.38671875,1,1
537,2,0.3359375,0.16015625,0.3984375,0.40234375,1,1
537,2,0.4375,0.15234375,0.484375,0.26953125,1,1
537,2,0.56640625,0.17578125,0.640625,0.359375,1,1
537,2,0.66015625,0.10546875,0.76171875,0.2421875,1,1
537,2,0.76171875,0.26953125,0.85546875,0.48828125,1,1
537,2,0.71484375,0.23046875,0.84375,0.3125,1,1
537,2,0.8828125,0.26171875,0.9921875,0.4453125,1,1
537,2,0.81640625,0.1484375,0.8671875,0.26953125,1,1
537,3,0.51171875,0.09375,0.59375,0.1953125,1,1
537,3,0.46484375,0.21484375,0.578125,0.515625,1,1
537,3,0.43359375,0.140625,0.48828125,0.29296875,1,1
537,3,0.33984375,0.15234375,0.40234375,0.390625,1,1
537,3,0.1171875,0.265625,0.26171875,0.546875,1,1
537,3,0.0,0.4140625,0.10546875,0.6171875,1,1
537,3,0.0234375,0.2890625,0.078125,0.41015625,1,1
537,3,0.10546875,0.17578125,0.15234375,0.2421875,1,1
537,3,0.1640625,0.1484375,0.21875,0.22265625,1,1
537,3,0.2421875,0.20703125,0.3359375,0.37890625,1,1
537,3,0.58203125,0.1875,0.640625,0.3671875,1,1
537,3,0.66015625,0.1015625,0.765625,0.234375,1,1
537,3,0.7578125,0.2734375,0.86328125,0.46484375,1,1
537,3,0.70703125,0.2421875,0.84765625,0.31640625,1,1
537,3,0.890625,0.26953125,0.9921875,0.4296875,1,1
541,3,0.5703125,0.2421875,0.64453125,0.625,1,1
541,3,0.4609375,0.23828125,0.58203125,0.61328125,1,1
541,3,0.2890625,0.3046875,0.41796875,0.62890625,1,1
541,3,0.18359375,0.21484375,0.33984375,0.30078125,1,1
541,3,0.0078125,0.3671875,0.06640625,0.49609375,1,1
541,3,0.0234375,0.3046875,0.13671875,0.62890625,1,1
541,3,0.14453125,0.21875,0.1875,0.32421875,1,1
541,3,0.140625,0.3125,0.2109375,0.58203125,1,1
541,3,0.21875,0.3203125,0.28125,0.59765625,1,1
541,3,0.37109375,0.1640625,0.55078125,0.26953125,1,1
541,3,0.578125,0.1015625,0.65234375,0.25390625,1,1
541,3,0.671875,0.23828125,0.73828125,0.53515625,1,1
541,3,0.77734375,0.2578125,0.87109375,0.5703125,1,1
541,3,0.734375,0.1328125,0.828125,0.28125,1,1
541,3,0.50390625,0.10546875,0.578125,0.18359375,1,1
540,4,0.0625,0.34375,0.234375,0.6015625,1,1
540,4,0.23046875,0.2734375,0.328125,0.671875,1,1
540,4,0.30859375,0.27734375,0.40625,0.62109375,1,1
540,4,0.40625,0.25390625,0.55859375,0.59765625,1,1
540,4,0.5625,0.23828125,0.671875,0.4453125,1,1
540,4,0.66796875,0.28125,0.73046875,0.453125,1,1
540,4,0.734375,0.2890625,0.81640625,0.5078125,1,1
540,4,0.58203125,0.12890625,0.65234375,0.2421875,1,1
540,4,0.8359375,0.26953125,0.91015625,0.47265625,1,1
540,4,0.92578125,0.296875,0.97265625,0.4609375,1,1
537,4,0.12890625,0.28125,0.2421875,0.5625,1,1
537,4,0.0078125,0.3984375,0.10546875,0.6171875,1,1
537,4,0.15625,0.14453125,0.22265625,0.234375,1,1
537,4,0.10546875,0.1640625,0.15234375,0.25,1,1
537,4,0.06640625,0.234375,0.12109375,0.33203125,1,1
537,4,0.234375,0.21484375,0.34375,0.40234375,1,1
537,4,0.34765625,0.16015625,0.41015625,0.39453125,1,1
537,4,0.4296875,0.1328125,0.4921875,0.3671875,1,1
537,4,0.49609375,0.21875,0.59765625,0.48046875,1,1
537,4,0.515625,0.09375,0.59765625,0.19921875,1,1
537,4,0.6015625,0.1875,0.64453125,0.375,1,1
537,4,0.66796875,0.1171875,0.765625,0.25390625,1,1
537,4,0.76171875,0.2734375,0.87109375,0.44921875,1,1
537,4,0.71484375,0.2421875,0.84765625,0.30859375,1,1
537,4,0.8203125,0.16015625,0.87890625,0.27734375,1,1
537,4,0.89453125,0.265625,0.9921875,0.43359375,1,1
537,5,0.8125,0.15234375,0.87890625,0.27734375,1,1
537,5,0.70703125,0.234375,0.83984375,0.296875,1,1
537,5,0.7578125,0.2734375,0.875,0.46875,1,1
537,5,0.6640625,0.10546875,0.76171875,0.25,1,1
537,5,0.515625,0.21484375,0.63671875,0.4375,1,1
537,5,0.4296875,0.140625,0.4921875,0.36328125,1,1
537,5,0.51171875,0.0859375,0.59765625,0.1875,1,1
537,5,0.33203125,0.1640625,0.40234375,0.3984375,1,1
537,5,0.203125,0.21875,0.34765625,0.41796875,1,1
537,5,0.1171875,0.29296875,0.20703125,0.57421875,1,1
537,5,0.0078125,0.3984375,0.09375,0.59375,1,1
537,5,0.16015625,0.14453125,0.2109375,0.23046875,1,1
537,5,0.109375,0.17578125,0.1484375,0.24609375,1,1
537,5,0.8984375,0.26953125,0.9921875,0.4140625,1,1
542,5,0.5078125,0.09765625,0.60546875,0.23046875,1,1
542,5,0.28515625,0.3359375,0.53125,0.54296875,1,1
542,5,0.265625,0.23828125,0.46875,0.32421875,1,1
542,5,0.0625,0.35546875,0.15625,0.609375,1,1
542,5,0.00390625,0.359375,0.0859375,0.55859375,1,1
542,5,0.17578125,0.22265625,0.24609375,0.37890625,2,1
542,5,0.0546875,0.2265625,0.140625,0.359375,1,1
542,5,0.5390625,0.26171875,0.69140625,0.54296875,1,1
542,5,0.6484375,0.17578125,0.6953125,0.28125,1,1
542,5,0.74609375,0.23828125,0.83984375,0.50390625,1,1
542,4,0.75390625,0.234375,0.8203125,0.4921875,1,1
542,4,0.828125,0.24609375,0.90625,0.4453125,1,1
542,4,0.4609375,0.25390625,0.69140625,0.5390625,1,1
542,4,0.27734375,0.3359375,0.5078125,0.58203125,1,1
542,4,0.27734375,0.24609375,0.46484375,0.3359375,1,1
542,4,0.51171875,0.1015625,0.60546875,0.234375,1,1
542,4,0.0703125,0.36328125,0.16015625,0.60546875,1,1
542,4,0.00390625,0.3671875,0.08203125,0.5703125,1,1
542,4,0.05859375,0.19921875,0.12890625,0.3671875,1,1
542,4,0.171875,0.21875,0.23828125,0.3671875,2,1
542,4,0.171875,0.21875,0.23828125,0.3671875,5,1
542,4,0.2265625,0.18359375,0.28125,0.40234375,1,1
542,4,0.640625,0.17578125,0.72265625,0.2734375,1,1
542,3,0.51953125,0.1015625,0.6015625,0.22265625,1,1
542,3,0.28515625,0.33984375,0.46484375,0.5703125,1,1
542,3,0.27734375,0.24609375,0.46875,0.3359375,1,1
542,3,0.47265625,0.25390625,0.6875,0.55859375,1,1
542,3,0.75,0.24609375,0.828125,0.5,1,1
542,3,0.8359375,0.25,0.953125,0.4765625,1,1
542,3,0.640625,0.19140625,0.703125,0.2890625,1,1
542,3,0.2265625,0.19140625,0.28515625,0.38671875,1,1
542,3,0.171875,0.21875,0.23046875,0.36328125,2,1
542,3,0.06640625,0.359375,0.1640625,0.625,1,1
542,3,0.00390625,0.37109375,0.078125,0.58203125,1,1
542,3,0.0625,0.22265625,0.15234375,0.3671875,1,1
542,2,0.515625,0.1015625,0.6015625,0.234375,1,1
542,2,0.05859375,0.2265625,0.1484375,0.375,1,1
542,2,0.00390625,0.35546875,0.078125,0.625,1,1
542,2,0.07421875,0.3515625,0.16796875,0.625,1,1
542,2,0.28515625,0.3515625,0.4609375,0.578125,1,1
542,2,0.27734375,0.25,0.390625,0.3515625,1,1
542,2,0.1796875,0.234375,0.24609375,0.36328125,2,1
542,2,0.4453125,0.25390625,0.67578125,0.55859375,1,1
542,2,0.6953125,0.23828125,0.75,0.4921875,1,1
542,2,0.75390625,0.2265625,0.83984375,0.51171875,1,1
542,2,0.8515625,0.26171875,0.953125,0.4765625,1,1
542,2,0.63671875,0.18359375,0.6796875,0.30859375,1,1
540,3,0.39453125,0.25,0.58984375,0.609375,1,1
540,3,0.3125,0.2734375,0.40234375,0.578125,1,1
540,3,0.234375,0.27734375,0.3359375,0.6796875,1,1
540,3,0.0546875,0.3359375,0.23828125,0.6015625,1,1
540,3,0.58984375,0.23046875,0.66796875,0.47265625,1,1
540,3,0.66796875,0.2265625,0.82421875,0.51953125,1,1
540,3,0.765625,0.19140625,0.81640625,0.34375,1,1
540,3,0.83203125,0.28125,0.9296875,0.484375,1,1
540,3,0.9375,0.2890625,0.98046875,0.46875,1,1
540,3,0.65234375,0.14453125,0.72265625,0.26953125,1,1
540,2,0.3984375,0.26953125,0.609375,0.578125,1,1
540,2,0.296875,0.26953125,0.3984375,0.58984375,1,1
540,2,0.2265625,0.296875,0.3359375,0.69140625,1,1
540,2,0.046875,0.328125,0.234375,0.59375,1,1
540,2,0.5625,0.24609375,0.6796875,0.41796875,1,1
540,2,0.64453125,0.21484375,0.81640625,0.5078125,1,1
540,2,0.7734375,0.20703125,0.83203125,0.35546875,1,1
540,2,0.82421875,0.2578125,0.9140625,0.484375,1,1
540,2,0.92578125,0.30859375,0.96875,0.46875,1,1
540,2,0.5703125,0.1328125,0.640625,0.234375,1,1
537,6,0.53515625,0.2109375,0.64453125,0.4765625,1,1
537,6,0.4765625,0.1875,0.54296875,0.32421875,1,1
537,6,0.43359375,0.15234375,0.48828125,0.390625,1,1
537,6,0.20703125,0.21875,0.359375,0.4375,1,1
537,6,0.1328125,0.3203125,0.234375,0.58984375,1,1
537,6,0.515625,0.08984375,0.59765625,0.19921875,1,1
537,6,0.66796875,0.1171875,0.76171875,0.23828125,1,1
537,6,0.7578125,0.28125,0.8671875,0.453125,1,1
537,6,0.6953125,0.23046875,0.8671875,0.30859375,1,1
537,6,0.89453125,0.2578125,0.9921875,0.4453125,1,1
537,6,0.0,0.3984375,0.1015625,0.60546875,1,1
537,6,0.08984375,0.296875,0.13671875,0.45703125,1,1
537,7,0.53125,0.203125,0.64453125,0.4765625,1,1
537,7,0.5078125,0.08984375,0.59765625,0.19921875,1,1
537,7,0.42578125,0.15625,0.484375,0.359375,1,1
537,7,0.21875,0.234375,0.3984375,0.37109375,1,1
537,7,0.12109375,0.328125,0.2890625,0.6015625,1,1
537,7,0.00390625,0.40234375,0.09375,0.609375,1,1
537,7,0.16796875,0.21484375,0.22265625,0.33984375,1,1
537,7,0.15625,0.14453125,0.21484375,0.234375,1,1
537,7,0.1015625,0.16796875,0.1484375,0.25390625,1,1
537,7,0.33203125,0.12109375,0.37109375,0.203125,1,1
537,7,0.671875,0.1171875,0.75390625,0.24609375,1,1
537,7,0.76171875,0.2734375,0.87109375,0.4609375,1,1
537,7,0.71484375,0.21875,0.859375,0.32421875,1,1
537,7,0.8984375,0.265625,0.9921875,0.44921875,1,1
537,7,0.8203125,0.15625,0.875,0.2734375,1,1
537,7,0.48828125,0.19140625,0.52734375,0.3125,1,1
541,2,0.2890625,0.2734375,0.47265625,0.6171875,1,1
541,2,0.0,0.35546875,0.06640625,0.54296875,1,1
541,2,0.1328125,0.21484375,0.19140625,0.3203125,1,1
541,2,0.05078125,0.3046875,0.125,0.62890625,1,1
541,2,0.125,0.3203125,0.2109375,0.6328125,1,1
541,2,0.21875,0.3359375,0.3125,0.5703125,1,1
541,2,0.46484375,0.234375,0.578125,0.65625,1,1
541,2,0.57421875,0.234375,0.6484375,0.671875,1,1
541,2,0.57421875,0.09375,0.65234375,0.23828125,1,1
541,2,0.37109375,0.1640625,0.5546875,0.24609375,1,1
541,2,0.66796875,0.234375,0.7421875,0.51171875,1,1
541,2,0.76953125,0.2734375,0.859375,0.5859375,1,1
541,2,0.65625,0.140625,0.7265625,0.25390625,1,1
541,2,0.73828125,0.1328125,0.82421875,0.26171875,1,1
538,2,0.25,0.23828125,0.4140625,0.55078125,1,1
538,2,0.09765625,0.3515625,0.25390625,0.6328125,1,1
538,2,0.0390625,0.33203125,0.0859375,0.6015625,1,1
538,2,0.00390625,0.35546875,0.0390625,0.6015625,1,1
538,2,0.16796875,0.22265625,0.22265625,0.34765625,1,1
538,2,0.42578125,0.234375,0.671875,0.54296875,1,1
538,2,0.52734375,0.10546875,0.58203125,0.19140625,1,1
538,2,0.6171875,0.203125,0.66796875,0.3203125,1,1
538,2,0.67578125,0.17578125,0.7890625,0.34375,1,1
538,2,0.75,0.23046875,0.83203125,0.40625,1,1
538,2,0.84765625,0.28125,0.92578125,0.45703125,1,1
538,3,0.2578125,0.2265625,0.40625,0.546875,1,1
538,3,0.09375,0.34765625,0.24609375,0.6171875,1,1
538,3,0.03125,0.328125,0.08984375,0.6015625,1,1
538,3,0.0,0.35546875,0.046875,0.625,1,1
538,3,0.16796875,0.21875,0.2265625,0.3515625,1,1
538,3,0.07421875,0.23828125,0.125,0.32421875,1,1
538,3,0.23046875,0.1796875,0.27734375,0.3203125,1,1
538,3,0.4296875,0.23046875,0.66796875,0.59375,1,1
538,3,0.546875,0.1875,0.6171875,0.30078125,1,1
538,3,0.625,0.1953125,0.671875,0.32421875,1,1
538,3,0.53515625,0.1015625,0.5859375,0.19140625,1,1
538,3,0.69921875,0.17578125,0.75,0.37109375,1,1
538,3,0.734375,0.2421875,0.83984375,0.51171875,1,1
538,3,0.8359375,0.2890625,0.92578125,0.49609375,1,1
538,3,0.84765625,0.203125,0.9140625,0.296875,1,1
538,3,0.9296875,0.2421875,0.9921875,0.421875,1,1
538,4,0.92578125,0.22265625,0.9921875,0.40625,1,1
538,4,0.828125,0.2890625,0.92578125,0.45703125,1,1
538,4,0.83984375,0.1875,0.91015625,0.3046875,1,1
538,4,0.7421875,0.23046875,0.8359375,0.390625,1,1
538,4,0.421875,0.25,0.6640625,0.53125,1,1
538,4,0.2578125,0.2421875,0.40625,0.5546875,1,1
538,4,0.09375,0.34765625,0.25390625,0.625,1,1
538,4,0.0390625,0.328125,0.0859375,0.59375,1,1
538,4,0.078125,0.234375,0.13671875,0.33203125,1,1
538,4,0.16015625,0.21875,0.21875,0.34375,1,1
538,4,0.2265625,0.18359375,0.27734375,0.33203125,1,1
538,4,0.33984375,0.14453125,0.39453125,0.2578125,1,1
538,4,0.53125,0.1015625,0.57421875,0.18359375,1,1
538,4,0.6171875,0.203125,0.671875,0.31640625,1,1
538,4,0.6875,0.15234375,0.73828125,0.36328125,1,1
538,5,0.53515625,0.109375,0.57421875,0.19921875,1,1
538,5,0.43359375,0.23828125,0.671875,0.55078125,1,1
538,5,0.2578125,0.24609375,0.41015625,0.54296875,1,1
538,5,0.09375,0.33984375,0.25,0.63671875,1,1
538,5,0.03125,0.32421875,0.09375,0.62890625,1,1
538,5,0.078125,0.2265625,0.12890625,0.33203125,1,1
538,5,0.16796875,0.26171875,0.22265625,0.36328125,1,1
538,5,0.1796875,0.19140625,0.22265625,0.2734375,1,1
538,5,0.23046875,0.1796875,0.28125,0.31640625,1,1
538,5,0.6171875,0.1953125,0.66796875,0.30859375,1,1
538,5,0.73046875,0.21484375,0.84765625,0.4296875,1,1
538,5,0.85546875,0.28125,0.9296875,0.4765625,1,1
538,5,0.671875,0.16796875,0.7734375,0.2890625,1,1
538,5,0.9375,0.25,0.9921875,0.4296875,1,1
541,7,0.1484375,0.28515625,0.2421875,0.69140625,1,1
541,7,0.0390625,0.3125,0.125,0.64453125,1,1
541,7,0.00390625,0.37109375,0.0703125,0.5234375,1,1
541,7,0.14453125,0.21875,0.19921875,0.3125,1,1
541,7,0.203125,0.19140625,0.359375,0.31640625,1,1
541,7,0.28125,0.3203125,0.46484375,0.64453125,1,1
541,7,0.46484375,0.22265625,0.57421875,0.55859375,1,1
541,7,0.5703125,0.2421875,0.66015625,0.61328125,1,1
541,7,0.3828125,0.15625,0.55859375,0.28125,1,1
541,7,0.5703125,0.10546875,0.66015625,0.24609375,1,1
541,7,0.6640625,0.23828125,0.7890625,0.55078125,1,1
541,7,0.79296875,0.234375,0.86328125,0.55078125,1,1
541,7,0.73828125,0.140625,0.82421875,0.26953125,1,1
541,7,0.8828125,0.24609375,0.95703125,0.39453125,1,1
541,6,0.55859375,0.23046875,0.6484375,0.56640625,1,1
541,6,0.46484375,0.23828125,0.5625,0.55859375,1,1
541,6,0.3046875,0.26953125,0.4453125,0.6328125,1,1
541,6,0.12890625,0.28125,0.26171875,0.65234375,1,1
541,6,0.203125,0.19140625,0.35546875,0.33984375,1,1
541,6,0.375,0.16015625,0.546875,0.27734375,1,1
541,6,0.5625,0.09765625,0.63671875,0.2421875,1,1
541,6,0.6328125,0.12109375,0.7109375,0.265625,1,1
541,6,0.6640625,0.23828125,0.78125,0.5078125,1,1
541,6,0.7890625,0.2265625,0.8671875,0.5234375,1,1
541,5,0.77734375,0.234375,0.8671875,0.50390625,1,1
541,5,0.6640625,0.234375,0.76953125,0.515625,1,1
541,5,0.62890625,0.1171875,0.7265625,0.26953125,1,1
541,5,0.57421875,0.0859375,0.65625,0.2421875,1,1
541,5,0.375,0.15625,0.55078125,0.27734375,1,1
541,5,0.29296875,0.26953125,0.4765625,0.625,1,1
541,5,0.46875,0.23046875,0.578125,0.58984375,1,1
541,5,0.5703125,0.23046875,0.64453125,0.63671875,1,1
541,5,0.1484375,0.2890625,0.25,0.609375,1,1
541,5,0.03515625,0.3125,0.1328125,0.609375,1,1
541,5,0.18359375,0.1953125,0.3515625,0.3125,1,1
541,4,0.18359375,0.21875,0.35546875,0.31640625,1,1
541,4,0.01953125,0.296875,0.140625,0.6328125,1,1
541,4,0.15234375,0.28125,0.23828125,0.65234375,1,1
541,4,0.2890625,0.2734375,0.46484375,0.640625,1,1
541,4,0.46875,0.2421875,0.58203125,0.62890625,1,1
541,4,0.57421875,0.234375,0.65234375,0.65625,1,1
541,4,0.66796875,0.234375,0.76171875,0.51953125,1,1
541,4,0.63671875,0.13671875,0.71484375,0.2578125,1,1
541,4,0.56640625,0.1015625,0.640625,0.2421875,1,1
541,4,0.375,0.16796875,0.5625,0.27734375,1,1
541,4,0.77734375,0.25,0.8671875,0.546875,1,1
541,4,0.734375,0.1328125,0.81640625,0.2421875,1,1
538,6,0.08984375,0.34765625,0.25,0.60546875,1,1
538,6,0.03515625,0.34765625,0.0859375,0.58203125,1,1
538,6,0.25390625,0.2421875,0.4140625,0.5625,1,1
538,6,0.16015625,0.2109375,0.22265625,0.34375,1,1
538,6,0.22265625,0.17578125,0.27734375,0.3203125,1,1
538,6,0.4296875,0.234375,0.6796875,0.56640625,1,1
538,6,0.52734375,0.09375,0.5859375,0.1953125,1,1
538,6,0.6171875,0.19921875,0.671875,0.3359375,1,1
538,6,0.75,0.234375,0.83984375,0.4296875,1,1
538,6,0.828125,0.26953125,0.92578125,0.46875,1,1
538,6,0.69140625,0.17578125,0.765625,0.33984375,1,1
538,7,0.4296875,0.24609375,0.671875,0.52734375,1,1
538,7,0.25390625,0.23828125,0.421875,0.55859375,1,1
538,7,0.09375,0.34765625,0.25390625,0.609375,1,1
538,7,0.03515625,0.32421875,0.08984375,0.59765625,1,1
538,7,0.0,0.34765625,0.046875,0.5859375,1,1
538,7,0.07421875,0.21875,0.13671875,0.33984375,1,1
538,7,0.1640625,0.21875,0.23828125,0.34765625,1,1
538,7,0.21875,0.1796875,0.28515625,0.33984375,1,1
538,7,0.33984375,0.15625,0.390625,0.2734375,1,1
538,7,0.5625,0.1171875,0.69921875,0.234375,1,1
538,7,0.7109375,0.1796875,0.76953125,0.33984375,1,1
538,7,0.734375,0.2421875,0.828125,0.47265625,1,1
538,7,0.828125,0.28515625,0.94140625,0.51171875,1,1
539,2,0.81640625,0.21484375,0.90625,0.42578125,1,1
539,2,0.7734375,0.19140625,0.82421875,0.33984375,1,1
539,2,0.3671875,0.2734375,0.67578125,0.515625,1,1
539,2,0.30859375,0.23828125,0.390625,0.5859375,1,1
539,2,0.19140625,0.28515625,0.2890625,0.59765625,1,1
539,2,0.08203125,0.33203125,0.20703125,0.58984375,1,1
539,2,0.0078125,0.3046875,0.08984375,0.58203125,1,1
539,2,0.13671875,0.22265625,0.19140625,0.35546875,2,1
539,2,0.68359375,0.1171875,0.76953125,0.34765625,1,1
539,2,0.75,0.1015625,0.81640625,0.1796875,1,1
540,6,0.24609375,0.27734375,0.3359375,0.6953125,1,1
540,6,0.04296875,0.34375,0.2265625,0.59765625,1,1
540,6,0.31640625,0.265625,0.40625,0.62109375,1,1
540,6,0.41015625,0.25390625,0.56640625,0.60546875,1,1
540,6,0.5546875,0.2265625,0.6796875,0.453125,1,1
540,6,0.66015625,0.26171875,0.73828125,0.4453125,1,1
540,6,0.7421875,0.3046875,0.828125,0.546875,1,1
540,6,0.84375,0.26171875,0.91796875,0.4921875,1,1
540,6,0.9296875,0.28515625,0.98828125,0.47265625,1,1
540,6,0.109375,0.22265625,0.265625,0.3203125,1,1
540,7,0.05078125,0.34765625,0.2265625,0.60546875,1,1
540,7,0.2265625,0.28515625,0.33203125,0.69921875,1,1
540,7,0.30859375,0.25390625,0.41015625,0.59765625,1,1
540,7,0.40625,0.234375,0.5703125,0.56640625,1,1
540,7,0.52734375,0.21875,0.6796875,0.390625,1,1
540,7,0.67578125,0.25390625,0.7578125,0.43359375,1,1
540,7,0.75390625,0.296875,0.8359375,0.55078125,1,1
540,7,0.65625,0.15234375,0.734375,0.265625,1,1
540,7,0.8203125,0.23046875,0.9140625,0.484375,1,1
540,7,0.91796875,0.2734375,0.9765625,0.5,1,1
540,5,0.03125,0.33984375,0.23046875,0.59765625,1,1
540,5,0.23046875,0.28515625,0.34375,0.69921875,1,1
540,5,0.31640625,0.26953125,0.41015625,0.60546875,1,1
540,5,0.1171875,0.21484375,0.26953125,0.32421875,1,1
540,5,0.41015625,0.25390625,0.5625,0.56640625,1,1
540,5,0.546875,0.21875,0.6796875,0.41796875,1,1
540,5,0.66796875,0.2734375,0.7578125,0.47265625,1,1
540,5,0.75,0.3203125,0.82421875,0.53515625,1,1
540,5,0.59375,0.140625,0.71484375,0.265625,1,1
540,5,0.83203125,0.234375,0.9140625,0.4765625,1,1
540,5,0.9296875,0.30859375,0.97265625,0.47265625,1,1
539,3,0.0859375,0.33203125,0.203125,0.5703125,1,1
539,3,0.21484375,0.31640625,0.29296875,0.625,1,1
539,3,0.1484375,0.2421875,0.19140625,0.37109375,2,1
539,3,0.00390625,0.30859375,0.08984375,0.578125,1,1
539,3,0.3125,0.25390625,0.38671875,0.546875,1,1
539,3,0.28515625,0.19140625,0.3828125,0.3046875,1,1
539,3,0.37890625,0.27734375,0.65625,0.57421875,1,1
539,3,0.68359375,0.125,0.76953125,0.34765625,1,1
539,3,0.7734375,0.1796875,0.828125,0.359375,1,1
539,3,0.828125,0.2109375,0.890625,0.49609375,1,1
539,3,0.7734375,0.1015625,0.83203125,0.1875,1,1
539,4,0.78515625,0.11328125,0.8359375,0.1953125,1,1
539,4,0.6796875,0.12890625,0.76171875,0.33984375,1,1
539,4,0.375,0.26953125,0.66796875,0.546875,1,1
539,4,0.296875,0.25390625,0.38671875,0.58203125,1,1
539,4,0.19921875,0.3046875,0.2890625,0.59375,1,1
539,4,0.07421875,0.33984375,0.20703125,0.59375,1,1
539,4,0.00390625,0.3125,0.078125,0.59765625,1,1
539,4,0.140625,0.23828125,0.19921875,0.3515625,2,1
539,4,0.5234375,0.12890625,0.63671875,0.24609375,1,1
539,4,0.76953125,0.19921875,0.82421875,0.34765625,1,1
539,4,0.83203125,0.20703125,0.8984375,0.48828125,1,1
539,5,0.82421875,0.2109375,0.90625,0.47265625,1,1
539,5,0.76953125,0.19921875,0.8125,0.33203125,1,1
539,5,0.68359375,0.1328125,0.76171875,0.3359375,1,1
539,5,0.3671875,0.28125,0.6640625,0.57421875,1,1
539,5,0.3125,0.2578125,0.38671875,0.5546875,1,1
539,5,0.19921875,0.29296875,0.28515625,0.578125,1,1
539,5,0.078125,0.34765625,0.2109375,0.578125,1,1
539,5,0.00390625,0.32421875,0.08984375,0.59765625,1,1
539,5,0.14453125,0.23828125,0.19921875,0.36328125,2,1
539,5,0.5234375,0.10546875,0.640625,0.2421875,1,1
539,5,0.8046875,0.125,0.8671875,0.21484375,1,1
539,6,0.8203125,0.125,0.875,0.21484375,1,1
539,6,0.765625,0.1953125,0.828125,0.33984375,1,1
539,6,0.828125,0.22265625,0.890625,0.48828125,1,1
539,6,0.6875,0.125,0.765625,0.32421875,1,1
539,6,0.37109375,0.28125,0.6640625,0.57421875,1,1
539,6,0.30078125,0.234375,0.3828125,0.56640625,1,1
539,6,0.19921875,0.265625,0.27734375,0.56640625,1,1
539,6,0.078125,0.3515625,0.20703125,0.55859375,1,1
539,6,0.0,0.33203125,0.07421875,0.5703125,1,1
539,6,0.13671875,0.2421875,0.1953125,0.359375,2,1
539,6,0.453125,0.171875,0.53125,0.29296875,1,1
539,6,0.53515625,0.125,0.62109375,0.2265625,1,1
539,7,0.75390625,0.1875,0.82421875,0.35546875,1,1
539,7,0.83203125,0.2109375,0.90234375,0.5078125,1,1
539,7,0.67578125,0.12109375,0.7578125,0.3203125,1,1
539,7,0.375,0.2734375,0.66015625,0.5703125,1,1
539,7,0.30859375,0.2578125,0.3828125,0.6015625,1,1
539,7,0.1953125,0.3125,0.28125,0.61328125,1,1
539,7,0.08203125,0.3359375,0.1875,0.61328125,1,1
539,7,0.0,0.30859375,0.08203125,0.62890625,1,1
539,7,0.140625,0.23828125,0.203125,0.3671875,2,1
539,7,0.2734375,0.1796875,0.37890625,0.31640625,1,1
539,7,0.51171875,0.109375,0.63671875,0.23828125,1,1
540,2,0.46484375,0.10546875,0.5625,0.22265625,1,1
540,3,0.4609375,0.1171875,0.5625,0.23828125,1,1
540,4,0.4609375,0.1015625,0.5625,0.234375,1,1
540,5,0.46484375,0.109375,0.5625,0.21875,1,1
540,6,0.4765625,0.1328125,0.5625,0.23828125,1,1
540,6,0.57421875,0.08984375,0.6484375,0.2109375,1,1
540,7,0.4765625,0.1328125,0.55859375,0.234375,1,1
452,4,0.15625,0.21875,0.28515625,0.7109375,1,1
452,4,0.15625,0.21875,0.28515625,0.7109375,3,1
452,4,0.55078125,0.09765625,0.61328125,0.17578125,2,1
452,4,0.87890625,0.2109375,0.94921875,0.3515625,2,1
452,5,0.15625,0.22265625,0.28515625,0.7109375,1,1
452,5,0.15625,0.22265625,0.28515625,0.7109375,3,1
452,5,0.5546875,0.09375,0.61328125,0.1796875,2,1
452,5,0.8828125,0.22265625,0.953125,0.3828125,2,1
452,6,0.15234375,0.21875,0.28515625,0.7109375,1,1
452,6,0.15234375,0.21875,0.28515625,0.7109375,3,1
452,6,0.5546875,0.1015625,0.6171875,0.18359375,2,1
452,6,0.8828125,0.21484375,0.94921875,0.39453125,2,1
452,6,0.8828125,0.21484375,0.94921875,0.39453125,5,1
452,7,0.15625,0.22265625,0.2890625,0.7109375,1,1
452,7,0.15625,0.22265625,0.2890625,0.7109375,3,1
452,7,0.5546875,0.09375,0.609375,0.1796875,2,1
452,7,0.8828125,0.21875,0.9453125,0.37890625,2,1
452,7,0.8828125,0.21875,0.9453125,0.37890625,5,1
454,2,0.0,0.2265625,0.171875,0.51953125,1,1
454,2,0.4453125,0.19921875,0.65234375,0.734375,1,1
454,2,0.4453125,0.19921875,0.65234375,0.734375,3,1
454,2,0.5390625,0.1171875,0.64453125,0.28515625,2,1
454,2,0.5390625,0.1171875,0.64453125,0.28515625,5,1
454,2,0.875,0.20703125,0.953125,0.3671875,2,1
454,3,0.0,0.21484375,0.1640625,0.5390625,1,1
454,3,0.453125,0.20703125,0.65234375,0.734375,1,1
454,3,0.453125,0.20703125,0.65234375,0.734375,3,1
454,3,0.53515625,0.1171875,0.640625,0.28515625,2,1
454,3,0.53515625,0.1171875,0.640625,0.28515625,5,1
454,3,0.87109375,0.203125,0.95703125,0.36328125,2,1
454,4,0.0,0.21875,0.18359375,0.4921875,1,1
454,4,0.4375,0.20703125,0.65625,0.73828125,1,1
454,4,0.4375,0.20703125,0.65625,0.73828125,3,1
454,4,0.53515625,0.109375,0.640625,0.28515625,2,1
454,4,0.53515625,0.109375,0.640625,0.28515625,5,1
454,4,0.87109375,0.1953125,0.953125,0.3671875,2,1
454,5,0.0,0.22265625,0.17578125,0.49609375,1,1
454,5,0.44140625,0.203125,0.65625,0.734375,1,1
454,5,0.44140625,0.203125,0.65625,0.734375,3,1
454,5,0.53125,0.11328125,0.640625,0.28515625,2,1
454,5,0.53125,0.11328125,0.640625,0.28515625,5,1
454,5,0.8671875,0.203125,0.953125,0.36328125,2,1
454,6,0.00390625,0.22265625,0.19140625,0.54296875,1,1
454,6,0.44140625,0.203125,0.65234375,0.7421875,1,1
454,6,0.44140625,0.203125,0.65234375,0.7421875,3,1
454,6,0.53125,0.1171875,0.63671875,0.28125,2,1
454,6,0.53125,0.1171875,0.63671875,0.28125,5,1
454,6,0.87109375,0.19921875,0.95703125,0.3671875,2,1
454,7,0.0,0.22265625,0.17578125,0.4921875,1,1
454,7,0.44921875,0.203125,0.64453125,0.734375,1,1
454,7,0.44921875,0.203125,0.64453125,0.734375,3,1
454,7,0.53125,0.1171875,0.640625,0.28515625,2,1
454,7,0.53125,0.1171875,0.640625,0.28515625,5,1
454,7,0.87109375,0.19921875,0.953125,0.3671875,2,1
455,2,0.1015625,0.0234375,0.17578125,0.12890625,1,1
455,2,0.1015625,0.20703125,0.3359375,0.6953125,1,1
455,2,0.1015625,0.20703125,0.3359375,0.6953125,3,1
455,2,0.375,0.1015625,0.6171875,0.33203125,1,1
455,2,0.671875,0.2265625,0.86328125,0.69140625,1,1
455,2,0.671875,0.2265625,0.86328125,0.69140625,3,1
455,2,0.7578125,0.20703125,0.90625,0.6875,1,1
455,2,0.7578125,0.20703125,0.90625,0.6875,3,1
455,2,0.90625,0.28515625,0.9921875,0.6796875,1,1
455,2,0.90625,0.28515625,0.9921875,0.6796875,3,1
455,2,0.71484375,0.15625,0.8515625,0.265625,2,1
455,2,0.71484375,0.15625,0.8515625,0.265625,5,1
455,3,0.10546875,0.2109375,0.3359375,0.7109375,1,1
455,3,0.10546875,0.2109375,0.3359375,0.7109375,3,1
455,3,0.10546875,0.015625,0.18359375,0.125,1,1
455,3,0.43359375,0.09375,0.6796875,0.34765625,1,1
455,3,0.68359375,0.19921875,0.8515625,0.6953125,1,1
455,3,0.68359375,0.19921875,0.8515625,0.6953125,3,1
455,3,0.8203125,0.29296875,0.9140625,0.703125,1,1
455,3,0.8203125,0.29296875,0.9140625,0.703125,3,1
455,3,0.9140625,0.28125,0.98828125,0.66796875,1,1
455,3,0.9140625,0.28125,0.98828125,0.66796875,3,1
455,3,0.71875,0.14453125,0.82421875,0.2578125,2,1
455,3,0.71875,0.14453125,0.82421875,0.2578125,5,1
455,3,0.875,0.19140625,0.94140625,0.3203125,2,1
455,3,0.875,0.19140625,0.94140625,0.3203125,5,1
455,4,0.875,0.18359375,0.94921875,0.3203125,2,1
455,4,0.90625,0.3125,0.9921875,0.69140625,1,1
455,4,0.90625,0.3125,0.9921875,0.69140625,3,1
455,4,0.80859375,0.26953125,0.9140625,0.6953125,1,1
455,4,0.80859375,0.26953125,0.9140625,0.6953125,3,1
455,4,0.66796875,0.21484375,0.85546875,0.7109375,1,1
455,4,0.66796875,0.21484375,0.85546875,0.7109375,3,1
455,4,0.4921875,0.1015625,0.703125,0.34375,1,1
455,4,0.71875,0.14453125,0.8359375,0.2578125,2,1
455,4,0.1015625,0.2109375,0.33203125,0.7109375,1,1
455,4,0.1015625,0.2109375,0.33203125,0.7109375,3,1
455,4,0.1015625,0.01953125,0.17578125,0.13671875,1,1
455,5,0.10546875,0.015625,0.1796875,0.13671875,1,1
455,5,0.1015625,0.21484375,0.3359375,0.69921875,1,1
455,5,0.1015625,0.21484375,0.3359375,0.69921875,3,1
455,5,0.53125,0.14453125,0.75390625,0.35546875,1,1
455,5,0.51953125,0.11328125,0.62890625,0.1796875,2,1
455,5,0.51953125,0.11328125,0.62890625,0.1796875,5,1
455,5,0.66796875,0.20703125,0.859375,0.7109375,1,1
455,5,0.66796875,0.20703125,0.859375,0.7109375,3,1
455,5,0.8046875,0.26171875,0.9140625,0.6953125,1,1
455,5,0.8046875,0.26171875,0.9140625,0.6953125,3,1
455,5,0.90625,0.30859375,0.9921875,0.67578125,1,1
455,5,0.90625,0.30859375,0.9921875,0.67578125,3,1
455,5,0.87890625,0.1953125,0.9375,0.3203125,2,1
455,6,0.1015625,0.015625,0.17578125,0.125,1,1
455,6,0.09375,0.19921875,0.33984375,0.69921875,1,1
455,6,0.09375,0.19921875,0.33984375,0.69921875,3,1
455,6,0.515625,0.1171875,0.6015625,0.26953125,2,1
455,6,0.515625,0.1171875,0.6015625,0.26953125,5,1
455,6,0.58984375,0.1328125,0.82421875,0.34375,1,1
455,6,0.6796875,0.21875,0.8515625,0.70703125,1,1
455,6,0.6796875,0.21875,0.8515625,0.70703125,3,1
455,6,0.77734375,0.21484375,0.91015625,0.6953125,1,1
455,6,0.77734375,0.21484375,0.91015625,0.6953125,3,1
455,6,0.90625,0.28515625,0.9921875,0.6796875,1,1
455,6,0.90625,0.28515625,0.9921875,0.6796875,3,1
455,6,0.87109375,0.19140625,0.95703125,0.3203125,2,1
455,6,0.87109375,0.19140625,0.95703125,0.3203125,5,1
455,7,0.1015625,0.01953125,0.17578125,0.13671875,1,1
455,7,0.08984375,0.21484375,0.328125,0.69921875,1,1
455,7,0.08984375,0.21484375,0.328125,0.69921875,3,1
455,7,0.51953125,0.109375,0.63671875,0.30078125,2,1
455,7,0.67578125,0.22265625,0.84375,0.71484375,1,1
455,7,0.67578125,0.22265625,0.84375,0.71484375,3,1
455,7,0.80859375,0.2734375,0.9140625,0.6875,1,1
455,7,0.80859375,0.2734375,0.9140625,0.6875,3,1
455,7,0.66015625,0.140625,0.8515625,0.31640625,1,1
455,7,0.91015625,0.3125,0.9921875,0.6796875,1,1
455,7,0.91015625,0.3125,0.9921875,0.6796875,3,1
455,7,0.875,0.19140625,0.953125,0.3203125,2,1
456,2,0.06640625,0.13671875,0.1796875,0.35546875,1,1
456,2,0.06640625,0.13671875,0.1796875,0.35546875,5,1
456,2,0.37890625,0.19140625,0.48046875,0.6875,1,1
456,2,0.37890625,0.19140625,0.48046875,0.6875,3,1
456,2,0.37109375,0.15234375,0.53125,0.265625,2,1
456,2,0.37109375,0.15234375,0.53125,0.265625,5,1
456,2,0.953125,0.25,0.99609375,0.38671875,2,1
456,3,0.95703125,0.23828125,0.9921875,0.38671875,2,1
456,3,0.36328125,0.13671875,0.52734375,0.26953125,2,1
456,3,0.36328125,0.13671875,0.52734375,0.26953125,5,1
456,3,0.375,0.1953125,0.48046875,0.6875,1,1
456,3,0.375,0.1953125,0.48046875,0.6875,3,1
456,3,0.0625,0.12890625,0.1796875,0.36328125,1,1
456,4,0.06640625,0.1328125,0.17578125,0.35546875,1,1
456,4,0.06640625,0.1328125,0.17578125,0.35546875,5,1
456,4,0.3671875,0.13671875,0.52734375,0.26953125,2,1
456,4,0.3671875,0.13671875,0.52734375,0.26953125,5,1
456,4,0.3828125,0.20703125,0.4765625,0.6953125,1,1
456,4,0.3828125,0.20703125,0.4765625,0.6953125,3,1
456,4,0.953125,0.2421875,0.9921875,0.38671875,2,1
456,5,0.953125,0.25,0.99609375,0.3984375,2,1
456,5,0.3671875,0.13671875,0.52734375,0.265625,5,1
456,5,0.3671875,0.13671875,0.52734375,0.265625,2,1
456,5,0.38671875,0.2265625,0.48828125,0.703125,1,1
456,5,0.38671875,0.2265625,0.48828125,0.703125,3,1
456,5,0.0625,0.13671875,0.18359375,0.35546875,1,1
456,6,0.03515625,0.13671875,0.16796875,0.3515625,1,1
456,6,0.03515625,0.13671875,0.16796875,0.3515625,5,1
456,6,0.37890625,0.203125,0.4765625,0.69921875,1,1
456,6,0.37890625,0.203125,0.4765625,0.69921875,3,1
456,6,0.37109375,0.1328125,0.53125,0.265625,2,1
456,6,0.37109375,0.1328125,0.53125,0.265625,5,1
456,6,0.95703125,0.23828125,0.9921875,0.39453125,2,1
456,7,0.953125,0.234375,0.99609375,0.40234375,2,1
456,7,0.3671875,0.13671875,0.52734375,0.26953125,2,1
456,7,0.3671875,0.13671875,0.52734375,0.26953125,5,1
456,7,0.3828125,0.2109375,0.48828125,0.703125,1,1
456,7,0.3828125,0.2109375,0.48828125,0.703125,3,1
456,7,0.03515625,0.13671875,0.15234375,0.34765625,1,1
456,7,0.03515625,0.13671875,0.15234375,0.34765625,5,1
457,2,0.28125,0.0859375,0.359375,0.171875,2,1
457,2,0.28125,0.0859375,0.359375,0.171875,5,1
457,2,0.546875,0.09765625,0.62890625,0.171875,2,1
457,2,0.7578125,0.14453125,0.83203125,0.23046875,2,1
457,2,0.953125,0.23828125,0.9921875,0.3828125,2,1
457,3,0.28515625,0.078125,0.359375,0.17578125,2,1
457,3,0.28515625,0.078125,0.359375,0.17578125,5,1
457,3,0.54296875,0.09375,0.6171875,0.18359375,2,1
457,3,0.765625,0.140625,0.828125,0.2265625,2,1
457,3,0.95703125,0.24609375,0.99609375,0.3828125,2,1
457,4,0.28125,0.078125,0.359375,0.17578125,2,1
457,4,0.546875,0.08984375,0.62109375,0.1875,2,1
457,4,0.765625,0.14453125,0.83203125,0.23046875,2,1
457,4,0.95703125,0.2421875,0.99609375,0.39453125,2,1
457,5,0.28125,0.0859375,0.359375,0.17578125,2,1
457,5,0.28125,0.0859375,0.359375,0.17578125,5,1
457,5,0.546875,0.09375,0.62109375,0.18359375,2,1
457,5,0.765625,0.140625,0.83203125,0.2265625,2,1
457,5,0.9609375,0.25390625,0.99609375,0.39453125,2,1
457,6,0.96484375,0.2421875,0.99609375,0.39453125,2,1
457,6,0.96484375,0.2421875,0.99609375,0.39453125,5,1
457,6,0.76171875,0.14453125,0.8359375,0.23828125,2,1
457,6,0.546875,0.09375,0.6171875,0.1875,2,1
457,6,0.28125,0.08203125,0.359375,0.171875,2,1
457,7,0.28125,0.07421875,0.3671875,0.16796875,2,1
457,7,0.28125,0.07421875,0.3671875,0.16796875,5,1
457,7,0.5546875,0.08984375,0.625,0.1875,2,1
457,7,0.76953125,0.14453125,0.828125,0.2265625,2,1
457,7,0.9609375,0.24609375,1.0,0.38671875,2,1
458,2,0.2890625,0.078125,0.36328125,0.17578125,2,1
458,2,0.3984375,0.06640625,0.46875,0.17578125,2,1
458,2,0.3984375,0.06640625,0.46875,0.17578125,5,1
458,2,0.54296875,0.09375,0.6171875,0.19140625,2,1
458,2,0.76171875,0.15234375,0.83984375,0.2265625,2,1
458,2,0.96484375,0.24609375,0.99609375,0.3828125,2,1
458,3,0.95703125,0.2421875,0.9921875,0.37109375,2,1
458,3,0.7578125,0.140625,0.83203125,0.23046875,2,1
458,3,0.546875,0.09375,0.62109375,0.1796875,2,1
458,3,0.3984375,0.0859375,0.46484375,0.171875,2,1
458,3,0.2890625,0.0859375,0.36328125,0.171875,2,1
458,3,0.2890625,0.0859375,0.36328125,0.171875,5,1
458,4,0.2890625,0.08203125,0.36328125,0.1796875,2,1
458,4,0.39453125,0.078125,0.46484375,0.171875,2,1
458,4,0.39453125,0.078125,0.46484375,0.171875,5,1
458,4,0.54296875,0.09375,0.6171875,0.1875,2,1
458,4,0.7578125,0.15234375,0.828125,0.2265625,2,1
458,4,0.9609375,0.2578125,0.9921875,0.3828125,2,1
458,5,0.28515625,0.09375,0.36328125,0.1796875,2,1
458,5,0.28515625,0.09375,0.36328125,0.1796875,5,1
458,5,0.40234375,0.0859375,0.46484375,0.1796875,2,1
458,5,0.40234375,0.0859375,0.46484375,0.1796875,5,1
458,5,0.546875,0.09375,0.6171875,0.1875,2,1
458,5,0.7578125,0.1484375,0.828125,0.22265625,2,1
458,5,0.95703125,0.25,0.99609375,0.37890625,2,1
452,3,0.16015625,0.171875,0.296875,0.74609375,3,1
452,3,0.16015625,0.171875,0.296875,0.74609375,1,1
452,3,0.54296875,0.07421875,0.62890625,0.19140625,2,1
452,3,0.87109375,0.203125,0.94921875,0.3671875,2,1
452,2,0.12109375,0.20703125,0.3046875,0.72265625,1,1
452,2,0.12109375,0.20703125,0.3046875,0.72265625,3,1
452,2,0.55078125,0.07421875,0.6171875,0.1953125,2,1
452,2,0.55078125,0.07421875,0.6171875,0.1953125,5,1
452,2,0.875,0.2109375,0.9609375,0.37109375,2,1
453,7,0.5390625,0.10546875,0.640625,0.29296875,2,1
453,7,0.5390625,0.10546875,0.640625,0.29296875,5,1
453,7,0.93359375,0.3046875,0.99609375,0.6171875,1,1
453,7,0.0,0.2421875,0.05078125,0.62890625,1,1
453,7,0.0,0.2421875,0.05078125,0.62890625,3,1
458,6,0.29296875,0.0859375,0.36328125,0.1796875,2,1
458,6,0.29296875,0.0859375,0.36328125,0.1796875,5,1
458,6,0.3984375,0.07421875,0.4609375,0.171875,2,1
458,6,0.3984375,0.07421875,0.4609375,0.171875,5,1
458,6,0.54296875,0.08984375,0.62109375,0.1875,2,1
458,6,0.7578125,0.140625,0.83203125,0.23046875,2,1
458,6,0.95703125,0.2578125,0.99609375,0.37890625,2,1
458,7,0.2890625,0.08203125,0.3671875,0.18359375,2,1
458,7,0.2890625,0.08203125,0.3671875,0.18359375,5,1
458,7,0.3984375,0.0703125,0.4609375,0.1796875,5,1
458,7,0.3984375,0.0703125,0.4609375,0.1796875,2,1
458,7,0.5390625,0.07421875,0.62109375,0.19140625,2,1
458,7,0.76171875,0.140625,0.828125,0.234375,2,1
458,7,0.96875,0.265625,0.99609375,0.38671875,2,1
459,2,0.55078125,0.015625,0.59375,0.17578125,1,1
459,2,0.55078125,0.015625,0.59375,0.17578125,5,1
459,2,0.765625,0.15234375,0.828125,0.22265625,2,1
459,2,0.3984375,0.0703125,0.46875,0.18359375,2,1
459,2,0.3984375,0.0703125,0.46875,0.18359375,5,1
459,2,0.20703125,0.0859375,0.265625,0.1875,2,1
459,2,0.234375,0.125,0.33203125,0.27734375,2,1
459,2,0.234375,0.125,0.33203125,0.27734375,5,1
459,2,0.29296875,0.078125,0.36328125,0.16796875,2,1
459,3,0.765625,0.140625,0.828125,0.23046875,2,1
459,3,0.5546875,0.01953125,0.59765625,0.1796875,1,1
459,3,0.5546875,0.01953125,0.59765625,0.1796875,5,1
459,3,0.39453125,0.08203125,0.4609375,0.171875,2,1
459,3,0.39453125,0.08203125,0.4609375,0.171875,5,1
459,3,0.234375,0.1171875,0.33203125,0.2734375,2,1
459,3,0.234375,0.1171875,0.33203125,0.2734375,5,1
459,3,0.29296875,0.09765625,0.3671875,0.171875,2,1
459,3,0.29296875,0.09765625,0.3671875,0.171875,5,1
459,3,0.20703125,0.1015625,0.26953125,0.1875,2,1
459,4,0.2109375,0.08984375,0.27734375,0.19140625,2,1
459,4,0.23828125,0.1171875,0.3359375,0.28125,2,1
459,4,0.23828125,0.1171875,0.3359375,0.28125,5,1
459,4,0.2890625,0.08203125,0.37109375,0.16796875,2,1
459,4,0.2890625,0.08203125,0.37109375,0.16796875,5,1
459,4,0.39453125,0.08984375,0.46484375,0.171875,2,1
459,4,0.39453125,0.08984375,0.46484375,0.171875,5,1
459,4,0.55078125,0.01953125,0.60546875,0.19140625,1,1
459,4,0.55078125,0.01953125,0.60546875,0.19140625,5,1
459,4,0.76171875,0.14453125,0.83203125,0.2265625,2,1
459,4,0.76171875,0.14453125,0.83203125,0.2265625,5,1
459,5,0.765625,0.140625,0.8359375,0.23046875,2,1
459,5,0.5546875,0.01171875,0.59765625,0.1875,1,1
459,5,0.5546875,0.01171875,0.59765625,0.1875,5,1
459,5,0.390625,0.07421875,0.4609375,0.171875,2,1
459,5,0.390625,0.07421875,0.4609375,0.171875,5,1
459,5,0.2890625,0.078125,0.3671875,0.16796875,2,1
459,5,0.234375,0.12890625,0.3359375,0.26953125,2,1
459,5,0.234375,0.12890625,0.3359375,0.26953125,5,1
459,5,0.203125,0.09375,0.28125,0.19140625,2,1
459,6,0.2109375,0.08984375,0.28515625,0.19140625,2,1
459,6,0.23046875,0.1171875,0.33984375,0.28125,2,1
459,6,0.23046875,0.1171875,0.33984375,0.28125,5,1
459,6,0.29296875,0.09375,0.37109375,0.171875,2,1
459,6,0.39453125,0.078125,0.4609375,0.18359375,2,1
459,6,0.39453125,0.078125,0.4609375,0.18359375,5,1
459,6,0.55078125,0.01953125,0.59765625,0.1796875,1,1
459,6,0.55078125,0.01953125,0.59765625,0.1796875,5,1
459,6,0.76171875,0.14453125,0.82421875,0.22265625,2,1
459,7,0.2109375,0.09765625,0.2890625,0.1875,2,1
459,7,0.2265625,0.125,0.33984375,0.26953125,2,1
459,7,0.2890625,0.08984375,0.37109375,0.1640625,2,1
459,7,0.39453125,0.078125,0.46875,0.171875,2,1
459,7,0.546875,0.015625,0.59765625,0.1796875,1,1
459,7,0.546875,0.015625,0.59765625,0.1796875,5,1
459,7,0.7578125,0.140625,0.828125,0.23046875,2,1
460,2,0.23828125,0.14453125,0.34375,0.27734375,2,1
460,2,0.23046875,0.0,0.30859375,0.12890625,1,1
460,2,0.23046875,0.0,0.30859375,0.12890625,5,1
460,2,0.28515625,0.09375,0.375,0.17578125,2,1
460,2,0.39453125,0.0859375,0.4609375,0.171875,2,1
460,2,0.39453125,0.0859375,0.4609375,0.171875,5,1
460,2,0.59765625,0.09375,0.67578125,0.1875,2,1
460,2,0.75390625,0.13671875,0.82421875,0.2265625,2,1
460,3,0.23046875,0.0,0.296875,0.13671875,1,1
460,3,0.23046875,0.0,0.296875,0.13671875,5,1
460,3,0.21875,0.15234375,0.34765625,0.26953125,2,1
460,3,0.2890625,0.09765625,0.37109375,0.1640625,2,1
460,3,0.39453125,0.078125,0.4609375,0.19140625,2,1
460,3,0.39453125,0.078125,0.4609375,0.19140625,5,1
460,3,0.60546875,0.09765625,0.67578125,0.19140625,2,1
460,3,0.60546875,0.09765625,0.67578125,0.19140625,5,1
460,3,0.7578125,0.140625,0.82421875,0.22265625,2,1
460,3,0.7578125,0.140625,0.82421875,0.22265625,5,1
460,4,0.23046875,0.0,0.30078125,0.1484375,1,1
460,4,0.23046875,0.0,0.30078125,0.1484375,5,1
460,4,0.2265625,0.1484375,0.34765625,0.27734375,2,1
460,4,0.28125,0.08984375,0.375,0.1640625,2,1
460,4,0.39453125,0.0703125,0.45703125,0.19140625,2,1
460,4,0.59765625,0.1015625,0.671875,0.19140625,2,1
460,4,0.7578125,0.14453125,0.83203125,0.22265625,2,1
460,5,0.23046875,0.00390625,0.30078125,0.14453125,1,1
460,5,0.23046875,0.00390625,0.30078125,0.14453125,5,1
460,5,0.23046875,0.15234375,0.34765625,0.2890625,2,1
460,5,0.28515625,0.07421875,0.36328125,0.16796875,2,1
460,5,0.28515625,0.07421875,0.36328125,0.16796875,5,1
460,5,0.39453125,0.07421875,0.4609375,0.1953125,2,1
460,5,0.6015625,0.08984375,0.671875,0.19140625,2,1
460,5,0.6015625,0.08984375,0.671875,0.19140625,5,1
460,5,0.7578125,0.1328125,0.828125,0.23046875,2,1
460,5,0.7578125,0.1328125,0.828125,0.23046875,5,1
460,6,0.234375,0.00390625,0.3046875,0.14453125,1,1
460,6,0.234375,0.00390625,0.3046875,0.14453125,5,1
460,6,0.39453125,0.0625,0.4609375,0.19140625,2,1
460,6,0.39453125,0.0625,0.4609375,0.19140625,5,1
460,6,0.21875,0.1484375,0.34375,0.26953125,2,1
460,6,0.28125,0.078125,0.37109375,0.16015625,2,1
460,6,0.28125,0.078125,0.37109375,0.16015625,5,1
460,6,0.59765625,0.09375,0.67578125,0.19140625,2,1
460,6,0.59765625,0.09375,0.67578125,0.19140625,5,1
460,6,0.76171875,0.140625,0.83203125,0.23046875,2,1
460,6,0.76171875,0.140625,0.83203125,0.23046875,5,1
460,7,0.7578125,0.1328125,0.828125,0.23046875,2,1
460,7,0.59375,0.09765625,0.671875,0.1953125,2,1
460,7,0.40234375,0.0703125,0.4609375,0.19140625,2,1
460,7,0.28515625,0.08203125,0.359375,0.17578125,2,1
460,7,0.2265625,0.1484375,0.359375,0.28125,2,1
460,7,0.23046875,0.00390625,0.30078125,0.125,1,1
460,7,0.23046875,0.00390625,0.30078125,0.125,5,1
461,2,0.765625,0.1328125,0.82421875,0.234375,2,1
461,2,0.546875,0.078125,0.6171875,0.1875,2,1
461,2,0.546875,0.078125,0.6171875,0.1875,5,1
461,2,0.234375,0.109375,0.34765625,0.28125,2,1
461,2,0.234375,0.109375,0.34765625,0.28125,5,1
461,2,0.1953125,0.07421875,0.30078125,0.18359375,2,1
461,3,0.23046875,0.1015625,0.34765625,0.28515625,2,1
461,3,0.23046875,0.1015625,0.34765625,0.28515625,5,1
461,3,0.1953125,0.0859375,0.2890625,0.1875,2,1
461,3,0.55078125,0.0859375,0.6171875,0.19921875,2,1
461,3,0.55078125,0.0859375,0.6171875,0.19921875,5,1
461,3,0.7578125,0.140625,0.828125,0.23046875,2,1
461,4,0.7578125,0.125,0.828125,0.23828125,2,1
461,4,0.55078125,0.0859375,0.61328125,0.19140625,2,1
461,4,0.55078125,0.0859375,0.61328125,0.19140625,5,1
461,4,0.234375,0.11328125,0.34375,0.28125,2,1
461,4,0.234375,0.11328125,0.34375,0.28125,5,1
461,4,0.19921875,0.09375,0.29296875,0.1953125,2,1
461,5,0.234375,0.10546875,0.34765625,0.27734375,2,1
461,5,0.234375,0.10546875,0.34765625,0.27734375,5,1
461,5,0.54296875,0.07421875,0.62109375,0.1953125,2,1
461,5,0.54296875,0.07421875,0.62109375,0.1953125,5,1
461,5,0.765625,0.1328125,0.83203125,0.234375,2,1
461,5,0.1953125,0.09765625,0.296875,0.18359375,2,1
461,6,0.54296875,0.07421875,0.6171875,0.18359375,2,1
461,6,0.54296875,0.07421875,0.6171875,0.18359375,5,1
461,6,0.76171875,0.1328125,0.82421875,0.23828125,2,1
461,6,0.2265625,0.12109375,0.35546875,0.27734375,2,1
461,6,0.2265625,0.12109375,0.35546875,0.27734375,5,1
461,6,0.19921875,0.0859375,0.2890625,0.1796875,2,1
461,7,0.234375,0.10546875,0.34765625,0.28125,2,1
461,7,0.234375,0.10546875,0.34765625,0.28125,5,1
461,7,0.19921875,0.08984375,0.296875,0.18359375,2,1
461,7,0.546875,0.08984375,0.6171875,0.1953125,2,1
461,7,0.546875,0.08984375,0.6171875,0.1953125,5,1
461,7,0.76171875,0.13671875,0.828125,0.23828125,2,1
462,2,0.23046875,0.12109375,0.35546875,0.28125,2,1
462,2,0.23046875,0.12109375,0.35546875,0.28125,5,1
462,2,0.21875,0.0859375,0.28515625,0.17578125,2,1
462,3,0.23046875,0.1171875,0.3515625,0.28515625,2,1
462,3,0.23046875,0.1171875,0.3515625,0.28515625,5,1
462,3,0.21484375,0.08203125,0.28515625,0.1796875,2,1
462,4,0.21875,0.08203125,0.296875,0.17578125,2,1
462,4,0.23828125,0.12109375,0.35546875,0.28515625,2,1
462,4,0.23828125,0.12109375,0.35546875,0.28515625,5,1
462,5,0.234375,0.11328125,0.35546875,0.28515625,2,1
462,5,0.234375,0.11328125,0.35546875,0.28515625,5,1
462,5,0.21875,0.0859375,0.296875,0.18359375,2,1
462,6,0.2265625,0.08984375,0.29296875,0.1796875,2,1
462,6,0.23046875,0.12109375,0.3515625,0.28125,2,1
462,6,0.23046875,0.12109375,0.3515625,0.28125,5,1
462,7,0.22265625,0.0859375,0.29296875,0.17578125,2,1
462,7,0.234375,0.11328125,0.35546875,0.28125,2,1
462,7,0.234375,0.11328125,0.35546875,0.28125,5,1
463,2,0.90234375,0.27734375,0.9921875,0.578125,1,1
463,2,0.90234375,0.27734375,0.9921875,0.578125,3,1
463,2,0.80078125,0.25,0.90234375,0.671875,1,1
463,2,0.80078125,0.25,0.90234375,0.671875,3,1
463,2,0.69921875,0.234375,0.85546875,0.69140625,1,1
463,2,0.69921875,0.234375,0.85546875,0.69140625,3,1
463,2,0.5625,0.20703125,0.6796875,0.69921875,1,1
463,2,0.5625,0.20703125,0.6796875,0.69921875,3,1
463,2,0.3515625,0.1875,0.4609375,0.73828125,1,1
463,2,0.3515625,0.1875,0.4609375,0.73828125,3,1
463,2,0.234375,0.203125,0.32421875,0.7109375,1,1
463,2,0.234375,0.203125,0.32421875,0.7109375,3,1
463,2,0.11328125,0.22265625,0.23046875,0.67578125,1,1
463,2,0.11328125,0.22265625,0.23046875,0.67578125,3,1
463,2,0.0,0.25,0.0859375,0.6484375,1,1
463,2,0.0,0.25,0.0859375,0.6484375,3,1
463,2,0.77734375,0.07421875,0.87109375,0.1953125,1,1
463,2,0.77734375,0.07421875,0.87109375,0.1953125,5,1
463,2,0.45703125,0.0,0.57421875,0.125,1,1
463,2,0.3671875,0.00390625,0.4609375,0.10546875,1,1
463,2,0.24609375,0.01953125,0.3671875,0.13671875,1,1
463,2,0.15625,0.01953125,0.234375,0.125,1,1
463,2,0.0546875,0.15625,0.2265625,0.2890625,1,1
463,2,0.37890625,0.10546875,0.609375,0.35546875,1,1
463,2,0.6171875,0.13671875,0.8359375,0.3203125,1,1
463,3,0.90234375,0.28125,0.99609375,0.57421875,1,1
463,3,0.90234375,0.28125,0.99609375,0.57421875,3,1
463,3,0.8046875,0.25,0.9140625,0.6875,1,1
463,3,0.8046875,0.25,0.9140625,0.6875,3,1
463,3,0.7109375,0.23046875,0.859375,0.6796875,1,1
463,3,0.7109375,0.23046875,0.859375,0.6796875,3,1
463,3,0.578125,0.203125,0.6796875,0.71875,1,1
463,3,0.578125,0.203125,0.6796875,0.71875,3,1
463,3,0.3515625,0.18359375,0.4609375,0.734375,1,1
463,3,0.3515625,0.18359375,0.4609375,0.734375,3,1
463,3,0.234375,0.19921875,0.33203125,0.71484375,1,1
463,3,0.234375,0.19921875,0.33203125,0.71484375,3,1
463,3,0.1171875,0.2109375,0.22265625,0.6953125,1,1
463,3,0.1171875,0.2109375,0.22265625,0.6953125,3,1
463,3,0.0,0.23828125,0.08203125,0.5859375,1,1
463,3,0.0,0.23828125,0.08203125,0.5859375,3,1
463,3,0.05078125,0.15234375,0.2109375,0.28125,1,1
463,3,0.375,0.08203125,0.6171875,0.34375,1,1
463,3,0.625,0.12890625,0.8203125,0.32421875,1,1
463,3,0.77734375,0.06640625,0.8828125,0.20703125,1,1
463,3,0.453125,0.0,0.57421875,0.1015625,1,1
463,3,0.453125,0.0,0.57421875,0.1015625,5,1
463,3,0.36328125,0.0,0.45703125,0.10546875,1,1
463,3,0.36328125,0.0,0.45703125,0.10546875,5,1
463,3,0.24609375,0.01953125,0.37109375,0.1328125,1,1
463,3,0.24609375,0.01953125,0.37109375,0.1328125,5,1
463,3,0.16015625,0.01171875,0.22265625,0.08984375,1,1
463,4,0.1640625,0.0078125,0.22265625,0.0859375,1,1
463,4,0.24609375,0.015625,0.37109375,0.13671875,1,1
463,4,0.375,0.0,0.4609375,0.11328125,1,1
463,4,0.4921875,0.0,0.578125,0.109375,1,1
463,4,0.76171875,0.06640625,0.87109375,0.203125,1,1
463,4,0.90234375,0.28515625,0.9921875,0.6015625,1,1
463,4,0.90234375,0.28515625,0.9921875,0.6015625,3,1
463,4,0.8046875,0.2421875,0.90234375,0.69140625,1,1
463,4,0.8046875,0.2421875,0.90234375,0.69140625,3,1
463,4,0.703125,0.23046875,0.84765625,0.6953125,1,1
463,4,0.703125,0.23046875,0.84765625,0.6953125,3,1
463,4,0.5546875,0.20703125,0.66015625,0.71484375,1,1
463,4,0.5546875,0.20703125,0.66015625,0.71484375,3,1
463,4,0.3515625,0.18359375,0.46875,0.71875,1,1
463,4,0.3515625,0.18359375,0.46875,0.71875,3,1
463,4,0.23046875,0.19921875,0.33203125,0.7109375,1,1
463,4,0.23046875,0.19921875,0.33203125,0.7109375,3,1
463,4,0.11328125,0.22265625,0.22265625,0.69140625,1,1
463,4,0.11328125,0.22265625,0.22265625,0.69140625,3,1
463,4,0.0,0.25390625,0.08203125,0.6484375,1,1
463,4,0.0,0.25390625,0.08203125,0.6484375,3,1
463,4,0.05078125,0.15234375,0.20703125,0.30078125,1,1
463,4,0.05078125,0.15234375,0.20703125,0.30078125,5,1
463,4,0.38671875,0.1171875,0.61328125,0.35546875,1,1
463,4,0.38671875,0.1171875,0.61328125,0.35546875,5,1
463,4,0.625,0.1328125,0.83984375,0.31640625,1,1
463,4,0.625,0.1328125,0.83984375,0.31640625,5,1
463,5,0.90625,0.28515625,0.9921875,0.6328125,1,1
463,5,0.90625,0.28515625,0.9921875,0.6328125,3,1
463,5,0.80078125,0.25,0.91015625,0.68359375,1,1
463,5,0.80078125,0.25,0.91015625,0.68359375,3,1
463,5,0.69921875,0.22265625,0.8359375,0.68359375,1,1
463,5,0.69921875,0.22265625,0.8359375,0.68359375,3,1
463,5,0.5546875,0.20703125,0.66015625,0.71484375,1,1
463,5,0.5546875,0.20703125,0.66015625,0.71484375,3,1
463,5,0.3359375,0.17578125,0.4765625,0.703125,1,1
463,5,0.3359375,0.17578125,0.4765625,0.703125,3,1
463,5,0.234375,0.19921875,0.3203125,0.72265625,1,1
463,5,0.234375,0.19921875,0.3203125,0.72265625,3,1
463,5,0.11328125,0.21484375,0.2265625,0.68359375,1,1
463,5,0.11328125,0.21484375,0.2265625,0.68359375,3,1
463,5,0.0,0.25,0.08203125,0.5625,1,1
463,5,0.0,0.25,0.08203125,0.5625,3,1
463,5,0.16015625,0.00390625,0.2265625,0.1015625,1,1
463,5,0.25,0.01171875,0.37890625,0.140625,1,1
463,5,0.25,0.01171875,0.37890625,0.140625,5,1
463,5,0.37890625,0.0,0.46484375,0.109375,1,1
463,5,0.37890625,0.0,0.46484375,0.109375,5,1
463,5,0.453125,0.0,0.5625,0.12109375,1,1
463,5,0.453125,0.0,0.5625,0.12109375,5,1
463,5,0.77734375,0.07421875,0.87109375,0.1875,1,1
463,5,0.77734375,0.07421875,0.87109375,0.1875,3,1
463,5,0.6171875,0.1328125,0.828125,0.30859375,1,1
463,5,0.6171875,0.1328125,0.828125,0.30859375,5,1
463,5,0.37890625,0.1015625,0.62109375,0.3515625,1,1
463,5,0.046875,0.15625,0.1953125,0.33984375,1,1
463,5,0.046875,0.15625,0.1953125,0.33984375,5,1
469,4,0.8984375,0.26171875,0.9921875,0.64453125,1,1
469,4,0.8984375,0.26171875,0.9921875,0.64453125,3,1
469,4,0.8359375,0.2421875,0.9375,0.625,1,1
469,4,0.8359375,0.2421875,0.9375,0.625,3,1
469,4,0.7734375,0.26953125,0.85546875,0.65234375,1,1
469,4,0.7734375,0.26953125,0.85546875,0.65234375,3,1
469,4,0.69140625,0.203125,0.8125,0.71875,1,1
469,4,0.69140625,0.203125,0.8125,0.71875,3,1
469,4,0.625,0.203125,0.734375,0.7109375,1,1
469,4,0.625,0.203125,0.734375,0.7109375,3,1
469,4,0.51953125,0.1796875,0.640625,0.703125,1,1
469,4,0.51953125,0.1796875,0.640625,0.703125,3,1
469,4,0.390625,0.1953125,0.49609375,0.6015625,1,1
469,4,0.390625,0.1953125,0.49609375,0.6015625,3,1
469,4,0.27734375,0.21484375,0.41015625,0.66796875,1,1
469,4,0.27734375,0.21484375,0.41015625,0.66796875,3,1
469,4,0.2265625,0.203125,0.3046875,0.6796875,1,1
469,4,0.2265625,0.203125,0.3046875,0.6796875,3,1
469,4,0.13671875,0.23046875,0.2265625,0.6328125,1,1
469,4,0.13671875,0.23046875,0.2265625,0.6328125,3,1
469,4,0.03515625,0.21484375,0.125,0.69140625,1,1
469,4,0.03515625,0.21484375,0.125,0.69140625,3,1
469,4,0.00390625,0.21875,0.06640625,0.48828125,1,1
469,4,0.00390625,0.21875,0.06640625,0.48828125,3,1
469,4,0.23828125,0.1015625,0.33203125,0.25390625,2,1
469,4,0.23828125,0.1015625,0.33203125,0.25390625,5,1
469,4,0.40625,0.0703125,0.4609375,0.18359375,2,1
469,4,0.21875,0.09765625,0.26953125,0.1796875,2,1
469,4,0.21875,0.09765625,0.26953125,0.1796875,5,1
469,4,0.54296875,0.10546875,0.62890625,0.21484375,2,1
469,4,0.54296875,0.10546875,0.62890625,0.21484375,5,1
469,4,0.671875,0.1015625,0.75,0.19140625,2,1
469,4,0.671875,0.1015625,0.75,0.19140625,5,1
469,4,0.6171875,0.09375,0.6640625,0.1796875,2,1
469,5,0.8984375,0.26171875,0.9921875,0.64453125,1,1
469,5,0.8984375,0.26171875,0.9921875,0.64453125,3,1
469,5,0.8359375,0.2421875,0.9375,0.625,1,1
469,5,0.8359375,0.2421875,0.9375,0.625,3,1
469,5,0.7734375,0.26953125,0.85546875,0.65234375,1,1
469,5,0.7734375,0.26953125,0.85546875,0.65234375,3,1
469,5,0.69140625,0.203125,0.8125,0.71875,1,1
469,5,0.69140625,0.203125,0.8125,0.71875,3,1
469,5,0.625,0.203125,0.734375,0.7109375,1,1
469,5,0.625,0.203125,0.734375,0.7109375,3,1
469,5,0.51953125,0.1796875,0.640625,0.703125,1,1
469,5,0.51953125,0.1796875,0.640625,0.703125,3,1
469,5,0.390625,0.1953125,0.49609375,0.6015625,1,1
469,5,0.390625,0.1953125,0.49609375,0.6015625,3,1
469,5,0.27734375,0.21484375,0.41015625,0.66796875,1,1
469,5,0.27734375,0.21484375,0.41015625,0.66796875,3,1
469,5,0.2265625,0.203125,0.3046875,0.6796875,1,1
469,5,0.2265625,0.203125,0.3046875,0.6796875,3,1
469,5,0.13671875,0.23046875,0.2265625,0.6328125,1,1
469,5,0.13671875,0.23046875,0.2265625,0.6328125,3,1
469,5,0.03515625,0.21484375,0.125,0.69140625,1,1
469,5,0.03515625,0.21484375,0.125,0.69140625,3,1
469,5,0.00390625,0.21875,0.06640625,0.48828125,1,1
469,5,0.00390625,0.21875,0.06640625,0.48828125,3,1
469,5,0.23828125,0.1015625,0.33203125,0.25390625,2,1
469,5,0.23828125,0.1015625,0.33203125,0.25390625,5,1
469,5,0.37890625,0.0703125,0.4609375,0.18359375,2,1
469,5,0.21875,0.09765625,0.26953125,0.1796875,2,1
469,5,0.21875,0.09765625,0.26953125,0.1796875,5,1
469,5,0.54296875,0.10546875,0.62890625,0.21484375,2,1
469,5,0.54296875,0.10546875,0.62890625,0.21484375,5,1
469,5,0.671875,0.1015625,0.75,0.19140625,2,1
469,5,0.671875,0.1015625,0.75,0.19140625,5,1
469,5,0.6171875,0.09375,0.6640625,0.1796875,2,1
469,6,0.8984375,0.26171875,0.9921875,0.64453125,1,1
469,6,0.8984375,0.26171875,0.9921875,0.64453125,3,1
469,6,0.8359375,0.2421875,0.9375,0.625,1,1
469,6,0.8359375,0.2421875,0.9375,0.625,3,1
469,6,0.7734375,0.26953125,0.85546875,0.65234375,1,1
469,6,0.7734375,0.26953125,0.85546875,0.65234375,3,1
469,6,0.69140625,0.203125,0.8125,0.71875,1,1
469,6,0.69140625,0.203125,0.8125,0.71875,3,1
469,6,0.625,0.203125,0.734375,0.7109375,1,1
469,6,0.625,0.203125,0.734375,0.7109375,3,1
469,6,0.51953125,0.1796875,0.640625,0.703125,1,1
469,6,0.51953125,0.1796875,0.640625,0.703125,3,1
469,6,0.390625,0.1953125,0.49609375,0.6015625,1,1
469,6,0.390625,0.1953125,0.49609375,0.6015625,3,1
469,6,0.27734375,0.21484375,0.41015625,0.66796875,1,1
469,6,0.27734375,0.21484375,0.41015625,0.66796875,3,1
469,6,0.2265625,0.203125,0.3046875,0.6796875,1,1
469,6,0.2265625,0.203125,0.3046875,0.6796875,3,1
469,6,0.13671875,0.23046875,0.2265625,0.6328125,1,1
469,6,0.13671875,0.23046875,0.2265625,0.6328125,3,1
469,6,0.03515625,0.21484375,0.125,0.69140625,1,1
469,6,0.03515625,0.21484375,0.125,0.69140625,3,1
469,6,0.00390625,0.21875,0.06640625,0.48828125,1,1
469,6,0.00390625,0.21875,0.06640625,0.48828125,3,1
469,6,0.23828125,0.1015625,0.33203125,0.25390625,2,1
469,6,0.23828125,0.1015625,0.33203125,0.25390625,5,1
469,6,0.37890625,0.0703125,0.46484375,0.18359375,2,1
469,6,0.21875,0.09765625,0.26953125,0.1796875,2,1
469,6,0.21875,0.09765625,0.26953125,0.1796875,5,1
469,6,0.54296875,0.10546875,0.62890625,0.21484375,2,1
469,6,0.54296875,0.10546875,0.62890625,0.21484375,5,1
469,6,0.671875,0.1015625,0.75,0.19140625,2,1
469,6,0.671875,0.1015625,0.75,0.19140625,5,1
469,6,0.6171875,0.09375,0.6640625,0.1796875,2,1
469,7,0.8984375,0.26171875,0.9921875,0.64453125,1,1
469,7,0.8984375,0.26171875,0.9921875,0.64453125,3,1
469,7,0.8359375,0.2421875,0.9375,0.625,1,1
469,7,0.8359375,0.2421875,0.9375,0.625,3,1
469,7,0.7734375,0.26953125,0.85546875,0.65234375,1,1
469,7,0.7734375,0.26953125,0.85546875,0.65234375,3,1
469,7,0.69140625,0.203125,0.8125,0.71875,1,1
469,7,0.69140625,0.203125,0.8125,0.71875,3,1
469,7,0.625,0.203125,0.734375,0.7109375,1,1
469,7,0.625,0.203125,0.734375,0.7109375,3,1
469,7,0.51953125,0.1796875,0.640625,0.703125,1,1
469,7,0.51953125,0.1796875,0.640625,0.703125,3,1
469,7,0.390625,0.1953125,0.49609375,0.6015625,1,1
469,7,0.390625,0.1953125,0.49609375,0.6015625,3,1
469,7,0.27734375,0.21484375,0.41015625,0.66796875,1,1
469,7,0.27734375,0.21484375,0.41015625,0.66796875,3,1
469,7,0.2265625,0.203125,0.3046875,0.6796875,1,1
469,7,0.2265625,0.203125,0.3046875,0.6796875,3,1
469,7,0.13671875,0.23046875,0.2265625,0.6328125,1,1
469,7,0.13671875,0.23046875,0.2265625,0.6328125,3,1
469,7,0.03515625,0.21484375,0.125,0.69140625,1,1
469,7,0.03515625,0.21484375,0.125,0.69140625,3,1
469,7,0.00390625,0.21875,0.06640625,0.48828125,1,1
469,7,0.00390625,0.21875,0.06640625,0.48828125,3,1
469,7,0.23828125,0.1015625,0.33203125,0.25390625,2,1
469,7,0.23828125,0.1015625,0.33203125,0.25390625,5,1
469,7,0.3828125,0.0703125,0.46484375,0.18359375,2,1
469,7,0.21875,0.09765625,0.26953125,0.1796875,2,1
469,7,0.21875,0.09765625,0.26953125,0.1796875,5,1
469,7,0.54296875,0.10546875,0.62890625,0.21484375,2,1
469,7,0.54296875,0.10546875,0.62890625,0.21484375,5,1
469,7,0.671875,0.1015625,0.75,0.19140625,2,1
469,7,0.671875,0.1015625,0.75,0.19140625,5,1
469,7,0.6171875,0.09375,0.6640625,0.1796875,2,1
469,3,0.8984375,0.26953125,0.99609375,0.65625,1,1
469,3,0.8984375,0.26953125,0.99609375,0.65625,3,1
469,3,0.83203125,0.24609375,0.93359375,0.6171875,1,1
469,3,0.83203125,0.24609375,0.93359375,0.6171875,3,1
469,3,0.77734375,0.26171875,0.85546875,0.6015625,1,1
469,3,0.77734375,0.26171875,0.85546875,0.6015625,3,1
469,3,0.6953125,0.2109375,0.8046875,0.7265625,1,1
469,3,0.6953125,0.2109375,0.8046875,0.7265625,3,1
469,3,0.62890625,0.22265625,0.71875,0.703125,1,1
469,3,0.62890625,0.22265625,0.71875,0.703125,3,1
469,3,0.52734375,0.1875,0.64453125,0.6875,1,1
469,3,0.52734375,0.1875,0.64453125,0.6875,3,1
469,3,0.37890625,0.203125,0.5,0.5703125,1,1
469,3,0.37890625,0.203125,0.5,0.5703125,3,1
469,3,0.27734375,0.2109375,0.41015625,0.66796875,1,1
469,3,0.27734375,0.2109375,0.41015625,0.66796875,3,1
469,3,0.23046875,0.203125,0.31640625,0.6484375,1,1
469,3,0.23046875,0.203125,0.31640625,0.6484375,3,1
469,3,0.1328125,0.23046875,0.22265625,0.65625,1,1
469,3,0.1328125,0.23046875,0.22265625,0.65625,3,1
469,3,0.0390625,0.21875,0.125,0.6875,1,1
469,3,0.0390625,0.21875,0.125,0.6875,3,1
469,3,0.55078125,0.10546875,0.6328125,0.2109375,2,1
469,3,0.55078125,0.10546875,0.6328125,0.2109375,5,1
469,3,0.765625,0.13671875,0.83203125,0.296875,2,1
469,3,0.765625,0.13671875,0.83203125,0.296875,5,1
469,3,0.6640625,0.11328125,0.74609375,0.1953125,2,1
469,3,0.6640625,0.11328125,0.74609375,0.1953125,5,1
469,3,0.61328125,0.0859375,0.6640625,0.1875,2,1
469,3,0.3828125,0.078125,0.4609375,0.1796875,2,1
469,3,0.23828125,0.09765625,0.3359375,0.26953125,2,1
469,3,0.23828125,0.09765625,0.3359375,0.26953125,5,1
469,3,0.22265625,0.08984375,0.27734375,0.17578125,2,1
469,3,0.22265625,0.08984375,0.27734375,0.17578125,5,1
469,2,0.89453125,0.26953125,0.99609375,0.65625,1,1
469,2,0.89453125,0.26953125,0.99609375,0.65625,3,1
469,2,0.83984375,0.24609375,0.94140625,0.62109375,3,1
469,2,0.83984375,0.24609375,0.94140625,0.62109375,1,1
469,2,0.77734375,0.265625,0.859375,0.66796875,1,1
469,2,0.77734375,0.265625,0.859375,0.66796875,3,1
469,2,0.6953125,0.203125,0.80859375,0.73046875,1,1
469,2,0.6953125,0.203125,0.80859375,0.73046875,3,1
469,2,0.62109375,0.20703125,0.73828125,0.70703125,1,1
469,2,0.62109375,0.20703125,0.73828125,0.70703125,3,1
469,2,0.51953125,0.19140625,0.65625,0.69921875,1,1
469,2,0.51953125,0.19140625,0.65625,0.69921875,3,1
469,2,0.37890625,0.203125,0.5,0.5703125,1,1
469,2,0.37890625,0.203125,0.5,0.5703125,3,1
469,2,0.27734375,0.2109375,0.40625,0.671875,1,1
469,2,0.27734375,0.2109375,0.40625,0.671875,3,1
469,2,0.22265625,0.1953125,0.31640625,0.67578125,1,1
469,2,0.22265625,0.1953125,0.31640625,0.67578125,3,1
469,2,0.1328125,0.2265625,0.2265625,0.65234375,1,1
469,2,0.1328125,0.2265625,0.2265625,0.65234375,3,1
469,2,0.0234375,0.21484375,0.12109375,0.68359375,1,1
469,2,0.0234375,0.21484375,0.12109375,0.68359375,3,1
469,2,0.23046875,0.08984375,0.28125,0.19140625,2,1
469,2,0.23046875,0.08984375,0.28125,0.19140625,5,1
469,2,0.23828125,0.09375,0.3359375,0.26953125,2,1
469,2,0.23828125,0.09375,0.3359375,0.26953125,5,1
469,2,0.37890625,0.08984375,0.45703125,0.1796875,2,1
469,2,0.5390625,0.10546875,0.63671875,0.22265625,2,1
469,2,0.66796875,0.10546875,0.75,0.19921875,2,1
469,2,0.66796875,0.10546875,0.75,0.19921875,5,1
469,2,0.76171875,0.140625,0.8359375,0.3125,2,1
469,2,0.76171875,0.140625,0.8359375,0.3125,5,1
469,2,0.8828125,0.203125,0.94921875,0.30859375,2,1
469,2,0.8828125,0.203125,0.94921875,0.30859375,5,1
467,7,0.8203125,0.08203125,0.875,0.18359375,1,1
467,7,0.8203125,0.08203125,0.875,0.18359375,5,1
467,7,0.765625,0.12890625,0.83203125,0.23046875,2,1
467,7,0.6640625,0.1015625,0.765625,0.2109375,2,1
467,7,0.6640625,0.1015625,0.765625,0.2109375,5,1
467,7,0.6015625,0.0234375,0.65625,0.18359375,1,1
467,7,0.6015625,0.0234375,0.65625,0.18359375,5,1
467,7,0.54296875,0.078125,0.6015625,0.19140625,2,1
467,7,0.54296875,0.078125,0.6015625,0.19140625,5,1
467,7,0.4921875,0.01171875,0.53515625,0.15625,1,1
467,7,0.4921875,0.01171875,0.53515625,0.15625,5,1
467,7,0.35546875,0.203125,0.44921875,0.72265625,1,1
467,7,0.35546875,0.203125,0.44921875,0.72265625,3,1
467,7,0.0,0.18359375,0.1015625,0.3515625,1,1
467,7,0.18359375,0.08203125,0.28125,0.359375,1,1
467,7,0.10546875,0.08203125,0.171875,0.33203125,1,1
467,7,0.4140625,0.07421875,0.4609375,0.1875,2,1
467,7,0.4140625,0.07421875,0.4609375,0.1875,5,1
467,7,0.3671875,0.01171875,0.40625,0.1796875,1,1
467,7,0.23828125,0.015625,0.28515625,0.1171875,1,1
467,7,0.1796875,0.015625,0.2421875,0.0859375,1,1
467,7,0.28125,0.015625,0.34375,0.09765625,1,1
467,7,0.28515625,0.1015625,0.34375,0.1796875,2,1
467,7,0.28515625,0.1015625,0.34375,0.1796875,5,1
467,6,0.34765625,0.19921875,0.45703125,0.71875,1,1
467,6,0.34765625,0.19921875,0.45703125,0.71875,3,1
467,6,0.8203125,0.0859375,0.8671875,0.203125,1,1
467,6,0.86328125,0.19140625,0.921875,0.265625,2,1
467,6,0.7578125,0.125,0.83203125,0.234375,2,1
467,6,0.6640625,0.09765625,0.75390625,0.22265625,2,1
467,6,0.6640625,0.09765625,0.75390625,0.22265625,5,1
467,6,0.6015625,0.0234375,0.65625,0.1796875,1,1
467,6,0.6015625,0.0234375,0.65625,0.1796875,5,1
467,6,0.5390625,0.08203125,0.60546875,0.20703125,2,1
467,6,0.5390625,0.08203125,0.60546875,0.20703125,5,1
467,6,0.48828125,0.0078125,0.53515625,0.16796875,1,1
467,6,0.48828125,0.0078125,0.53515625,0.16796875,5,1
467,6,0.171875,0.078125,0.28515625,0.33984375,1,1
467,6,0.171875,0.078125,0.28515625,0.33984375,5,1
467,6,0.0,0.1875,0.1015625,0.37109375,1,1
467,6,0.09375,0.0859375,0.1640625,0.32421875,1,1
467,6,0.41015625,0.078125,0.45703125,0.1796875,2,1
467,6,0.41015625,0.078125,0.45703125,0.1796875,5,1
467,6,0.171875,0.015625,0.234375,0.08984375,1,1
467,6,0.2734375,0.01953125,0.34375,0.0859375,1,1
467,6,0.36328125,0.01171875,0.40234375,0.18359375,1,1
467,6,0.34375,0.0,0.44140625,0.09375,1,1
463,6,0.90234375,0.28515625,0.9921875,0.546875,1,1
463,6,0.90234375,0.28515625,0.9921875,0.546875,3,1
463,6,0.8046875,0.25390625,0.91015625,0.6875,1,1
463,6,0.8046875,0.25390625,0.91015625,0.6875,3,1
463,6,0.69921875,0.23046875,0.8515625,0.68359375,1,1
463,6,0.69921875,0.23046875,0.8515625,0.68359375,3,1
463,6,0.546875,0.19921875,0.65625,0.70703125,1,1
463,6,0.546875,0.19921875,0.65625,0.70703125,3,1
463,6,0.328125,0.1796875,0.484375,0.6640625,1,1
463,6,0.328125,0.1796875,0.484375,0.6640625,3,1
463,6,0.23046875,0.19921875,0.3203125,0.71484375,1,1
463,6,0.23046875,0.19921875,0.3203125,0.71484375,3,1
463,6,0.1171875,0.21875,0.21875,0.6953125,1,1
463,6,0.1171875,0.21875,0.21875,0.6953125,3,1
463,6,0.0,0.23828125,0.08203125,0.578125,1,1
463,6,0.0,0.23828125,0.08203125,0.578125,3,1
463,6,0.05078125,0.16015625,0.1796875,0.33984375,1,1
463,6,0.3828125,0.09375,0.62109375,0.35546875,1,1
463,6,0.61328125,0.140625,0.828125,0.33984375,1,1
463,6,0.765625,0.07421875,0.86328125,0.1953125,1,1
463,6,0.765625,0.07421875,0.86328125,0.1953125,5,1
463,6,0.36328125,0.00390625,0.46484375,0.11328125,1,1
463,6,0.36328125,0.00390625,0.46484375,0.11328125,5,1
463,6,0.25390625,0.015625,0.3671875,0.13671875,1,1
463,6,0.25390625,0.015625,0.3671875,0.13671875,5,1
463,6,0.453125,0.0,0.578125,0.109375,1,1
463,6,0.453125,0.0,0.578125,0.109375,5,1
463,6,0.15625,0.00390625,0.2265625,0.125,1,1
463,6,0.15625,0.00390625,0.2265625,0.125,5,1
463,7,0.90234375,0.27734375,0.9921875,0.62890625,1,1
463,7,0.90234375,0.27734375,0.9921875,0.62890625,3,1
463,7,0.80078125,0.25,0.90625,0.69921875,1,1
463,7,0.80078125,0.25,0.90625,0.69921875,3,1
463,7,0.70703125,0.22265625,0.84765625,0.6953125,1,1
463,7,0.70703125,0.22265625,0.84765625,0.6953125,3,1
463,7,0.56640625,0.203125,0.671875,0.7109375,1,1
463,7,0.56640625,0.203125,0.671875,0.7109375,3,1
463,7,0.32421875,0.171875,0.48828125,0.6171875,1,1
463,7,0.32421875,0.171875,0.48828125,0.6171875,3,1
463,7,0.23046875,0.1953125,0.32421875,0.703125,1,1
463,7,0.23046875,0.1953125,0.32421875,0.703125,3,1
463,7,0.11328125,0.22265625,0.21875,0.69140625,1,1
463,7,0.11328125,0.22265625,0.21875,0.69140625,3,1
463,7,0.0,0.24609375,0.0859375,0.5625,1,1
463,7,0.0,0.24609375,0.0859375,0.5625,3,1
463,7,0.046875,0.15234375,0.19140625,0.34765625,1,1
463,7,0.046875,0.15234375,0.19140625,0.34765625,5,1
463,7,0.37890625,0.09765625,0.625,0.33203125,1,1
463,7,0.625,0.13671875,0.828125,0.36328125,1,1
463,7,0.625,0.13671875,0.828125,0.36328125,5,1
463,7,0.765625,0.0703125,0.86328125,0.1953125,1,1
463,7,0.765625,0.0703125,0.86328125,0.1953125,5,1
463,7,0.25,0.0078125,0.3671875,0.13671875,1,1
463,7,0.25,0.0078125,0.3671875,0.13671875,5,1
463,7,0.37890625,0.0,0.46484375,0.09765625,1,1
463,7,0.37890625,0.0,0.46484375,0.09765625,5,1
463,7,0.45703125,0.0,0.5703125,0.0859375,1,1
463,7,0.45703125,0.0,0.5703125,0.0859375,5,1
463,7,0.16015625,0.0,0.234375,0.109375,1,1
463,7,0.16015625,0.0,0.234375,0.109375,5,1
464,2,0.234375,0.234375,0.39453125,0.69921875,1,1
464,2,0.234375,0.234375,0.39453125,0.69921875,3,1
464,2,0.00390625,0.25,0.05859375,0.57421875,1,1
464,2,0.00390625,0.25,0.05859375,0.57421875,3,1
464,2,0.57421875,0.19921875,0.75,0.72265625,3,1
464,2,0.57421875,0.19921875,0.75,0.72265625,1,1
464,2,0.05859375,0.15234375,0.171875,0.3359375,1,1
464,2,0.05859375,0.15234375,0.171875,0.3359375,5,1
464,2,0.3984375,0.1171875,0.4609375,0.26953125,2,1
464,2,0.2421875,0.1171875,0.33203125,0.28125,2,1
464,2,0.21875,0.078125,0.2734375,0.1796875,2,1
464,2,0.41015625,0.08203125,0.45703125,0.17578125,2,1
464,2,0.48046875,0.00390625,0.53125,0.15625,1,1
464,2,0.53515625,0.01953125,0.65625,0.1484375,1,1
464,2,0.52734375,0.1171875,0.6171875,0.28125,2,1
464,2,0.52734375,0.1171875,0.6171875,0.28125,5,1
464,2,0.625,0.14453125,0.72265625,0.296875,2,1
464,2,0.625,0.14453125,0.72265625,0.296875,5,1
464,2,0.75,0.1640625,0.84765625,0.32421875,2,1
464,2,0.75,0.1640625,0.84765625,0.32421875,5,1
464,2,0.875,0.20703125,0.95703125,0.37109375,2,1
464,2,0.875,0.20703125,0.95703125,0.37109375,5,1
464,2,0.95703125,0.234375,0.9921875,0.37109375,2,1
464,2,0.66015625,0.0234375,0.73828125,0.1796875,1,1
464,3,0.94921875,0.2421875,0.9921875,0.3828125,2,1
464,3,0.875,0.19921875,0.94921875,0.37109375,2,1
464,3,0.75390625,0.17578125,0.8515625,0.3203125,2,1
464,3,0.75390625,0.17578125,0.8515625,0.3203125,5,1
464,3,0.6875,0.03515625,0.7265625,0.19140625,1,1
464,3,0.53125,0.01171875,0.65234375,0.1640625,1,1
464,3,0.53125,0.01171875,0.65234375,0.1640625,5,1
464,3,0.6328125,0.01171875,0.6875,0.10546875,1,1
464,3,0.6328125,0.01171875,0.6875,0.10546875,5,1
464,3,0.48828125,0.00390625,0.52734375,0.16015625,1,1
464,3,0.48828125,0.00390625,0.52734375,0.16015625,5,1
464,3,0.390625,0.10546875,0.4609375,0.27734375,2,1
464,3,0.390625,0.10546875,0.4609375,0.27734375,5,1
464,3,0.51953125,0.1171875,0.62109375,0.27734375,2,1
464,3,0.51953125,0.1171875,0.62109375,0.27734375,5,1
464,3,0.58203125,0.22265625,0.7421875,0.7109375,1,1
464,3,0.58203125,0.22265625,0.7421875,0.7109375,3,1
464,3,0.625,0.15234375,0.72265625,0.3203125,2,1
464,3,0.625,0.15234375,0.72265625,0.3203125,5,1
464,3,0.234375,0.2265625,0.38671875,0.71875,1,1
464,3,0.234375,0.2265625,0.38671875,0.71875,3,1
464,3,0.0,0.2421875,0.0625,0.546875,1,1
464,3,0.0,0.2421875,0.0625,0.546875,3,1
464,3,0.4140625,0.07421875,0.45703125,0.17578125,2,1
464,3,0.4140625,0.07421875,0.45703125,0.17578125,5,1
464,3,0.24609375,0.1015625,0.32421875,0.25,2,1
464,3,0.24609375,0.1015625,0.32421875,0.25,5,1
464,3,0.0625,0.13671875,0.16015625,0.33984375,1,1
464,3,0.1953125,0.09765625,0.25390625,0.18359375,2,1
464,3,0.1953125,0.09765625,0.25390625,0.18359375,5,1
464,4,0.953125,0.234375,0.99609375,0.38671875,2,1
464,4,0.8828125,0.1953125,0.94921875,0.37109375,2,1
464,4,0.75,0.1796875,0.84765625,0.328125,2,1
464,4,0.75,0.1796875,0.84765625,0.328125,5,1
464,4,0.6796875,0.03125,0.72265625,0.17578125,1,1
464,4,0.640625,0.13671875,0.72265625,0.29296875,2,1
464,4,0.53125,0.11328125,0.62890625,0.28515625,2,1
464,4,0.53125,0.11328125,0.62890625,0.28515625,5,1
464,4,0.5859375,0.19921875,0.7421875,0.71484375,1,1
464,4,0.5859375,0.19921875,0.7421875,0.71484375,3,1
464,4,0.53515625,0.0234375,0.66015625,0.12890625,1,1
464,4,0.53515625,0.0234375,0.66015625,0.12890625,5,1
464,4,0.4921875,0.00390625,0.52734375,0.16015625,1,1
464,4,0.4921875,0.00390625,0.52734375,0.16015625,5,1
464,4,0.3828125,0.1171875,0.4609375,0.265625,2,1
464,4,0.3828125,0.1171875,0.4609375,0.265625,5,1
464,4,0.4140625,0.078125,0.45703125,0.16015625,2,1
464,4,0.23828125,0.23828125,0.37890625,0.69140625,1,1
464,4,0.23828125,0.23828125,0.37890625,0.69140625,3,1
464,4,0.0,0.2421875,0.06640625,0.546875,1,1
464,4,0.0,0.2421875,0.06640625,0.546875,3,1
464,4,0.0625,0.14453125,0.16015625,0.33984375,1,1
464,4,0.18359375,0.1015625,0.28125,0.19140625,2,1
464,4,0.18359375,0.1015625,0.28125,0.19140625,5,1
467,2,0.359375,0.203125,0.45703125,0.71875,1,1
467,2,0.359375,0.203125,0.45703125,0.71875,3,1
467,2,0.828125,0.0859375,0.8671875,0.203125,1,1
467,2,0.7734375,0.12890625,0.828125,0.2421875,2,1
467,2,0.6640625,0.109375,0.7734375,0.21875,2,1
467,2,0.6640625,0.109375,0.7734375,0.21875,5,1
467,2,0.60546875,0.0234375,0.65625,0.171875,1,1
467,2,0.60546875,0.0234375,0.65625,0.171875,5,1
467,2,0.54296875,0.078125,0.60546875,0.1953125,2,1
467,2,0.54296875,0.078125,0.60546875,0.1953125,5,1
467,2,0.48828125,0.01171875,0.53515625,0.15234375,1,1
467,2,0.48828125,0.01171875,0.53515625,0.15234375,5,1
467,2,0.4140625,0.08203125,0.4609375,0.18359375,2,1
467,2,0.4140625,0.08203125,0.4609375,0.18359375,5,1
467,2,0.16796875,0.08203125,0.28125,0.3515625,1,1
467,2,0.0,0.18359375,0.1015625,0.35546875,1,1
467,2,0.1015625,0.09375,0.16796875,0.31640625,1,1
467,2,0.28515625,0.08984375,0.3359375,0.1796875,2,1
467,2,0.28515625,0.08984375,0.3359375,0.1796875,5,1
467,2,0.3671875,0.01171875,0.40234375,0.1796875,1,1
467,2,0.3671875,0.01171875,0.40234375,0.1796875,5,1
467,5,0.36328125,0.19921875,0.4609375,0.71875,1,1
467,5,0.36328125,0.19921875,0.4609375,0.71875,3,1
467,5,0.00390625,0.1875,0.1015625,0.3671875,1,1
467,5,0.1015625,0.08984375,0.171875,0.3203125,1,1
467,5,0.17578125,0.078125,0.28125,0.3515625,1,1
467,5,0.8203125,0.08984375,0.8671875,0.203125,1,1
467,5,0.76953125,0.1328125,0.828125,0.2265625,2,1
467,5,0.6640625,0.109375,0.7734375,0.20703125,2,1
467,5,0.6640625,0.109375,0.7734375,0.20703125,5,1
467,5,0.60546875,0.01953125,0.65234375,0.16796875,1,1
467,5,0.60546875,0.01953125,0.65234375,0.16796875,5,1
467,5,0.54296875,0.078125,0.6015625,0.19140625,2,1
467,5,0.54296875,0.078125,0.6015625,0.19140625,5,1
467,5,0.48828125,0.0078125,0.53125,0.16015625,1,1
467,5,0.48828125,0.0078125,0.53125,0.16015625,5,1
467,5,0.41015625,0.08203125,0.4609375,0.17578125,2,1
467,5,0.41015625,0.08203125,0.4609375,0.17578125,5,1
467,5,0.33984375,0.00390625,0.44140625,0.0859375,1,1
467,5,0.33984375,0.00390625,0.44140625,0.0859375,5,1
467,5,0.28515625,0.08984375,0.3359375,0.17578125,2,1
467,5,0.28515625,0.08984375,0.3359375,0.17578125,5,1
467,5,0.2421875,0.01953125,0.28125,0.1015625,1,1
467,5,0.2421875,0.01953125,0.28125,0.1015625,5,1
467,3,0.36328125,0.203125,0.45703125,0.72265625,1,1
467,3,0.36328125,0.203125,0.45703125,0.72265625,3,1
467,3,0.82421875,0.08984375,0.87109375,0.19921875,1,1
467,3,0.76953125,0.12890625,0.828125,0.23046875,2,1
467,3,0.66796875,0.10546875,0.765625,0.21875,2,1
467,3,0.66796875,0.10546875,0.765625,0.21875,5,1
467,3,0.59765625,0.0234375,0.65234375,0.16796875,1,1
467,3,0.59765625,0.0234375,0.65234375,0.16796875,5,1
467,3,0.54296875,0.078125,0.6015625,0.19921875,5,1
467,3,0.54296875,0.078125,0.6015625,0.19921875,2,1
467,3,0.4921875,0.01171875,0.53515625,0.1640625,1,1
467,3,0.4921875,0.01171875,0.53515625,0.1640625,5,1
467,3,0.41015625,0.078125,0.4609375,0.1796875,5,1
467,3,0.41015625,0.078125,0.4609375,0.1796875,2,1
467,3,0.33984375,0.0,0.44140625,0.1015625,1,1
467,3,0.33984375,0.0,0.44140625,0.1015625,5,1
467,3,0.359375,0.01953125,0.41015625,0.15234375,1,1
467,3,0.359375,0.01953125,0.41015625,0.15234375,5,1
467,3,0.2890625,0.09765625,0.33203125,0.17578125,2,1
467,3,0.2890625,0.09765625,0.33203125,0.17578125,5,1
467,3,0.23828125,0.0,0.33984375,0.078125,1,1
467,3,0.23828125,0.0,0.33984375,0.078125,5,1
467,3,0.171875,0.09375,0.27734375,0.34375,1,1
467,3,0.0,0.18359375,0.1015625,0.3828125,1,1
467,3,0.09765625,0.08203125,0.1640625,0.32421875,1,1
467,4,0.8203125,0.0859375,0.8671875,0.23046875,1,1
467,4,0.6640625,0.10546875,0.76171875,0.21484375,2,1
467,4,0.6640625,0.10546875,0.76171875,0.21484375,5,1
467,4,0.59765625,0.0234375,0.6484375,0.16796875,1,1
467,4,0.59765625,0.0234375,0.6484375,0.16796875,5,1
467,4,0.77734375,0.140625,0.828125,0.23046875,2,1
467,4,0.5390625,0.078125,0.59765625,0.1875,2,1
467,4,0.5390625,0.078125,0.59765625,0.1875,5,1
467,4,0.48828125,0.01171875,0.53515625,0.15625,2,1
467,4,0.48828125,0.01171875,0.53515625,0.15625,5,1
467,4,0.40625,0.08203125,0.4609375,0.1640625,2,1
467,4,0.40625,0.08203125,0.4609375,0.1640625,5,1
467,4,0.33984375,0.0078125,0.4375,0.09375,1,1
467,4,0.28515625,0.09765625,0.3359375,0.18359375,2,1
467,4,0.28515625,0.09765625,0.3359375,0.18359375,5,1
467,4,0.24609375,0.0,0.3359375,0.078125,1,1
467,4,0.16015625,0.1015625,0.28125,0.3515625,1,1
467,4,0.1015625,0.09765625,0.16796875,0.31640625,1,1
467,4,0.0,0.19140625,0.09375,0.375,1,1
467,4,0.35546875,0.1875,0.45703125,0.73046875,1,1
467,4,0.35546875,0.1875,0.45703125,0.73046875,3,1
464,5,0.58203125,0.19921875,0.73828125,0.72265625,1,1
464,5,0.58203125,0.19921875,0.73828125,0.72265625,3,1
464,5,0.23828125,0.2265625,0.38671875,0.671875,1,1
464,5,0.23828125,0.2265625,0.38671875,0.671875,3,1
464,5,0.00390625,0.24609375,0.0625,0.546875,1,1
464,5,0.00390625,0.24609375,0.0625,0.546875,3,1
464,5,0.05859375,0.140625,0.16015625,0.34375,1,1
464,5,0.39453125,0.12109375,0.46484375,0.27734375,2,1
464,5,0.39453125,0.12109375,0.46484375,0.27734375,5,1
464,5,0.2109375,0.09375,0.29296875,0.1796875,2,1
464,5,0.2109375,0.09375,0.29296875,0.1796875,5,1
464,5,0.4140625,0.078125,0.45703125,0.16796875,2,1
464,5,0.95703125,0.2421875,0.9921875,0.38671875,2,1
464,5,0.875,0.203125,0.94921875,0.37109375,2,1
464,5,0.75,0.16015625,0.84765625,0.33203125,2,1
464,5,0.75,0.16015625,0.84765625,0.33203125,5,1
464,5,0.67578125,0.03125,0.7265625,0.16015625,1,1
464,5,0.67578125,0.03125,0.7265625,0.16015625,5,1
464,5,0.5390625,0.01953125,0.65625,0.1484375,1,1
464,5,0.5390625,0.01953125,0.65625,0.1484375,5,1
464,5,0.51953125,0.11328125,0.61328125,0.2734375,2,1
464,5,0.51953125,0.11328125,0.61328125,0.2734375,5,1
464,5,0.625,0.13671875,0.71484375,0.30078125,2,1
464,5,0.625,0.13671875,0.71484375,0.30078125,5,1
464,5,0.48828125,0.00390625,0.53125,0.15625,1,1
464,5,0.48828125,0.00390625,0.53125,0.15625,5,1
464,6,0.58203125,0.19921875,0.73828125,0.72265625,1,1
464,6,0.58203125,0.19921875,0.73828125,0.72265625,3,1
464,6,0.23828125,0.2265625,0.38671875,0.671875,1,1
464,6,0.23828125,0.2265625,0.38671875,0.671875,3,1
464,6,0.00390625,0.24609375,0.0625,0.546875,1,1
464,6,0.00390625,0.24609375,0.0625,0.546875,3,1
464,6,0.05859375,0.140625,0.16015625,0.34375,1,1
464,6,0.3984375,0.12109375,0.46875,0.27734375,2,1
464,6,0.3984375,0.12109375,0.46875,0.27734375,5,1
464,6,0.2109375,0.09375,0.29296875,0.1796875,2,1
464,6,0.2109375,0.09375,0.29296875,0.1796875,5,1
464,6,0.4140625,0.078125,0.45703125,0.1640625,2,1
464,6,0.95703125,0.2421875,0.9921875,0.38671875,2,1
464,6,0.875,0.203125,0.94921875,0.37109375,2,1
464,6,0.75,0.16015625,0.84765625,0.33203125,2,1
464,6,0.75,0.16015625,0.84765625,0.33203125,5,1
464,6,0.67578125,0.03125,0.7265625,0.16015625,1,1
464,6,0.5390625,0.01953125,0.65625,0.1484375,1,1
464,6,0.5390625,0.01953125,0.65625,0.1484375,5,1
464,6,0.51953125,0.11328125,0.61328125,0.2734375,2,1
464,6,0.51953125,0.11328125,0.61328125,0.2734375,5,1
464,6,0.625,0.13671875,0.71484375,0.30078125,2,1
464,6,0.625,0.13671875,0.71484375,0.30078125,5,1
464,6,0.48828125,0.00390625,0.53125,0.15625,1,1
464,6,0.48828125,0.00390625,0.53125,0.15625,5,1
464,7,0.58203125,0.19921875,0.73828125,0.72265625,1,1
464,7,0.58203125,0.19921875,0.73828125,0.72265625,3,1
464,7,0.23828125,0.2265625,0.38671875,0.671875,1,1
464,7,0.23828125,0.2265625,0.38671875,0.671875,3,1
464,7,0.00390625,0.24609375,0.0625,0.546875,1,1
464,7,0.00390625,0.24609375,0.0625,0.546875,3,1
464,7,0.05859375,0.140625,0.16015625,0.34375,1,1
464,7,0.40625,0.12109375,0.4765625,0.27734375,2,1
464,7,0.40625,0.12109375,0.4765625,0.27734375,5,1
464,7,0.2109375,0.09375,0.29296875,0.1796875,2,1
464,7,0.2109375,0.09375,0.29296875,0.1796875,5,1
464,7,0.4140625,0.078125,0.45703125,0.1640625,2,1
464,7,0.95703125,0.2421875,0.9921875,0.38671875,2,1
464,7,0.875,0.203125,0.94921875,0.37109375,2,1
464,7,0.75,0.1640625,0.84765625,0.3359375,2,1
464,7,0.75,0.1640625,0.84765625,0.3359375,5,1
464,7,0.67578125,0.03125,0.7265625,0.16015625,1,1
464,7,0.5390625,0.01953125,0.65625,0.1484375,1,1
464,7,0.5390625,0.01953125,0.65625,0.1484375,5,1
464,7,0.51953125,0.11328125,0.61328125,0.2734375,2,1
464,7,0.51953125,0.11328125,0.61328125,0.2734375,5,1
464,7,0.625,0.13671875,0.71484375,0.30078125,2,1
464,7,0.625,0.13671875,0.71484375,0.30078125,5,1
464,7,0.48828125,0.00390625,0.53125,0.15625,1,1
464,7,0.48828125,0.00390625,0.53125,0.15625,5,1
465,2,0.64453125,0.171875,0.875,0.5078125,1,1
465,3,0.64453125,0.171875,0.875,0.5078125,1,1
465,2,0.0,0.0859375,0.046875,0.19140625,1,1
465,2,0.04296875,0.1328125,0.1328125,0.2890625,2,1
465,2,0.12109375,0.1328125,0.1953125,0.28125,2,1
465,2,0.12109375,0.1328125,0.1953125,0.28125,5,1
465,2,0.24609375,0.1015625,0.328125,0.2734375,2,1
465,2,0.24609375,0.1015625,0.328125,0.2734375,5,1
465,2,0.3828125,0.12890625,0.4609375,0.26171875,2,1
465,2,0.3828125,0.12890625,0.4609375,0.26171875,5,1
465,2,0.40234375,0.08984375,0.4609375,0.16796875,2,1
465,2,0.48828125,0.015625,0.5234375,0.1640625,1,1
465,2,0.48828125,0.015625,0.5234375,0.1640625,5,1
465,2,0.5234375,0.12109375,0.63671875,0.28125,2,1
465,2,0.5234375,0.12109375,0.63671875,0.28125,5,1
465,2,0.75390625,0.1484375,0.83203125,0.3203125,2,1
465,2,0.61328125,0.1015625,0.72265625,0.20703125,1,1
465,2,0.86328125,0.19140625,0.9453125,0.3515625,2,1
465,2,0.96484375,0.24609375,0.9921875,0.37890625,2,1
465,2,0.59765625,0.0234375,0.6640625,0.09765625,1,1
465,3,0.5234375,0.10546875,0.6328125,0.28515625,2,1
465,3,0.5234375,0.10546875,0.6328125,0.28515625,5,1
465,3,0.3984375,0.11328125,0.4609375,0.27734375,2,1
465,3,0.3984375,0.11328125,0.4609375,0.27734375,5,1
465,3,0.23828125,0.1015625,0.328125,0.26953125,2,1
465,3,0.23828125,0.1015625,0.328125,0.26953125,5,1
465,3,0.12109375,0.125,0.1953125,0.28515625,2,1
465,3,0.12109375,0.125,0.1953125,0.28515625,5,1
465,3,0.0390625,0.15625,0.1171875,0.3046875,2,1
465,3,0.40625,0.08203125,0.45703125,0.15625,2,1
465,3,0.48828125,0.015625,0.5234375,0.16796875,1,1
465,3,0.48828125,0.015625,0.5234375,0.16796875,5,1
465,3,0.6015625,0.01953125,0.65234375,0.140625,1,1
465,3,0.64453125,0.0703125,0.71484375,0.22265625,1,1
465,3,0.8671875,0.19140625,0.9453125,0.359375,1,1
465,3,0.96484375,0.2421875,0.99609375,0.37890625,1,1
465,4,0.0390625,0.15234375,0.1171875,0.296875,2,1
465,4,0.125,0.1328125,0.1953125,0.28125,2,1
465,4,0.125,0.1328125,0.1953125,0.28125,5,1
465,4,0.24609375,0.09765625,0.32421875,0.26953125,2,1
465,4,0.24609375,0.09765625,0.32421875,0.26953125,5,1
465,4,0.3828125,0.10546875,0.46484375,0.265625,2,1
465,4,0.3828125,0.10546875,0.46484375,0.265625,5,1
465,4,0.48828125,0.015625,0.5234375,0.171875,2,1
465,4,0.48828125,0.015625,0.5234375,0.171875,5,1
465,4,0.5078125,0.12109375,0.6328125,0.28125,2,1
465,4,0.5078125,0.12109375,0.6328125,0.28125,5,1
465,4,0.6015625,0.015625,0.65625,0.1640625,1,1
465,4,0.63671875,0.18359375,0.8828125,0.5546875,1,1
465,4,0.75,0.14453125,0.828125,0.31640625,2,1
465,4,0.87890625,0.19921875,0.94921875,0.3515625,2,1
465,4,0.63671875,0.07421875,0.71875,0.22265625,1,1
465,4,0.9609375,0.2421875,0.98828125,0.3828125,2,1
465,5,0.95703125,0.25,0.9921875,0.38671875,2,1
465,5,0.875,0.203125,0.94921875,0.35546875,2,1
465,5,0.76171875,0.13671875,0.8359375,0.31640625,2,1
465,5,0.76171875,0.13671875,0.8359375,0.31640625,5,1
465,5,0.6328125,0.1953125,0.88671875,0.5546875,1,1
465,5,0.6328125,0.1953125,0.88671875,0.5546875,5,1
465,5,0.51953125,0.109375,0.62890625,0.2890625,2,1
465,5,0.51953125,0.109375,0.62890625,0.2890625,5,1
465,5,0.65234375,0.0703125,0.72265625,0.2265625,1,1
465,5,0.6015625,0.01953125,0.65625,0.1640625,1,1
465,5,0.48828125,0.015625,0.5234375,0.171875,1,1
465,5,0.48828125,0.015625,0.5234375,0.171875,5,1
465,5,0.37890625,0.10546875,0.4609375,0.265625,5,1
465,5,0.37890625,0.10546875,0.4609375,0.265625,2,1
465,5,0.24609375,0.09765625,0.33203125,0.26953125,2,1
465,5,0.24609375,0.09765625,0.33203125,0.26953125,5,1
465,5,0.12109375,0.12890625,0.1953125,0.27734375,2,1
465,5,0.12109375,0.12890625,0.1953125,0.27734375,5,1
465,5,0.0390625,0.15234375,0.12109375,0.296875,2,1
465,6,0.95703125,0.25,0.9921875,0.38671875,2,1
465,6,0.875,0.203125,0.94921875,0.35546875,2,1
465,6,0.76171875,0.13671875,0.8359375,0.31640625,2,1
465,6,0.76171875,0.13671875,0.8359375,0.31640625,5,1
465,6,0.6328125,0.1953125,0.88671875,0.5546875,1,1
465,6,0.6328125,0.1953125,0.88671875,0.5546875,5,1
465,6,0.51953125,0.109375,0.62890625,0.2890625,2,1
465,6,0.51953125,0.109375,0.62890625,0.2890625,5,1
465,6,0.65234375,0.0703125,0.72265625,0.2265625,1,1
465,6,0.6015625,0.01953125,0.65625,0.1640625,1,1
465,6,0.48828125,0.015625,0.5234375,0.171875,1,1
465,6,0.48828125,0.015625,0.5234375,0.171875,5,1
465,6,0.37890625,0.10546875,0.4609375,0.265625,5,1
465,6,0.37890625,0.10546875,0.4609375,0.265625,2,1
465,6,0.24609375,0.09765625,0.33203125,0.26953125,2,1
465,6,0.24609375,0.09765625,0.33203125,0.26953125,5,1
465,6,0.12109375,0.12890625,0.1953125,0.27734375,2,1
465,6,0.12109375,0.12890625,0.1953125,0.27734375,5,1
465,6,0.0390625,0.15234375,0.12109375,0.296875,2,1
465,7,0.95703125,0.25,0.9921875,0.38671875,2,1
465,7,0.875,0.203125,0.94921875,0.35546875,2,1
465,7,0.76171875,0.13671875,0.8359375,0.31640625,2,1
465,7,0.76171875,0.13671875,0.8359375,0.31640625,5,1
465,7,0.6328125,0.1953125,0.88671875,0.5546875,1,1
465,7,0.6328125,0.1953125,0.88671875,0.5546875,5,1
465,7,0.51953125,0.109375,0.62890625,0.2890625,2,1
465,7,0.51953125,0.109375,0.62890625,0.2890625,5,1
465,7,0.65234375,0.0703125,0.72265625,0.2265625,1,1
465,7,0.6015625,0.01953125,0.65625,0.1640625,1,1
465,7,0.48828125,0.015625,0.5234375,0.171875,1,1
465,7,0.48828125,0.015625,0.5234375,0.171875,5,1
465,7,0.37890625,0.10546875,0.4609375,0.265625,5,1
465,7,0.37890625,0.10546875,0.4609375,0.265625,2,1
465,7,0.24609375,0.09765625,0.33203125,0.26953125,2,1
465,7,0.24609375,0.09765625,0.33203125,0.26953125,5,1
465,7,0.12109375,0.12890625,0.1953125,0.27734375,2,1
465,7,0.12109375,0.12890625,0.1953125,0.27734375,5,1
465,7,0.0390625,0.15234375,0.12109375,0.296875,2,1
469,7,0.765625,0.13671875,0.828125,0.31640625,2,1
469,7,0.765625,0.13671875,0.828125,0.31640625,5,1
470,2,0.5,0.2109375,0.66796875,0.62109375,1,1
470,2,0.5,0.2109375,0.66796875,0.62109375,3,1
470,2,0.28125,0.1953125,0.44140625,0.61328125,1,1
470,2,0.28125,0.1953125,0.44140625,0.61328125,3,1
470,2,0.21875,0.21875,0.34765625,0.6875,1,1
470,2,0.21875,0.21875,0.34765625,0.6875,3,1
470,2,0.0546875,0.2421875,0.140625,0.64453125,1,1
470,2,0.0546875,0.2421875,0.140625,0.64453125,3,1
470,2,0.0,0.2265625,0.046875,0.45703125,1,1
470,2,0.0,0.2265625,0.046875,0.45703125,3,1
470,2,0.80859375,0.25390625,0.9609375,0.6953125,1,1
470,2,0.80859375,0.25390625,0.9609375,0.6953125,3,1
470,2,0.76953125,0.125,0.8359375,0.3359375,1,1
470,2,0.8671875,0.10546875,0.94140625,0.234375,1,1
470,2,0.63671875,0.13671875,0.73046875,0.296875,5,1
470,2,0.63671875,0.13671875,0.73046875,0.296875,2,1
470,2,0.67578125,0.1015625,0.73828125,0.2109375,2,1
470,2,0.67578125,0.1015625,0.73828125,0.2109375,5,1
470,2,0.7734375,0.078125,0.8046875,0.15234375,1,1
470,2,0.7734375,0.078125,0.8046875,0.15234375,5,1
470,2,0.48828125,0.05859375,0.546875,0.28515625,1,1
470,2,0.61328125,0.0234375,0.671875,0.13671875,1,1
470,2,0.61328125,0.0234375,0.671875,0.13671875,5,1
470,2,0.484375,0.015625,0.53515625,0.13671875,1,1
470,2,0.484375,0.015625,0.53515625,0.13671875,5,1
470,2,0.2421875,0.1015625,0.3359375,0.26171875,2,1
470,2,0.2421875,0.1015625,0.3359375,0.26171875,5,1
470,2,0.1171875,0.12109375,0.19140625,0.27734375,2,1
470,2,0.1171875,0.12109375,0.19140625,0.27734375,5,1
470,2,0.04296875,0.08203125,0.140625,0.3046875,1,1
470,2,0.04296875,0.08203125,0.140625,0.3046875,5,1
470,2,0.1796875,0.015625,0.21484375,0.140625,1,1
470,2,0.1796875,0.015625,0.21484375,0.140625,5,1
470,2,0.29296875,0.0078125,0.38671875,0.140625,1,1
470,2,0.29296875,0.0078125,0.38671875,0.140625,5,1
470,2,0.42578125,0.01171875,0.4609375,0.1484375,1,1
470,2,0.42578125,0.01171875,0.4609375,0.1484375,5,1
470,2,0.39453125,0.0,0.4609375,0.140625,1,1
470,2,0.39453125,0.0,0.4609375,0.140625,5,1
470,2,0.5546875,0.10546875,0.62109375,0.21875,2,1
470,2,0.5546875,0.10546875,0.62109375,0.21875,5,1
470,2,0.94921875,0.1484375,0.9921875,0.2421875,1,1
470,3,0.5,0.2109375,0.640625,0.68359375,1,1
470,3,0.5,0.2109375,0.640625,0.68359375,3,1
470,3,0.28125,0.1953125,0.44140625,0.61328125,1,1
470,3,0.28125,0.1953125,0.44140625,0.61328125,3,1
470,3,0.21875,0.21875,0.34765625,0.6875,1,1
470,3,0.21875,0.21875,0.34765625,0.6875,3,1
470,3,0.0546875,0.2421875,0.140625,0.64453125,1,1
470,3,0.0546875,0.2421875,0.140625,0.64453125,3,1
470,3,0.0,0.2265625,0.046875,0.45703125,1,1
470,3,0.0,0.2265625,0.046875,0.45703125,3,1
470,3,0.80859375,0.25390625,0.9609375,0.6953125,1,1
470,3,0.80859375,0.25390625,0.9609375,0.6953125,3,1
470,3,0.76953125,0.125,0.8359375,0.3359375,1,1
470,3,0.8671875,0.10546875,0.94140625,0.234375,1,1
470,3,0.63671875,0.13671875,0.73046875,0.296875,2,1
470,3,0.63671875,0.13671875,0.73046875,0.296875,5,1
470,3,0.67578125,0.1015625,0.73828125,0.2109375,2,1
470,3,0.7734375,0.078125,0.8046875,0.15234375,1,1
470,3,0.48828125,0.05859375,0.546875,0.28515625,1,1
470,3,0.61328125,0.0234375,0.671875,0.13671875,1,1
470,3,0.484375,0.015625,0.53515625,0.13671875,1,1
470,3,0.2421875,0.1015625,0.3359375,0.26171875,2,1
470,3,0.1171875,0.12109375,0.19140625,0.27734375,2,1
470,3,0.1171875,0.12109375,0.19140625,0.27734375,5,1
470,3,0.04296875,0.08203125,0.140625,0.3046875,1,1
470,3,0.1796875,0.015625,0.21484375,0.140625,1,1
470,3,0.29296875,0.0078125,0.38671875,0.140625,1,1
470,3,0.42578125,0.01171875,0.4609375,0.1484375,1,1
470,3,0.39453125,0.0,0.4609375,0.140625,1,1
470,3,0.5546875,0.10546875,0.62109375,0.21875,2,1
470,3,0.94921875,0.1484375,0.9921875,0.2421875,1,1
470,4,0.5,0.2109375,0.62890625,0.69140625,1,1
470,4,0.5,0.2109375,0.62890625,0.69140625,3,1
470,4,0.26953125,0.1953125,0.4375,0.57421875,1,1
470,4,0.26953125,0.1953125,0.4375,0.57421875,3,1
470,4,0.21875,0.21875,0.34765625,0.6875,1,1
470,4,0.21875,0.21875,0.34765625,0.6875,3,1
470,4,0.0546875,0.2421875,0.140625,0.64453125,1,1
470,4,0.0546875,0.2421875,0.140625,0.64453125,3,1
470,4,0.0,0.2265625,0.046875,0.45703125,1,1
470,4,0.0,0.2265625,0.046875,0.45703125,3,1
470,4,0.80859375,0.25390625,0.9609375,0.6953125,1,1
470,4,0.80859375,0.25390625,0.9609375,0.6953125,3,1
470,4,0.76953125,0.125,0.8359375,0.3359375,1,1
470,4,0.8671875,0.10546875,0.94140625,0.234375,1,1
470,4,0.63671875,0.13671875,0.73046875,0.296875,5,1
470,4,0.63671875,0.13671875,0.73046875,0.296875,2,1
470,4,0.67578125,0.1015625,0.73828125,0.2109375,2,1
470,4,0.67578125,0.1015625,0.73828125,0.2109375,5,1
470,4,0.7734375,0.078125,0.8046875,0.15234375,1,1
470,4,0.7734375,0.078125,0.8046875,0.15234375,5,1
470,4,0.48828125,0.05859375,0.546875,0.28515625,1,1
470,4,0.61328125,0.0234375,0.671875,0.13671875,1,1
470,4,0.61328125,0.0234375,0.671875,0.13671875,5,1
470,4,0.484375,0.015625,0.53515625,0.13671875,1,1
470,4,0.484375,0.015625,0.53515625,0.13671875,5,1
470,4,0.2421875,0.1015625,0.3359375,0.26171875,2,1
470,4,0.2421875,0.1015625,0.3359375,0.26171875,5,1
470,4,0.1171875,0.12109375,0.19140625,0.27734375,2,1
470,4,0.1171875,0.12109375,0.19140625,0.27734375,5,1
470,4,0.04296875,0.08203125,0.140625,0.3046875,1,1
470,4,0.04296875,0.08203125,0.140625,0.3046875,5,1
470,4,0.1796875,0.015625,0.21484375,0.140625,1,1
470,4,0.1796875,0.015625,0.21484375,0.140625,5,1
470,4,0.29296875,0.0078125,0.38671875,0.140625,1,1
470,4,0.29296875,0.0078125,0.38671875,0.140625,5,1
470,4,0.42578125,0.01171875,0.4609375,0.1484375,1,1
470,4,0.42578125,0.01171875,0.4609375,0.1484375,5,1
470,4,0.39453125,0.0,0.4609375,0.140625,1,1
470,4,0.39453125,0.0,0.4609375,0.140625,5,1
470,4,0.5546875,0.10546875,0.62109375,0.21875,2,1
470,4,0.5546875,0.10546875,0.62109375,0.21875,5,1
470,4,0.94921875,0.1484375,0.9921875,0.2421875,1,1
470,4,0.94921875,0.1484375,0.9921875,0.2421875,5,1
470,5,0.5,0.2109375,0.6328125,0.703125,1,1
470,5,0.5,0.2109375,0.6328125,0.703125,3,1
470,5,0.25,0.1953125,0.44140625,0.578125,1,1
470,5,0.25,0.1953125,0.44140625,0.578125,3,1
470,5,0.21875,0.21875,0.34765625,0.6875,1,1
470,5,0.21875,0.21875,0.34765625,0.6875,3,1
470,5,0.0546875,0.2421875,0.140625,0.64453125,1,1
470,5,0.0546875,0.2421875,0.140625,0.64453125,3,1
470,5,0.0,0.2265625,0.046875,0.45703125,1,1
470,5,0.0,0.2265625,0.046875,0.45703125,3,1
470,5,0.80859375,0.25390625,0.9609375,0.6953125,1,1
470,5,0.80859375,0.25390625,0.9609375,0.6953125,3,1
470,5,0.76953125,0.125,0.8359375,0.3359375,1,1
470,5,0.8671875,0.10546875,0.94140625,0.234375,1,1
470,5,0.63671875,0.13671875,0.73046875,0.296875,5,1
470,5,0.63671875,0.13671875,0.73046875,0.296875,2,1
470,5,0.67578125,0.1015625,0.73828125,0.2109375,2,1
470,5,0.67578125,0.1015625,0.73828125,0.2109375,5,1
470,5,0.7734375,0.078125,0.8046875,0.15234375,1,1
470,5,0.7734375,0.078125,0.8046875,0.15234375,5,1
470,5,0.48828125,0.05859375,0.546875,0.28515625,1,1
470,5,0.61328125,0.0234375,0.671875,0.13671875,1,1
470,5,0.61328125,0.0234375,0.671875,0.13671875,5,1
470,5,0.484375,0.015625,0.53515625,0.13671875,1,1
470,5,0.484375,0.015625,0.53515625,0.13671875,5,1
470,5,0.2421875,0.1015625,0.3359375,0.26171875,2,1
470,5,0.2421875,0.1015625,0.3359375,0.26171875,5,1
470,5,0.1171875,0.12109375,0.19140625,0.27734375,2,1
470,5,0.1171875,0.12109375,0.19140625,0.27734375,5,1
470,5,0.04296875,0.08203125,0.140625,0.3046875,1,1
470,5,0.04296875,0.08203125,0.140625,0.3046875,5,1
470,5,0.1796875,0.015625,0.21484375,0.140625,1,1
470,5,0.1796875,0.015625,0.21484375,0.140625,5,1
470,5,0.29296875,0.0078125,0.38671875,0.140625,1,1
470,5,0.29296875,0.0078125,0.38671875,0.140625,5,1
470,5,0.42578125,0.01171875,0.4609375,0.1484375,1,1
470,5,0.42578125,0.01171875,0.4609375,0.1484375,5,1
470,5,0.39453125,0.0,0.4609375,0.140625,1,1
470,5,0.39453125,0.0,0.4609375,0.140625,5,1
470,5,0.5546875,0.10546875,0.62109375,0.21875,2,1
470,5,0.5546875,0.10546875,0.62109375,0.21875,5,1
470,5,0.94921875,0.1484375,0.9921875,0.2421875,1,1
470,5,0.94921875,0.1484375,0.9921875,0.2421875,5,1
470,6,0.49609375,0.2109375,0.62890625,0.6875,1,1
470,6,0.49609375,0.2109375,0.62890625,0.6875,3,1
470,6,0.24609375,0.1953125,0.44140625,0.55859375,1,1
470,6,0.24609375,0.1953125,0.44140625,0.55859375,3,1
470,6,0.21875,0.21875,0.34765625,0.6875,1,1
470,6,0.21875,0.21875,0.34765625,0.6875,3,1
470,6,0.0546875,0.2421875,0.140625,0.64453125,1,1
470,6,0.0546875,0.2421875,0.140625,0.64453125,3,1
470,6,0.0,0.2265625,0.046875,0.45703125,1,1
470,6,0.0,0.2265625,0.046875,0.45703125,3,1
470,6,0.80859375,0.25390625,0.9609375,0.6953125,1,1
470,6,0.80859375,0.25390625,0.9609375,0.6953125,3,1
470,6,0.76953125,0.125,0.8359375,0.3359375,1,1
470,6,0.8671875,0.10546875,0.94140625,0.234375,1,1
470,6,0.63671875,0.13671875,0.73046875,0.296875,5,1
470,6,0.63671875,0.13671875,0.73046875,0.296875,2,1
470,6,0.67578125,0.1015625,0.76171875,0.2109375,2,1
470,6,0.7734375,0.078125,0.8046875,0.15234375,1,1
470,6,0.48828125,0.05859375,0.546875,0.28515625,1,1
470,6,0.61328125,0.0234375,0.68359375,0.13671875,1,1
470,6,0.61328125,0.0234375,0.68359375,0.13671875,5,1
470,6,0.484375,0.015625,0.53515625,0.13671875,1,1
470,6,0.2421875,0.1015625,0.3359375,0.26171875,2,1
470,6,0.2421875,0.1015625,0.3359375,0.26171875,5,1
470,6,0.1171875,0.12109375,0.19140625,0.27734375,2,1
470,6,0.1171875,0.12109375,0.19140625,0.27734375,5,1
470,6,0.04296875,0.08203125,0.140625,0.3046875,1,1
470,6,0.1796875,0.015625,0.21484375,0.140625,1,1
470,6,0.1796875,0.015625,0.21484375,0.140625,5,1
470,6,0.29296875,0.0078125,0.38671875,0.140625,1,1
470,6,0.29296875,0.0078125,0.38671875,0.140625,5,1
470,6,0.42578125,0.01171875,0.4609375,0.1484375,1,1
470,6,0.42578125,0.01171875,0.4609375,0.1484375,5,1
470,6,0.39453125,0.0,0.4609375,0.140625,1,1
470,6,0.39453125,0.0,0.4609375,0.140625,5,1
470,6,0.5546875,0.10546875,0.62109375,0.21875,2,1
470,6,0.5546875,0.10546875,0.62109375,0.21875,5,1
470,6,0.94921875,0.1484375,0.9921875,0.2421875,1,1
470,7,0.4921875,0.2109375,0.6328125,0.69921875,1,1
470,7,0.4921875,0.2109375,0.6328125,0.69921875,3,1
470,7,0.2421875,0.1953125,0.44140625,0.5625,1,1
470,7,0.2421875,0.1953125,0.44140625,0.5625,3,1
470,7,0.21875,0.21875,0.34765625,0.6875,1,1
470,7,0.21875,0.21875,0.34765625,0.6875,3,1
470,7,0.0546875,0.2421875,0.140625,0.64453125,1,1
470,7,0.0546875,0.2421875,0.140625,0.64453125,3,1
470,7,0.0,0.2265625,0.046875,0.45703125,1,1
470,7,0.0,0.2265625,0.046875,0.45703125,3,1
470,7,0.80859375,0.25390625,0.9609375,0.6953125,1,1
470,7,0.80859375,0.25390625,0.9609375,0.6953125,3,1
470,7,0.76953125,0.125,0.8359375,0.3359375,1,1
470,7,0.8671875,0.10546875,0.94140625,0.234375,1,1
470,7,0.63671875,0.13671875,0.73046875,0.296875,5,1
470,7,0.63671875,0.13671875,0.73046875,0.296875,2,1
470,7,0.67578125,0.1015625,0.73828125,0.2109375,2,1
470,7,0.7734375,0.078125,0.8046875,0.15234375,1,1
470,7,0.48828125,0.05859375,0.546875,0.28515625,1,1
470,7,0.61328125,0.0234375,0.6796875,0.13671875,1,1
470,7,0.61328125,0.0234375,0.6796875,0.13671875,5,1
470,7,0.484375,0.015625,0.53515625,0.13671875,1,1
470,7,0.484375,0.015625,0.53515625,0.13671875,5,1
470,7,0.2421875,0.1015625,0.3359375,0.26171875,2,1
470,7,0.2421875,0.1015625,0.3359375,0.26171875,5,1
470,7,0.1171875,0.12109375,0.19140625,0.27734375,2,1
470,7,0.1171875,0.12109375,0.19140625,0.27734375,5,1
470,7,0.04296875,0.08203125,0.140625,0.3046875,1,1
470,7,0.1796875,0.015625,0.21484375,0.140625,1,1
470,7,0.1796875,0.015625,0.21484375,0.140625,5,1
470,7,0.29296875,0.0078125,0.38671875,0.140625,1,1
470,7,0.29296875,0.0078125,0.38671875,0.140625,5,1
470,7,0.42578125,0.01171875,0.4609375,0.1484375,1,1
470,7,0.42578125,0.01171875,0.4609375,0.1484375,5,1
470,7,0.39453125,0.0,0.4609375,0.140625,1,1
470,7,0.5546875,0.10546875,0.62109375,0.21875,2,1
470,7,0.5546875,0.10546875,0.62109375,0.21875,5,1
470,7,0.94921875,0.1484375,0.9921875,0.2421875,1,1
471,2,0.7734375,0.265625,0.96484375,0.71484375,1,1
471,2,0.7734375,0.265625,0.96484375,0.71484375,3,1
471,2,0.57421875,0.22265625,0.68359375,0.72265625,1,1
471,2,0.57421875,0.22265625,0.68359375,0.72265625,3,1
471,2,0.41796875,0.1640625,0.5703125,0.71875,1,1
471,2,0.41796875,0.1640625,0.5703125,0.71875,3,1
471,2,0.3359375,0.18359375,0.45703125,0.74609375,1,1
471,2,0.3359375,0.18359375,0.45703125,0.74609375,3,1
471,2,0.2265625,0.19140625,0.3515625,0.56640625,1,1
471,2,0.2265625,0.19140625,0.3515625,0.56640625,3,1
471,2,0.1015625,0.21875,0.19140625,0.671875,1,1
471,2,0.1015625,0.21875,0.19140625,0.671875,3,1
471,2,0.00390625,0.23828125,0.08203125,0.64453125,1,1
471,2,0.00390625,0.23828125,0.08203125,0.64453125,3,1
471,2,0.63671875,0.11328125,0.72265625,0.29296875,2,1
471,2,0.63671875,0.11328125,0.72265625,0.29296875,5,1
471,2,0.66796875,0.0390625,0.7265625,0.19921875,1,1
471,2,0.74609375,0.1484375,0.82421875,0.30078125,2,1
471,2,0.74609375,0.1484375,0.82421875,0.30078125,5,1
471,2,0.84375,0.09375,0.890625,0.22265625,1,1
471,2,0.87109375,0.1953125,0.94140625,0.36328125,2,1
471,2,0.5625,0.0859375,0.6171875,0.14453125,2,1
471,2,0.546875,0.11328125,0.6328125,0.26953125,2,1
471,2,0.48828125,0.0625,0.54296875,0.25390625,1,1
471,2,0.41796875,0.0,0.46484375,0.08984375,1,1
471,2,0.41015625,0.078125,0.4609375,0.15625,2,1
471,2,0.41015625,0.078125,0.4609375,0.15625,5,1
471,2,0.265625,0.01171875,0.34765625,0.1640625,1,1
471,2,0.1171875,0.078125,0.171875,0.2109375,1,1
471,2,0.1953125,0.09375,0.2734375,0.1953125,1,1
471,2,0.16015625,0.0078125,0.2578125,0.11328125,1,1
471,3,0.7734375,0.265625,0.96484375,0.71484375,1,1
471,3,0.7734375,0.265625,0.96484375,0.71484375,3,1
471,3,0.57421875,0.22265625,0.68359375,0.72265625,1,1
471,3,0.57421875,0.22265625,0.68359375,0.72265625,3,1
471,3,0.41796875,0.1640625,0.5703125,0.71875,1,1
471,3,0.41796875,0.1640625,0.5703125,0.71875,3,1
471,3,0.3359375,0.18359375,0.45703125,0.74609375,1,1
471,3,0.3359375,0.18359375,0.45703125,0.74609375,3,1
471,3,0.2265625,0.19140625,0.3515625,0.56640625,1,1
471,3,0.2265625,0.19140625,0.3515625,0.56640625,3,1
471,3,0.1015625,0.21875,0.19140625,0.671875,1,1
471,3,0.1015625,0.21875,0.19140625,0.671875,3,1
471,3,0.00390625,0.23828125,0.08203125,0.64453125,1,1
471,3,0.00390625,0.23828125,0.08203125,0.64453125,3,1
471,3,0.63671875,0.11328125,0.72265625,0.29296875,2,1
471,3,0.63671875,0.11328125,0.72265625,0.29296875,5,1
471,3,0.66796875,0.0390625,0.7265625,0.19921875,1,1
471,3,0.74609375,0.1484375,0.82421875,0.30078125,2,1
471,3,0.74609375,0.1484375,0.82421875,0.30078125,5,1
471,3,0.84375,0.09375,0.890625,0.22265625,1,1
471,3,0.87109375,0.1953125,0.9296875,0.36328125,2,1
471,3,0.5625,0.0859375,0.6171875,0.14453125,2,1
471,3,0.546875,0.11328125,0.6328125,0.26953125,2,1
471,3,0.546875,0.11328125,0.6328125,0.26953125,5,1
471,3,0.48828125,0.0625,0.54296875,0.25390625,1,1
471,3,0.41796875,0.0,0.50390625,0.08984375,1,1
471,3,0.265625,0.01171875,0.34765625,0.1640625,1,1
471,3,0.1171875,0.078125,0.171875,0.2109375,1,1
471,3,0.1953125,0.09375,0.2734375,0.1953125,1,1
471,3,0.16015625,0.0078125,0.2578125,0.11328125,1,1
471,4,0.7734375,0.265625,0.96484375,0.71484375,1,1
471,4,0.7734375,0.265625,0.96484375,0.71484375,3,1
471,4,0.57421875,0.22265625,0.68359375,0.72265625,1,1
471,4,0.57421875,0.22265625,0.68359375,0.72265625,3,1
471,4,0.41796875,0.1640625,0.5703125,0.71875,1,1
471,4,0.41796875,0.1640625,0.5703125,0.71875,3,1
471,4,0.3359375,0.18359375,0.45703125,0.74609375,1,1
471,4,0.3359375,0.18359375,0.45703125,0.74609375,3,1
471,4,0.2265625,0.19140625,0.3515625,0.56640625,1,1
471,4,0.2265625,0.19140625,0.3515625,0.56640625,3,1
471,4,0.1015625,0.21875,0.19140625,0.671875,1,1
471,4,0.1015625,0.21875,0.19140625,0.671875,3,1
471,4,0.00390625,0.23828125,0.08203125,0.64453125,1,1
471,4,0.00390625,0.23828125,0.08203125,0.64453125,3,1
471,4,0.63671875,0.11328125,0.72265625,0.29296875,2,1
471,4,0.63671875,0.11328125,0.72265625,0.29296875,5,1
471,4,0.66796875,0.0390625,0.7265625,0.19921875,1,1
471,4,0.74609375,0.1484375,0.82421875,0.30078125,2,1
471,4,0.74609375,0.1484375,0.82421875,0.30078125,5,1
471,4,0.84375,0.09375,0.890625,0.22265625,1,1
471,4,0.875,0.1953125,0.9296875,0.33984375,2,1
471,4,0.5625,0.0859375,0.6171875,0.14453125,2,1
471,4,0.546875,0.11328125,0.6328125,0.26953125,2,1
471,4,0.546875,0.11328125,0.6328125,0.26953125,5,1
471,4,0.48828125,0.0625,0.54296875,0.25390625,1,1
471,4,0.41796875,0.0,0.46484375,0.08984375,1,1
471,4,0.265625,0.01171875,0.34765625,0.1640625,1,1
471,4,0.1171875,0.078125,0.171875,0.2109375,1,1
471,4,0.1953125,0.09375,0.2734375,0.1953125,1,1
471,4,0.16015625,0.0078125,0.2578125,0.11328125,1,1
471,5,0.7734375,0.265625,0.96484375,0.71484375,1,1
471,5,0.7734375,0.265625,0.96484375,0.71484375,3,1
471,5,0.57421875,0.22265625,0.68359375,0.72265625,1,1
471,5,0.57421875,0.22265625,0.68359375,0.72265625,3,1
471,5,0.41796875,0.1640625,0.5703125,0.71875,1,1
471,5,0.41796875,0.1640625,0.5703125,0.71875,3,1
471,5,0.3359375,0.18359375,0.45703125,0.74609375,1,1
471,5,0.3359375,0.18359375,0.45703125,0.74609375,3,1
471,5,0.2265625,0.19140625,0.3515625,0.56640625,1,1
471,5,0.2265625,0.19140625,0.3515625,0.56640625,3,1
471,5,0.1015625,0.21875,0.19140625,0.671875,1,1
471,5,0.1015625,0.21875,0.19140625,0.671875,3,1
471,5,0.00390625,0.23828125,0.08203125,0.64453125,1,1
471,5,0.00390625,0.23828125,0.08203125,0.64453125,3,1
471,5,0.63671875,0.11328125,0.72265625,0.29296875,2,1
471,5,0.66796875,0.0390625,0.7265625,0.19921875,1,1
471,5,0.74609375,0.1484375,0.82421875,0.30078125,2,1
471,5,0.74609375,0.1484375,0.82421875,0.30078125,5,1
471,5,0.84375,0.09375,0.890625,0.22265625,1,1
471,5,0.87109375,0.1953125,0.9296875,0.36328125,2,1
471,5,0.5625,0.0859375,0.6171875,0.14453125,2,1
471,5,0.546875,0.11328125,0.6328125,0.26953125,2,1
471,5,0.546875,0.11328125,0.6328125,0.26953125,5,1
471,5,0.48828125,0.0625,0.54296875,0.25390625,1,1
471,5,0.41796875,0.0,0.5234375,0.08984375,1,1
471,5,0.265625,0.01171875,0.34765625,0.1640625,1,1
471,5,0.1171875,0.078125,0.171875,0.2109375,1,1
471,5,0.16015625,0.0078125,0.2578125,0.11328125,1,1
471,6,0.7734375,0.265625,0.96484375,0.71484375,1,1
471,6,0.7734375,0.265625,0.96484375,0.71484375,3,1
471,6,0.57421875,0.22265625,0.68359375,0.72265625,1,1
471,6,0.57421875,0.22265625,0.68359375,0.72265625,3,1
471,6,0.41796875,0.1640625,0.5703125,0.71875,1,1
471,6,0.41796875,0.1640625,0.5703125,0.71875,3,1
471,6,0.3359375,0.18359375,0.45703125,0.74609375,1,1
471,6,0.3359375,0.18359375,0.45703125,0.74609375,3,1
471,6,0.2265625,0.19140625,0.3515625,0.56640625,1,1
471,6,0.2265625,0.19140625,0.3515625,0.56640625,3,1
471,6,0.1015625,0.21875,0.19140625,0.671875,1,1
471,6,0.1015625,0.21875,0.19140625,0.671875,3,1
471,6,0.00390625,0.23828125,0.08203125,0.64453125,1,1
471,6,0.00390625,0.23828125,0.08203125,0.64453125,3,1
471,6,0.63671875,0.11328125,0.72265625,0.29296875,2,1
471,6,0.63671875,0.11328125,0.72265625,0.29296875,5,1
471,6,0.66796875,0.0390625,0.7265625,0.19921875,1,1
471,6,0.74609375,0.1484375,0.82421875,0.30078125,2,1
471,6,0.74609375,0.1484375,0.82421875,0.30078125,5,1
471,6,0.84375,0.09375,0.890625,0.22265625,1,1
471,6,0.87109375,0.1953125,0.9296875,0.36328125,2,1
471,6,0.5625,0.0859375,0.6171875,0.14453125,2,1
471,6,0.5625,0.0859375,0.6171875,0.14453125,5,1
471,6,0.546875,0.11328125,0.6328125,0.26953125,2,1
471,6,0.48828125,0.0625,0.54296875,0.25390625,1,1
471,6,0.265625,0.01171875,0.34765625,0.1640625,1,1
471,6,0.1171875,0.078125,0.171875,0.2109375,1,1
471,6,0.16015625,0.0078125,0.2578125,0.11328125,1,1
471,7,0.7734375,0.265625,0.96484375,0.71484375,1,1
471,7,0.7734375,0.265625,0.96484375,0.71484375,3,1
471,7,0.57421875,0.22265625,0.68359375,0.72265625,1,1
471,7,0.57421875,0.22265625,0.68359375,0.72265625,3,1
471,7,0.41796875,0.1640625,0.59765625,0.71875,1,1
471,7,0.41796875,0.1640625,0.59765625,0.71875,3,1
471,7,0.3359375,0.17578125,0.484375,0.734375,1,1
471,7,0.3359375,0.17578125,0.484375,0.734375,3,1
471,7,0.2265625,0.19140625,0.3515625,0.7109375,1,1
471,7,0.2265625,0.19140625,0.3515625,0.7109375,3,1
471,7,0.1015625,0.21875,0.19140625,0.671875,1,1
471,7,0.1015625,0.21875,0.19140625,0.671875,3,1
471,7,0.00390625,0.23828125,0.08203125,0.64453125,1,1
471,7,0.00390625,0.23828125,0.08203125,0.64453125,3,1
471,7,0.63671875,0.11328125,0.72265625,0.29296875,2,1
471,7,0.6484375,0.0390625,0.7265625,0.19921875,1,1
471,7,0.6484375,0.0390625,0.7265625,0.19921875,5,1
471,7,0.74609375,0.1484375,0.82421875,0.30078125,2,1
471,7,0.74609375,0.1484375,0.82421875,0.30078125,5,1
471,7,0.84375,0.09375,0.890625,0.22265625,1,1
471,7,0.8828125,0.1953125,0.94140625,0.36328125,2,1
471,7,0.55859375,0.0859375,0.6171875,0.16015625,2,1
471,7,0.546875,0.140625,0.6328125,0.296875,2,1
471,7,0.48828125,0.0625,0.54296875,0.25390625,1,1
471,7,0.48828125,0.0625,0.54296875,0.25390625,5,1
471,7,0.41015625,0.078125,0.4609375,0.15625,2,1
471,7,0.41015625,0.078125,0.4609375,0.15625,5,1
471,7,0.265625,0.01171875,0.34765625,0.1640625,1,1
471,7,0.1171875,0.078125,0.171875,0.2109375,1,1
471,7,0.16015625,0.0078125,0.2578125,0.11328125,1,1
472,2,0.75390625,0.21875,0.93359375,0.4609375,1,1
472,2,0.20703125,0.125,0.453125,0.375,1,1
472,2,0.09375,0.07421875,0.19921875,0.328125,1,1
472,2,0.09375,0.07421875,0.19921875,0.328125,5,1
472,3,0.69140625,0.20703125,0.90234375,0.4296875,1,1
472,3,0.13671875,0.1484375,0.375,0.3671875,1,1
472,3,0.09765625,0.0703125,0.19921875,0.33203125,1,1
472,3,0.09765625,0.0703125,0.19921875,0.33203125,5,1
472,4,0.6171875,0.1953125,0.87890625,0.43359375,1,1
472,4,0.0859375,0.14453125,0.3125,0.41015625,1,1
472,4,0.09375,0.06640625,0.1953125,0.27734375,1,1
472,4,0.09375,0.06640625,0.1953125,0.27734375,5,1
472,5,0.56640625,0.19140625,0.8203125,0.43359375,1,1
472,5,0.03515625,0.171875,0.25,0.4375,1,1
472,5,0.09375,0.06640625,0.19921875,0.25,1,1
472,5,0.09375,0.06640625,0.19921875,0.25,5,1
472,6,0.51171875,0.1796875,0.78125,0.44140625,1,1
472,6,0.00390625,0.1875,0.20703125,0.48046875,1,1
472,6,0.08984375,0.0703125,0.19921875,0.23828125,1,1
472,6,0.08984375,0.0703125,0.19921875,0.23828125,5,1
472,7,0.45703125,0.17578125,0.7265625,0.44140625,1,1
472,7,0.0,0.2109375,0.17578125,0.4921875,1,1
472,7,0.09375,0.07421875,0.19921875,0.26171875,1,1
472,7,0.09375,0.07421875,0.19921875,0.26171875,5,1
473,2,0.54296875,0.09765625,0.6328125,0.2890625,2,1
473,2,0.54296875,0.09765625,0.6328125,0.2890625,5,1
473,2,0.671875,0.1015625,0.76171875,0.20703125,2,1
473,2,0.671875,0.1015625,0.76171875,0.20703125,5,1
473,2,0.2109375,0.0859375,0.29296875,0.18359375,2,1
473,2,0.2109375,0.0859375,0.29296875,0.18359375,5,1
473,2,0.29296875,0.00390625,0.40625,0.11328125,2,1
473,2,0.29296875,0.00390625,0.40625,0.11328125,5,1
473,3,0.671875,0.09765625,0.76171875,0.2109375,2,1
473,3,0.5390625,0.09765625,0.63671875,0.28515625,2,1
473,3,0.2890625,0.0,0.40234375,0.11328125,2,1
473,3,0.203125,0.0859375,0.296875,0.1796875,2,1
473,3,0.203125,0.0859375,0.296875,0.1796875,5,1
473,4,0.54296875,0.09765625,0.63671875,0.2890625,2,1
473,4,0.54296875,0.09765625,0.63671875,0.2890625,5,1
473,4,0.66796875,0.1015625,0.76171875,0.23046875,2,1
473,4,0.66796875,0.1015625,0.76171875,0.23046875,5,1
473,4,0.29296875,0.0,0.41015625,0.125,2,1
473,4,0.29296875,0.0,0.41015625,0.125,5,1
473,4,0.2109375,0.08984375,0.28515625,0.1796875,2,1
473,4,0.2109375,0.08984375,0.28515625,0.1796875,5,1
473,5,0.20703125,0.09375,0.2890625,0.1875,2,1
473,5,0.20703125,0.09375,0.2890625,0.1875,5,1
473,5,0.54296875,0.09375,0.63671875,0.28515625,2,1
473,5,0.54296875,0.09375,0.63671875,0.28515625,5,1
473,5,0.66796875,0.09375,0.7578125,0.2265625,2,1
473,5,0.66796875,0.09375,0.7578125,0.2265625,5,1
473,5,0.29296875,0.0,0.4140625,0.11328125,1,1
473,6,0.546875,0.09765625,0.6328125,0.29296875,2,1
473,6,0.671875,0.1015625,0.7578125,0.21875,2,1
473,6,0.2890625,0.0,0.41015625,0.11328125,1,1
473,6,0.203125,0.09375,0.29296875,0.1875,1,1
473,6,0.203125,0.09375,0.29296875,0.1875,5,1
473,7,0.66796875,0.09765625,0.76171875,0.21484375,2,1
473,7,0.66796875,0.09765625,0.76171875,0.21484375,5,1
473,7,0.5390625,0.1015625,0.6328125,0.28515625,2,1
473,7,0.5390625,0.1015625,0.6328125,0.28515625,5,1
473,7,0.29296875,0.0,0.40625,0.11328125,5,1
473,7,0.29296875,0.0,0.40625,0.11328125,1,1
473,7,0.21484375,0.078125,0.29296875,0.19140625,2,1
473,7,0.21484375,0.078125,0.29296875,0.19140625,5,1
474,2,0.703125,0.1875,0.90625,0.578125,1,1
474,2,0.703125,0.1875,0.90625,0.578125,3,1
474,2,0.546875,0.11328125,0.63671875,0.28515625,2,1
474,2,0.546875,0.11328125,0.63671875,0.28515625,5,1
474,2,0.671875,0.09375,0.7421875,0.21484375,2,1
474,2,0.671875,0.09375,0.7421875,0.21484375,5,1
474,2,0.76953125,0.13671875,0.8203125,0.22265625,5,1
474,2,0.76953125,0.13671875,0.8203125,0.22265625,2,1
474,2,0.8671875,0.16015625,0.91015625,0.28125,2,1
474,2,0.8671875,0.16015625,0.91015625,0.28125,5,1
474,2,0.29296875,0.078125,0.359375,0.1640625,2,1
474,2,0.29296875,0.078125,0.359375,0.1640625,5,1
474,2,0.22265625,0.015625,0.29296875,0.1640625,5,1
474,2,0.22265625,0.015625,0.29296875,0.1640625,1,1
474,2,0.140625,0.01171875,0.1875,0.125,1,1
474,3,0.69921875,0.19921875,0.93359375,0.59765625,1,1
474,3,0.5546875,0.09375,0.63671875,0.28515625,2,1
474,3,0.5546875,0.09375,0.63671875,0.28515625,5,1
474,3,0.6640625,0.11328125,0.74609375,0.20703125,5,1
474,3,0.6640625,0.11328125,0.74609375,0.20703125,2,1
474,3,0.76953125,0.13671875,0.83203125,0.22265625,1,1
474,3,0.76953125,0.13671875,0.83203125,0.22265625,5,1
474,4,0.734375,0.2109375,0.95703125,0.53125,1,1
474,4,0.55859375,0.12109375,0.640625,0.27734375,2,1
474,4,0.67578125,0.11328125,0.74609375,0.21875,2,1
474,4,0.76953125,0.1328125,0.828125,0.23046875,2,1
474,4,0.9453125,0.15625,0.98828125,0.265625,1,1
474,4,0.2890625,0.07421875,0.36328125,0.1875,1,1
474,4,0.21875,0.046875,0.27734375,0.1875,1,1
474,4,0.140625,0.015625,0.18359375,0.1171875,1,1
474,5,0.78515625,0.23046875,0.98828125,0.578125,1,1
474,5,0.859375,0.16796875,0.90625,0.265625,5,1
474,5,0.859375,0.16796875,0.90625,0.265625,2,1
474,5,0.765625,0.1328125,0.83203125,0.22265625,5,1
474,5,0.765625,0.1328125,0.83203125,0.22265625,2,1
474,5,0.671875,0.109375,0.75390625,0.21484375,5,1
474,5,0.671875,0.109375,0.75390625,0.21484375,2,1
474,5,0.5625,0.125,0.63671875,0.27734375,2,1
474,5,0.5625,0.125,0.63671875,0.27734375,5,1
474,5,0.9453125,0.140625,0.98828125,0.3046875,1,1
474,5,0.29296875,0.07421875,0.359375,0.16796875,2,1
474,5,0.29296875,0.07421875,0.359375,0.16796875,5,1
474,5,0.22265625,0.0,0.2890625,0.19140625,1,1
474,5,0.22265625,0.0,0.2890625,0.19140625,5,1
474,5,0.1328125,0.01171875,0.18359375,0.1328125,5,1
474,5,0.1328125,0.01171875,0.18359375,0.1328125,1,1
474,6,0.8046875,0.25,0.98828125,0.65234375,1,1
474,6,0.8046875,0.25,0.98828125,0.65234375,3,1
474,6,0.55859375,0.125,0.63671875,0.28125,2,1
474,6,0.66796875,0.1015625,0.75390625,0.22265625,2,1
474,6,0.7734375,0.14453125,0.83984375,0.2265625,2,1
474,6,0.85546875,0.16015625,0.91015625,0.25390625,2,1
474,6,0.546875,0.08203125,0.61328125,0.18359375,2,1
474,6,0.28125,0.0703125,0.3671875,0.171875,2,1
474,6,0.21875,0.0078125,0.28515625,0.17578125,1,1
474,6,0.140625,0.015625,0.18359375,0.12890625,1,1
474,7,0.1328125,0.01171875,0.1796875,0.125,1,1
474,7,0.1328125,0.01171875,0.1796875,0.125,5,1
474,7,0.22265625,0.0,0.28515625,0.17578125,1,1
474,7,0.22265625,0.0,0.28515625,0.17578125,5,1
474,7,0.29296875,0.08203125,0.359375,0.18359375,2,1
474,7,0.29296875,0.08203125,0.359375,0.18359375,5,1
474,7,0.55859375,0.1328125,0.6328125,0.29296875,2,1
474,7,0.55859375,0.1328125,0.6328125,0.29296875,5,1
474,7,0.5390625,0.07421875,0.6171875,0.1875,2,1
474,7,0.5390625,0.07421875,0.6171875,0.1875,5,1
474,7,0.66796875,0.1015625,0.7578125,0.2265625,2,1
474,7,0.66796875,0.1015625,0.7578125,0.2265625,5,1
474,7,0.765625,0.13671875,0.82421875,0.23046875,2,1
474,7,0.765625,0.13671875,0.82421875,0.23046875,5,1
474,7,0.85546875,0.1640625,0.91015625,0.2734375,2,1
474,7,0.85546875,0.1640625,0.91015625,0.2734375,5,1
474,7,0.83984375,0.26171875,0.9921875,0.66796875,1,1
474,7,0.83984375,0.26171875,0.9921875,0.66796875,3,1
475,2,0.5390625,0.11328125,0.62890625,0.296875,2,1
475,2,0.5390625,0.11328125,0.62890625,0.296875,5,1
475,2,0.67578125,0.10546875,0.7578125,0.21484375,2,1
475,2,0.67578125,0.10546875,0.7578125,0.21484375,5,1
475,2,0.76953125,0.13671875,0.83984375,0.23828125,2,1
475,2,0.76953125,0.13671875,0.83984375,0.23828125,5,1
475,2,0.8515625,0.17578125,0.92578125,0.2890625,2,1
475,2,0.4921875,0.015625,0.52734375,0.15625,1,1
475,2,0.3984375,0.07421875,0.46484375,0.18359375,2,1
475,2,0.3984375,0.07421875,0.46484375,0.18359375,5,1
475,2,0.28515625,0.07421875,0.3671875,0.19140625,2,1
475,2,0.30078125,0.00390625,0.4453125,0.1328125,1,1
475,2,0.30078125,0.00390625,0.4453125,0.1328125,5,1
475,2,0.10546875,0.125,0.21484375,0.2890625,2,1
475,2,0.10546875,0.125,0.21484375,0.2890625,5,1
475,3,0.54296875,0.10546875,0.62890625,0.28515625,2,1
475,3,0.54296875,0.10546875,0.62890625,0.28515625,5,1
475,3,0.66796875,0.1171875,0.76171875,0.21484375,2,1
475,3,0.66796875,0.1171875,0.76171875,0.21484375,5,1
475,3,0.76953125,0.1328125,0.83984375,0.234375,2,1
475,3,0.76953125,0.1328125,0.83984375,0.234375,5,1
475,3,0.859375,0.17578125,0.92578125,0.27734375,2,1
475,3,0.859375,0.17578125,0.92578125,0.27734375,5,1
475,3,0.390625,0.07421875,0.46484375,0.16015625,2,1
475,3,0.390625,0.07421875,0.46484375,0.16015625,5,1
475,3,0.48828125,0.00390625,0.52734375,0.15234375,1,1
475,3,0.28515625,0.0703125,0.35546875,0.1796875,2,1
475,3,0.28515625,0.0703125,0.35546875,0.1796875,5,1
475,3,0.296875,0.0,0.43359375,0.11328125,1,1
475,3,0.296875,0.0,0.43359375,0.11328125,5,1
475,3,0.109375,0.12890625,0.20703125,0.2890625,2,1
475,3,0.109375,0.12890625,0.20703125,0.2890625,5,1
475,4,0.10546875,0.12890625,0.2109375,0.2890625,2,1
475,4,0.546875,0.10546875,0.63671875,0.28515625,2,1
475,4,0.671875,0.09765625,0.75,0.2109375,2,1
475,4,0.765625,0.125,0.83203125,0.23046875,2,1
475,4,0.8515625,0.18359375,0.9296875,0.2890625,2,1
475,4,0.484375,0.0,0.53125,0.16796875,1,1
475,4,0.39453125,0.078125,0.4609375,0.171875,2,1
475,4,0.39453125,0.078125,0.4609375,0.171875,5,1
475,4,0.28515625,0.0703125,0.3671875,0.1640625,2,1
475,4,0.29296875,0.0,0.4375,0.1171875,1,1
475,4,0.29296875,0.0,0.4375,0.1171875,5,1
475,5,0.2890625,0.07421875,0.3515625,0.171875,2,1
475,5,0.3984375,0.078125,0.4609375,0.171875,2,1
475,5,0.3984375,0.078125,0.4609375,0.171875,5,1
475,5,0.30078125,0.0,0.4296875,0.1328125,1,1
475,5,0.30078125,0.0,0.4296875,0.1328125,5,1
475,5,0.109375,0.12890625,0.20703125,0.2890625,2,1
475,5,0.109375,0.12890625,0.20703125,0.2890625,5,1
475,5,0.54296875,0.1015625,0.63671875,0.29296875,2,1
475,5,0.54296875,0.1015625,0.63671875,0.29296875,5,1
475,5,0.4921875,0.00390625,0.54296875,0.1484375,1,1
475,5,0.66796875,0.1015625,0.75390625,0.2265625,5,1
475,5,0.66796875,0.1015625,0.75390625,0.2265625,2,1
475,5,0.765625,0.1328125,0.83203125,0.23828125,2,1
475,5,0.765625,0.1328125,0.83203125,0.23828125,5,1
475,5,0.85546875,0.171875,0.9296875,0.28125,2,1
475,5,0.85546875,0.171875,0.9296875,0.28125,5,1
475,6,0.66796875,0.10546875,0.75390625,0.21875,2,1
475,6,0.76953125,0.1328125,0.83203125,0.23828125,2,1
475,6,0.8515625,0.171875,0.92578125,0.28125,2,1
475,6,0.53515625,0.11328125,0.6328125,0.28515625,2,1
475,6,0.48828125,0.0,0.546875,0.15234375,1,1
475,6,0.3984375,0.08203125,0.4609375,0.17578125,2,1
475,6,0.3984375,0.08203125,0.4609375,0.17578125,5,1
475,6,0.3046875,0.00390625,0.4296875,0.11328125,1,1
475,6,0.3046875,0.00390625,0.4296875,0.11328125,5,1
475,6,0.28515625,0.07421875,0.3515625,0.1640625,2,1
475,6,0.10546875,0.125,0.20703125,0.296875,2,1
475,7,0.10546875,0.12890625,0.2109375,0.2890625,2,1
475,7,0.10546875,0.12890625,0.2109375,0.2890625,5,1
475,7,0.28515625,0.07421875,0.35546875,0.171875,2,1
475,7,0.3984375,0.07421875,0.46484375,0.171875,2,1
475,7,0.3984375,0.07421875,0.46484375,0.171875,5,1
475,7,0.2890625,0.0,0.43359375,0.125,1,1
475,7,0.2890625,0.0,0.43359375,0.125,5,1
475,7,0.53125,0.109375,0.640625,0.27734375,2,1
475,7,0.4921875,0.0078125,0.54296875,0.1328125,1,1
475,7,0.67578125,0.11328125,0.76171875,0.22265625,2,1
475,7,0.76953125,0.140625,0.83203125,0.234375,2,1
475,7,0.8515625,0.17578125,0.9296875,0.2890625,2,1
476,2,0.68359375,0.2265625,0.86328125,0.69140625,1,1
476,2,0.68359375,0.2265625,0.86328125,0.69140625,3,1
476,2,0.3984375,0.18359375,0.60546875,0.71484375,1,1
476,2,0.3984375,0.18359375,0.60546875,0.71484375,3,1
476,2,0.0,0.296875,0.078125,0.6328125,1,1
476,2,0.0,0.296875,0.078125,0.6328125,3,1
476,2,0.1015625,0.15625,0.203125,0.28515625,2,1
476,2,0.06640625,0.12890625,0.1328125,0.20703125,2,1
476,2,0.19921875,0.09375,0.28125,0.18359375,2,1
476,2,0.29296875,0.07421875,0.36328125,0.171875,2,1
476,2,0.38671875,0.07421875,0.4609375,0.171875,2,1
476,2,0.38671875,0.07421875,0.4609375,0.171875,5,1
476,2,0.5390625,0.15234375,0.6328125,0.28125,2,1
476,2,0.765625,0.140625,0.828125,0.22265625,2,1
476,3,0.68359375,0.2265625,0.86328125,0.69140625,1,1
476,3,0.68359375,0.2265625,0.86328125,0.69140625,3,1
476,3,0.3984375,0.18359375,0.60546875,0.71484375,1,1
476,3,0.3984375,0.18359375,0.60546875,0.71484375,3,1
476,3,0.0,0.296875,0.078125,0.6328125,1,1
476,3,0.0,0.296875,0.078125,0.6328125,3,1
476,3,0.1015625,0.15625,0.203125,0.28515625,2,1
476,3,0.06640625,0.12890625,0.1328125,0.20703125,2,1
476,3,0.19921875,0.09375,0.28125,0.18359375,2,1
476,3,0.29296875,0.07421875,0.36328125,0.171875,2,1
476,3,0.38671875,0.07421875,0.4609375,0.171875,2,1
476,3,0.38671875,0.07421875,0.4609375,0.171875,5,1
476,3,0.5390625,0.15234375,0.6328125,0.28125,2,1
476,3,0.765625,0.140625,0.828125,0.22265625,2,1
476,4,0.68359375,0.2265625,0.86328125,0.69140625,1,1
476,4,0.68359375,0.2265625,0.86328125,0.69140625,3,1
476,4,0.3984375,0.18359375,0.60546875,0.71484375,1,1
476,4,0.3984375,0.18359375,0.60546875,0.71484375,3,1
476,4,0.0,0.296875,0.078125,0.6328125,1,1
476,4,0.0,0.296875,0.078125,0.6328125,3,1
476,4,0.1015625,0.15625,0.203125,0.28515625,2,1
476,4,0.06640625,0.12890625,0.1328125,0.20703125,2,1
476,4,0.19921875,0.09375,0.28125,0.18359375,2,1
476,4,0.29296875,0.07421875,0.36328125,0.171875,2,1
476,4,0.38671875,0.07421875,0.4609375,0.171875,2,1
476,4,0.38671875,0.07421875,0.4609375,0.171875,5,1
476,4,0.5390625,0.15234375,0.6328125,0.28125,2,1
476,4,0.765625,0.140625,0.828125,0.22265625,2,1
476,5,0.68359375,0.2265625,0.86328125,0.69140625,1,1
476,5,0.68359375,0.2265625,0.86328125,0.69140625,3,1
476,5,0.3984375,0.18359375,0.60546875,0.71484375,1,1
476,5,0.3984375,0.18359375,0.60546875,0.71484375,3,1
476,5,0.0,0.296875,0.078125,0.6328125,1,1
476,5,0.0,0.296875,0.078125,0.6328125,3,1
476,5,0.1015625,0.15625,0.203125,0.28515625,2,1
476,5,0.06640625,0.12890625,0.1328125,0.20703125,2,1
476,5,0.19921875,0.09375,0.28125,0.18359375,2,1
476,5,0.29296875,0.07421875,0.36328125,0.171875,2,1
476,5,0.38671875,0.07421875,0.4609375,0.171875,2,1
476,5,0.38671875,0.07421875,0.4609375,0.171875,5,1
476,5,0.5390625,0.15234375,0.6328125,0.28125,2,1
476,5,0.765625,0.140625,0.828125,0.22265625,2,1
476,6,0.68359375,0.2265625,0.86328125,0.69140625,1,1
476,6,0.68359375,0.2265625,0.86328125,0.69140625,3,1
476,6,0.3984375,0.18359375,0.60546875,0.71484375,1,1
476,6,0.3984375,0.18359375,0.60546875,0.71484375,3,1
476,6,0.0,0.296875,0.078125,0.6328125,1,1
476,6,0.0,0.296875,0.078125,0.6328125,3,1
476,6,0.1015625,0.15625,0.203125,0.28515625,2,1
476,6,0.06640625,0.12890625,0.1328125,0.20703125,2,1
476,6,0.19921875,0.09375,0.28125,0.18359375,2,1
476,6,0.29296875,0.07421875,0.36328125,0.171875,2,1
476,6,0.38671875,0.07421875,0.4609375,0.171875,2,1
476,6,0.38671875,0.07421875,0.4609375,0.171875,5,1
476,6,0.54296875,0.12109375,0.6328125,0.28125,2,1
476,6,0.765625,0.140625,0.828125,0.22265625,2,1
476,7,0.68359375,0.2265625,0.86328125,0.69140625,1,1
476,7,0.68359375,0.2265625,0.86328125,0.69140625,3,1
476,7,0.3984375,0.18359375,0.60546875,0.71484375,1,1
476,7,0.3984375,0.18359375,0.60546875,0.71484375,3,1
476,7,0.0,0.296875,0.078125,0.6328125,1,1
476,7,0.0,0.296875,0.078125,0.6328125,3,1
476,7,0.1015625,0.15625,0.203125,0.28515625,2,1
476,7,0.06640625,0.12890625,0.1328125,0.20703125,2,1
476,7,0.19921875,0.09375,0.28125,0.18359375,2,1
476,7,0.29296875,0.07421875,0.36328125,0.171875,2,1
476,7,0.38671875,0.07421875,0.4609375,0.171875,2,1
476,7,0.38671875,0.07421875,0.4609375,0.171875,5,1
476,7,0.5390625,0.125,0.6328125,0.28125,2,1
476,7,0.765625,0.140625,0.828125,0.22265625,2,1
477,2,0.0,0.25,0.08203125,0.66015625,1,1
477,2,0.0,0.25,0.08203125,0.66015625,3,1
477,2,0.0859375,0.25390625,0.33984375,0.57421875,1,1
477,2,0.0859375,0.25390625,0.33984375,0.57421875,3,1
477,2,0.20703125,0.09375,0.29296875,0.1796875,2,1
477,2,0.20703125,0.09375,0.29296875,0.1796875,5,1
477,2,0.11328125,0.12890625,0.19921875,0.25,2,1
477,2,0.11328125,0.12890625,0.19921875,0.25,5,1
477,2,0.52734375,0.1484375,0.6796875,0.28125,2,1
477,2,0.52734375,0.1484375,0.6796875,0.28125,5,1
477,2,0.6640625,0.1171875,0.73046875,0.22265625,2,1
477,2,0.6640625,0.1171875,0.73046875,0.22265625,5,1
477,2,0.78125,0.26953125,0.97265625,0.66796875,3,1
477,2,0.78125,0.26953125,0.97265625,0.66796875,1,1
477,2,0.87109375,0.19140625,0.94921875,0.35546875,2,1
477,2,0.87109375,0.19140625,0.94921875,0.35546875,5,1
477,2,0.9609375,0.24609375,0.99609375,0.375,2,1
477,2,0.9609375,0.24609375,0.99609375,0.375,5,1
477,2,0.7578125,0.16015625,0.8359375,0.3125,2,1
477,2,0.7578125,0.16015625,0.8359375,0.3125,5,1
477,2,0.7578125,0.05859375,0.84375,0.140625,1,1
477,2,0.8515625,0.1015625,0.91015625,0.20703125,1,1
477,3,0.0,0.25,0.08203125,0.66015625,1,1
477,3,0.0,0.25,0.08203125,0.66015625,3,1
477,3,0.0859375,0.25390625,0.33984375,0.57421875,1,1
477,3,0.0859375,0.25390625,0.33984375,0.57421875,3,1
477,3,0.20703125,0.09375,0.29296875,0.1796875,2,1
477,3,0.20703125,0.09375,0.29296875,0.1796875,5,1
477,3,0.11328125,0.12890625,0.19921875,0.25,2,1
477,3,0.11328125,0.12890625,0.19921875,0.25,5,1
477,3,0.52734375,0.1484375,0.6796875,0.28125,2,1
477,3,0.52734375,0.1484375,0.6796875,0.28125,5,1
477,3,0.6640625,0.1171875,0.73046875,0.22265625,2,1
477,3,0.6640625,0.1171875,0.73046875,0.22265625,5,1
477,3,0.78125,0.26953125,0.97265625,0.66796875,3,1
477,3,0.78125,0.26953125,0.97265625,0.66796875,1,1
477,3,0.87109375,0.19140625,0.94921875,0.35546875,2,1
477,3,0.87109375,0.19140625,0.94921875,0.35546875,5,1
477,3,0.9609375,0.24609375,0.99609375,0.375,2,1
477,3,0.9609375,0.24609375,0.99609375,0.375,5,1
477,3,0.7578125,0.16015625,0.8359375,0.3125,2,1
477,3,0.7578125,0.16015625,0.8359375,0.3125,5,1
477,3,0.7578125,0.05859375,0.84375,0.140625,1,1
477,3,0.8515625,0.1015625,0.91015625,0.20703125,1,1
477,4,0.0,0.25,0.08203125,0.66015625,1,1
477,4,0.0,0.25,0.08203125,0.66015625,3,1
477,4,0.0859375,0.25390625,0.33984375,0.57421875,1,1
477,4,0.0859375,0.25390625,0.33984375,0.57421875,3,1
477,4,0.20703125,0.09375,0.29296875,0.1796875,2,1
477,4,0.20703125,0.09375,0.29296875,0.1796875,5,1
477,4,0.11328125,0.12890625,0.19921875,0.25,2,1
477,4,0.11328125,0.12890625,0.19921875,0.25,5,1
477,4,0.52734375,0.1484375,0.6796875,0.28125,2,1
477,4,0.52734375,0.1484375,0.6796875,0.28125,5,1
477,4,0.6640625,0.1171875,0.73046875,0.22265625,2,1
477,4,0.6640625,0.1171875,0.73046875,0.22265625,5,1
477,4,0.76953125,0.26171875,0.9609375,0.609375,3,1
477,4,0.76953125,0.26171875,0.9609375,0.609375,1,1
477,4,0.87109375,0.19140625,0.94921875,0.35546875,2,1
477,4,0.87109375,0.19140625,0.94921875,0.35546875,5,1
477,4,0.9609375,0.24609375,0.99609375,0.375,2,1
477,4,0.9609375,0.24609375,0.99609375,0.375,5,1
477,4,0.7578125,0.16015625,0.8359375,0.3125,2,1
477,4,0.7578125,0.16015625,0.8359375,0.3125,5,1
477,4,0.7578125,0.05859375,0.84375,0.140625,1,1
477,4,0.8515625,0.1015625,0.91015625,0.20703125,1,1
477,5,0.0,0.25,0.08203125,0.66015625,1,1
477,5,0.0,0.25,0.08203125,0.66015625,3,1
477,5,0.0859375,0.25390625,0.33984375,0.57421875,1,1
477,5,0.0859375,0.25390625,0.33984375,0.57421875,3,1
477,5,0.20703125,0.09375,0.29296875,0.1796875,2,1
477,5,0.20703125,0.09375,0.29296875,0.1796875,5,1
477,5,0.11328125,0.12890625,0.19921875,0.25,2,1
477,5,0.11328125,0.12890625,0.19921875,0.25,5,1
477,5,0.52734375,0.1484375,0.6796875,0.28125,2,1
477,5,0.52734375,0.1484375,0.6796875,0.28125,5,1
477,5,0.6640625,0.1171875,0.73046875,0.22265625,2,1
477,5,0.6640625,0.1171875,0.73046875,0.22265625,5,1
477,5,0.76171875,0.2578125,0.96484375,0.62109375,3,1
477,5,0.76171875,0.2578125,0.96484375,0.62109375,1,1
477,5,0.87109375,0.19140625,0.94921875,0.35546875,2,1
477,5,0.87109375,0.19140625,0.94921875,0.35546875,5,1
477,5,0.9609375,0.24609375,0.99609375,0.375,2,1
477,5,0.9609375,0.24609375,0.99609375,0.375,5,1
477,5,0.7578125,0.16015625,0.8359375,0.3125,2,1
477,5,0.7578125,0.16015625,0.8359375,0.3125,5,1
477,5,0.7578125,0.05859375,0.84375,0.140625,1,1
477,5,0.8515625,0.1015625,0.91015625,0.20703125,1,1
477,6,0.0,0.25,0.08203125,0.66015625,1,1
477,6,0.0,0.25,0.08203125,0.66015625,3,1
477,6,0.0859375,0.25390625,0.33984375,0.57421875,1,1
477,6,0.0859375,0.25390625,0.33984375,0.57421875,3,1
477,6,0.20703125,0.09375,0.29296875,0.1796875,2,1
477,6,0.20703125,0.09375,0.29296875,0.1796875,5,1
477,6,0.11328125,0.12890625,0.19921875,0.25,2,1
477,6,0.11328125,0.12890625,0.19921875,0.25,5,1
477,6,0.52734375,0.1484375,0.6796875,0.28125,2,1
477,6,0.52734375,0.1484375,0.6796875,0.28125,5,1
477,6,0.6640625,0.1171875,0.73046875,0.22265625,2,1
477,6,0.6640625,0.1171875,0.73046875,0.22265625,5,1
477,6,0.75390625,0.25390625,0.9609375,0.6015625,3,1
477,6,0.75390625,0.25390625,0.9609375,0.6015625,1,1
477,6,0.87109375,0.19140625,0.94921875,0.35546875,2,1
477,6,0.87109375,0.19140625,0.94921875,0.35546875,5,1
477,6,0.9609375,0.24609375,0.99609375,0.375,2,1
477,6,0.9609375,0.24609375,0.99609375,0.375,5,1
477,6,0.7578125,0.16015625,0.8359375,0.3125,2,1
477,6,0.7578125,0.16015625,0.8359375,0.3125,5,1
477,6,0.7578125,0.05859375,0.84375,0.140625,1,1
477,6,0.8515625,0.1015625,0.91015625,0.20703125,1,1
477,7,0.0,0.25,0.08203125,0.66015625,1,1
477,7,0.0,0.25,0.08203125,0.66015625,3,1
477,7,0.0859375,0.25390625,0.33984375,0.57421875,1,1
477,7,0.0859375,0.25390625,0.33984375,0.57421875,3,1
477,7,0.20703125,0.09375,0.29296875,0.1796875,2,1
477,7,0.20703125,0.09375,0.29296875,0.1796875,5,1
477,7,0.11328125,0.12890625,0.19921875,0.25,2,1
477,7,0.11328125,0.12890625,0.19921875,0.25,5,1
477,7,0.52734375,0.1484375,0.6796875,0.28125,2,1
477,7,0.52734375,0.1484375,0.6796875,0.28125,5,1
477,7,0.6640625,0.1171875,0.73046875,0.22265625,2,1
477,7,0.6640625,0.1171875,0.73046875,0.22265625,5,1
477,7,0.7421875,0.234375,0.94921875,0.578125,3,1
477,7,0.7421875,0.234375,0.94921875,0.578125,1,1
477,7,0.87109375,0.19140625,0.94921875,0.35546875,2,1
477,7,0.87109375,0.19140625,0.94921875,0.35546875,5,1
477,7,0.9609375,0.24609375,0.99609375,0.375,2,1
477,7,0.9609375,0.24609375,0.99609375,0.375,5,1
477,7,0.7578125,0.16015625,0.8359375,0.3125,2,1
477,7,0.7578125,0.16015625,0.8359375,0.3125,5,1
477,7,0.7578125,0.05859375,0.84375,0.140625,1,1
477,7,0.8515625,0.1015625,0.91015625,0.20703125,1,1
478,2,0.36328125,0.09375,0.45703125,0.27734375,5,1
478,2,0.36328125,0.09375,0.45703125,0.27734375,2,1
478,2,0.09765625,0.1484375,0.19921875,0.3125,2,1
478,2,0.09765625,0.1484375,0.19921875,0.3125,5,1
478,2,0.2109375,0.09375,0.2890625,0.1875,2,1
478,2,0.2109375,0.09375,0.2890625,0.1875,5,1
478,2,0.2890625,0.08203125,0.3515625,0.1796875,2,1
478,2,0.2890625,0.08203125,0.3515625,0.1796875,5,1
478,2,0.51171875,0.109375,0.640625,0.28515625,2,1
478,2,0.51171875,0.109375,0.640625,0.28515625,5,1
478,2,0.64453125,0.14453125,0.73046875,0.296875,2,1
478,2,0.64453125,0.14453125,0.73046875,0.296875,5,1
478,2,0.74609375,0.171875,0.83984375,0.31640625,2,1
478,2,0.74609375,0.171875,0.83984375,0.31640625,5,1
478,2,0.87109375,0.2109375,0.94921875,0.35546875,2,1
478,2,0.87109375,0.2109375,0.94921875,0.35546875,5,1
478,2,0.95703125,0.24609375,0.99609375,0.37890625,2,1
478,2,0.95703125,0.24609375,0.99609375,0.37890625,5,1
478,2,0.66796875,0.1015625,0.73828125,0.1953125,2,1
478,3,0.36328125,0.09375,0.45703125,0.27734375,5,1
478,3,0.36328125,0.09375,0.45703125,0.27734375,2,1
478,3,0.09765625,0.1484375,0.19921875,0.3125,2,1
478,3,0.09765625,0.1484375,0.19921875,0.3125,5,1
478,3,0.2109375,0.09375,0.2890625,0.1875,2,1
478,3,0.2109375,0.09375,0.2890625,0.1875,5,1
478,3,0.2890625,0.08203125,0.3515625,0.1796875,2,1
478,3,0.2890625,0.08203125,0.3515625,0.1796875,5,1
478,3,0.51171875,0.109375,0.640625,0.28515625,2,1
478,3,0.51171875,0.109375,0.640625,0.28515625,5,1
478,3,0.64453125,0.14453125,0.73046875,0.296875,2,1
478,3,0.64453125,0.14453125,0.73046875,0.296875,5,1
478,3,0.74609375,0.171875,0.83984375,0.31640625,2,1
478,3,0.74609375,0.171875,0.83984375,0.31640625,5,1
478,3,0.87109375,0.2109375,0.94921875,0.35546875,2,1
478,3,0.87109375,0.2109375,0.94921875,0.35546875,5,1
478,3,0.95703125,0.24609375,0.99609375,0.37890625,2,1
478,3,0.95703125,0.24609375,0.99609375,0.37890625,5,1
478,3,0.66796875,0.1015625,0.73828125,0.1953125,2,1
478,4,0.36328125,0.09375,0.45703125,0.27734375,5,1
478,4,0.36328125,0.09375,0.45703125,0.27734375,2,1
478,4,0.09765625,0.1484375,0.19921875,0.3125,2,1
478,4,0.09765625,0.1484375,0.19921875,0.3125,5,1
478,4,0.2109375,0.09375,0.2890625,0.1875,2,1
478,4,0.2109375,0.09375,0.2890625,0.1875,5,1
478,4,0.2890625,0.08203125,0.3515625,0.1796875,2,1
478,4,0.2890625,0.08203125,0.3515625,0.1796875,5,1
478,4,0.51171875,0.109375,0.640625,0.28515625,2,1
478,4,0.51171875,0.109375,0.640625,0.28515625,5,1
478,4,0.64453125,0.14453125,0.73046875,0.296875,2,1
478,4,0.64453125,0.14453125,0.73046875,0.296875,5,1
478,4,0.74609375,0.171875,0.83984375,0.31640625,2,1
478,4,0.74609375,0.171875,0.83984375,0.31640625,5,1
478,4,0.87109375,0.2109375,0.94921875,0.35546875,2,1
478,4,0.87109375,0.2109375,0.94921875,0.35546875,5,1
478,4,0.95703125,0.24609375,0.99609375,0.37890625,2,1
478,4,0.95703125,0.24609375,0.99609375,0.37890625,5,1
478,4,0.66796875,0.1015625,0.73828125,0.1953125,2,1
478,5,0.36328125,0.09375,0.45703125,0.27734375,5,1
478,5,0.36328125,0.09375,0.45703125,0.27734375,2,1
478,5,0.09765625,0.1484375,0.19921875,0.3125,2,1
478,5,0.09765625,0.1484375,0.19921875,0.3125,5,1
478,5,0.2109375,0.09375,0.2890625,0.1875,2,1
478,5,0.2109375,0.09375,0.2890625,0.1875,5,1
478,5,0.2890625,0.08203125,0.3515625,0.1796875,2,1
478,5,0.2890625,0.08203125,0.3515625,0.1796875,5,1
478,5,0.52734375,0.109375,0.640625,0.28515625,2,1
478,5,0.52734375,0.109375,0.640625,0.28515625,5,1
478,5,0.64453125,0.14453125,0.73046875,0.296875,2,1
478,5,0.64453125,0.14453125,0.73046875,0.296875,5,1
478,5,0.74609375,0.171875,0.83984375,0.31640625,2,1
478,5,0.74609375,0.171875,0.83984375,0.31640625,5,1
478,5,0.87109375,0.2109375,0.94921875,0.35546875,2,1
478,5,0.87109375,0.2109375,0.94921875,0.35546875,5,1
478,5,0.95703125,0.24609375,0.99609375,0.37890625,2,1
478,5,0.95703125,0.24609375,0.99609375,0.37890625,5,1
478,5,0.66796875,0.1015625,0.73828125,0.1953125,2,1
478,6,0.36328125,0.09375,0.45703125,0.27734375,5,1
478,6,0.36328125,0.09375,0.45703125,0.27734375,2,1
478,6,0.09765625,0.1484375,0.19921875,0.3125,2,1
478,6,0.09765625,0.1484375,0.19921875,0.3125,5,1
478,6,0.2109375,0.09375,0.2890625,0.1875,2,1
478,6,0.2109375,0.09375,0.2890625,0.1875,5,1
478,6,0.2890625,0.08203125,0.3515625,0.1796875,2,1
478,6,0.2890625,0.08203125,0.3515625,0.1796875,5,1
478,6,0.52734375,0.109375,0.640625,0.28515625,2,1
478,6,0.52734375,0.109375,0.640625,0.28515625,5,1
478,6,0.64453125,0.14453125,0.73046875,0.296875,2,1
478,6,0.64453125,0.14453125,0.73046875,0.296875,5,1
478,6,0.74609375,0.171875,0.83984375,0.31640625,2,1
478,6,0.74609375,0.171875,0.83984375,0.31640625,5,1
478,6,0.87109375,0.2109375,0.94921875,0.35546875,2,1
478,6,0.87109375,0.2109375,0.94921875,0.35546875,5,1
478,6,0.95703125,0.24609375,0.99609375,0.37890625,2,1
478,6,0.95703125,0.24609375,0.99609375,0.37890625,5,1
478,6,0.66796875,0.1015625,0.73828125,0.1953125,2,1
478,7,0.36328125,0.09375,0.45703125,0.27734375,5,1
478,7,0.36328125,0.09375,0.45703125,0.27734375,2,1
478,7,0.09765625,0.1484375,0.19921875,0.3125,2,1
478,7,0.09765625,0.1484375,0.19921875,0.3125,5,1
478,7,0.2109375,0.09375,0.2890625,0.1875,2,1
478,7,0.2109375,0.09375,0.2890625,0.1875,5,1
478,7,0.2890625,0.08203125,0.3515625,0.1796875,2,1
478,7,0.2890625,0.08203125,0.3515625,0.1796875,5,1
478,7,0.5234375,0.109375,0.640625,0.28515625,2,1
478,7,0.5234375,0.109375,0.640625,0.28515625,5,1
478,7,0.64453125,0.14453125,0.73046875,0.296875,2,1
478,7,0.64453125,0.14453125,0.73046875,0.296875,5,1
478,7,0.74609375,0.171875,0.83984375,0.31640625,2,1
478,7,0.74609375,0.171875,0.83984375,0.31640625,5,1
478,7,0.87109375,0.2109375,0.94921875,0.35546875,2,1
478,7,0.87109375,0.2109375,0.94921875,0.35546875,5,1
478,7,0.95703125,0.24609375,0.99609375,0.37890625,2,1
478,7,0.95703125,0.24609375,0.99609375,0.37890625,5,1
478,7,0.66796875,0.1015625,0.73828125,0.1953125,2,1
479,2,0.83203125,0.265625,0.9609375,0.70703125,3,1
479,2,0.83203125,0.265625,0.9609375,0.70703125,1,1
479,2,0.48828125,0.1640625,0.6484375,0.5859375,1,1
479,2,0.48828125,0.1640625,0.6484375,0.5859375,3,1
479,2,0.24609375,0.24609375,0.41015625,0.69921875,1,1
479,2,0.24609375,0.24609375,0.41015625,0.69921875,3,1
479,2,0.0234375,0.26171875,0.09375,0.5703125,1,1
479,2,0.0234375,0.26171875,0.09375,0.5703125,3,1
479,2,0.109375,0.12109375,0.21875,0.30078125,2,1
479,2,0.109375,0.12109375,0.21875,0.30078125,5,1
479,2,0.2109375,0.09375,0.2890625,0.1796875,2,1
479,2,0.296875,0.08203125,0.37109375,0.171875,2,1
479,2,0.23046875,0.125,0.32421875,0.26171875,2,1
479,2,0.23046875,0.125,0.32421875,0.26171875,5,1
479,2,0.390625,0.11328125,0.45703125,0.26953125,2,1
479,2,0.390625,0.11328125,0.45703125,0.26953125,5,1
479,2,0.48828125,0.00390625,0.5390625,0.15625,1,1
479,2,0.48828125,0.00390625,0.5390625,0.15625,5,1
479,2,0.546875,0.09375,0.61328125,0.18359375,2,1
479,2,0.546875,0.09375,0.61328125,0.18359375,5,1
479,2,0.74609375,0.14453125,0.828125,0.3125,2,1
479,2,0.74609375,0.14453125,0.828125,0.3125,5,1
479,2,0.8046875,0.05859375,0.8515625,0.171875,1,1
479,3,0.83203125,0.265625,0.9609375,0.70703125,3,1
479,3,0.83203125,0.265625,0.9609375,0.70703125,1,1
479,3,0.48828125,0.1640625,0.6484375,0.5859375,1,1
479,3,0.48828125,0.1640625,0.6484375,0.5859375,3,1
479,3,0.24609375,0.24609375,0.41015625,0.69921875,1,1
479,3,0.24609375,0.24609375,0.41015625,0.69921875,3,1
479,3,0.0234375,0.26171875,0.09375,0.5703125,1,1
479,3,0.0234375,0.26171875,0.09375,0.5703125,3,1
479,3,0.109375,0.12109375,0.21875,0.30078125,2,1
479,3,0.109375,0.12109375,0.21875,0.30078125,5,1
479,3,0.2109375,0.09375,0.2890625,0.1796875,2,1
479,3,0.296875,0.08203125,0.37109375,0.171875,2,1
479,3,0.23046875,0.125,0.32421875,0.26171875,2,1
479,3,0.23046875,0.125,0.32421875,0.26171875,5,1
479,3,0.390625,0.11328125,0.45703125,0.26953125,2,1
479,3,0.390625,0.11328125,0.45703125,0.26953125,5,1
479,3,0.48828125,0.00390625,0.5390625,0.15625,1,1
479,3,0.48828125,0.00390625,0.5390625,0.15625,5,1
479,3,0.546875,0.09375,0.61328125,0.18359375,2,1
479,3,0.546875,0.09375,0.61328125,0.18359375,5,1
479,3,0.74609375,0.14453125,0.828125,0.3125,2,1
479,3,0.74609375,0.14453125,0.828125,0.3125,5,1
479,3,0.8046875,0.05859375,0.8515625,0.171875,1,1
479,4,0.83203125,0.265625,0.9609375,0.70703125,3,1
479,4,0.83203125,0.265625,0.9609375,0.70703125,1,1
479,4,0.48828125,0.1640625,0.70703125,0.58984375,1,1
479,4,0.48828125,0.1640625,0.70703125,0.58984375,3,1
479,4,0.24609375,0.24609375,0.41015625,0.69921875,1,1
479,4,0.24609375,0.24609375,0.41015625,0.69921875,3,1
479,4,0.0234375,0.26171875,0.09375,0.5703125,1,1
479,4,0.0234375,0.26171875,0.09375,0.5703125,3,1
479,4,0.109375,0.12109375,0.21875,0.30078125,2,1
479,4,0.109375,0.12109375,0.21875,0.30078125,5,1
479,4,0.2109375,0.09375,0.2890625,0.1796875,2,1
479,4,0.296875,0.08203125,0.37109375,0.171875,2,1
479,4,0.23046875,0.125,0.32421875,0.26171875,2,1
479,4,0.23046875,0.125,0.32421875,0.26171875,5,1
479,4,0.390625,0.11328125,0.45703125,0.26953125,2,1
479,4,0.390625,0.11328125,0.45703125,0.26953125,5,1
479,4,0.48828125,0.00390625,0.5390625,0.15625,1,1
479,4,0.48828125,0.00390625,0.5390625,0.15625,5,1
479,4,0.546875,0.09375,0.61328125,0.18359375,2,1
479,4,0.546875,0.09375,0.61328125,0.18359375,5,1
479,4,0.74609375,0.14453125,0.828125,0.3125,2,1
479,4,0.74609375,0.14453125,0.828125,0.3125,5,1
479,4,0.8046875,0.05859375,0.8515625,0.171875,1,1
479,5,0.83203125,0.265625,0.9609375,0.70703125,3,1
479,5,0.83203125,0.265625,0.9609375,0.70703125,1,1
479,5,0.51953125,0.19921875,0.73046875,0.6484375,1,1
479,5,0.51953125,0.19921875,0.73046875,0.6484375,3,1
479,5,0.24609375,0.24609375,0.41015625,0.69921875,1,1
479,5,0.24609375,0.24609375,0.41015625,0.69921875,3,1
479,5,0.0234375,0.26171875,0.09375,0.5703125,1,1
479,5,0.0234375,0.26171875,0.09375,0.5703125,3,1
479,5,0.109375,0.12109375,0.21875,0.30078125,2,1
479,5,0.109375,0.12109375,0.21875,0.30078125,5,1
479,5,0.2109375,0.09375,0.2890625,0.1796875,2,1
479,5,0.296875,0.08203125,0.37109375,0.171875,2,1
479,5,0.23046875,0.125,0.32421875,0.26171875,2,1
479,5,0.23046875,0.125,0.32421875,0.26171875,5,1
479,5,0.390625,0.11328125,0.45703125,0.26953125,2,1
479,5,0.390625,0.11328125,0.45703125,0.26953125,5,1
479,5,0.48828125,0.00390625,0.5390625,0.15625,1,1
479,5,0.48828125,0.00390625,0.5390625,0.15625,5,1
479,5,0.546875,0.09375,0.61328125,0.18359375,2,1
479,5,0.546875,0.09375,0.61328125,0.18359375,5,1
479,5,0.74609375,0.14453125,0.828125,0.3125,2,1
479,5,0.74609375,0.14453125,0.828125,0.3125,5,1
479,5,0.8046875,0.05859375,0.8515625,0.171875,1,1
479,6,0.83203125,0.265625,0.9609375,0.70703125,3,1
479,6,0.83203125,0.265625,0.9609375,0.70703125,1,1
479,6,0.53125,0.20703125,0.73828125,0.6875,1,1
479,6,0.53125,0.20703125,0.73828125,0.6875,3,1
479,6,0.24609375,0.24609375,0.41015625,0.69921875,1,1
479,6,0.24609375,0.24609375,0.41015625,0.69921875,3,1
479,6,0.0234375,0.26171875,0.09375,0.5703125,1,1
479,6,0.0234375,0.26171875,0.09375,0.5703125,3,1
479,6,0.109375,0.12109375,0.21875,0.30078125,2,1
479,6,0.109375,0.12109375,0.21875,0.30078125,5,1
479,6,0.2109375,0.09375,0.2890625,0.1796875,2,1
479,6,0.296875,0.08203125,0.37109375,0.171875,2,1
479,6,0.23046875,0.125,0.32421875,0.26171875,2,1
479,6,0.23046875,0.125,0.32421875,0.26171875,5,1
479,6,0.390625,0.11328125,0.45703125,0.26953125,2,1
479,6,0.390625,0.11328125,0.45703125,0.26953125,5,1
479,6,0.48828125,0.00390625,0.5390625,0.15625,1,1
479,6,0.48828125,0.00390625,0.5390625,0.15625,5,1
479,6,0.546875,0.09375,0.61328125,0.18359375,2,1
479,6,0.546875,0.09375,0.61328125,0.18359375,5,1
479,6,0.74609375,0.14453125,0.828125,0.3125,2,1
479,6,0.74609375,0.14453125,0.828125,0.3125,5,1
479,6,0.8046875,0.05859375,0.8515625,0.171875,1,1
479,7,0.83203125,0.265625,0.98046875,0.6640625,3,1
479,7,0.83203125,0.265625,0.98046875,0.6640625,1,1
479,7,0.54296875,0.21484375,0.7421875,0.703125,1,1
479,7,0.54296875,0.21484375,0.7421875,0.703125,3,1
479,7,0.24609375,0.24609375,0.41015625,0.69921875,1,1
479,7,0.24609375,0.24609375,0.41015625,0.69921875,3,1
479,7,0.0234375,0.26171875,0.09375,0.5703125,1,1
479,7,0.0234375,0.26171875,0.09375,0.5703125,3,1
479,7,0.109375,0.12109375,0.21875,0.30078125,2,1
479,7,0.109375,0.12109375,0.21875,0.30078125,5,1
479,7,0.2109375,0.09375,0.2890625,0.1796875,2,1
479,7,0.296875,0.08203125,0.37109375,0.171875,2,1
479,7,0.23046875,0.125,0.32421875,0.26171875,2,1
479,7,0.23046875,0.125,0.32421875,0.26171875,5,1
479,7,0.390625,0.11328125,0.45703125,0.26953125,2,1
479,7,0.390625,0.11328125,0.45703125,0.26953125,5,1
479,7,0.48828125,0.00390625,0.5390625,0.15625,1,1
479,7,0.48828125,0.00390625,0.5390625,0.15625,5,1
479,7,0.546875,0.09375,0.61328125,0.18359375,2,1
479,7,0.546875,0.09375,0.61328125,0.18359375,5,1
479,7,0.74609375,0.14453125,0.828125,0.3125,2,1
479,7,0.74609375,0.14453125,0.828125,0.3125,5,1
479,7,0.8046875,0.05859375,0.8515625,0.171875,1,1
480,2,0.8359375,0.25,0.96484375,0.69140625,1,1
480,2,0.8359375,0.25,0.96484375,0.69140625,3,1
480,2,0.73046875,0.16015625,0.828125,0.32421875,5,1
480,2,0.73046875,0.16015625,0.828125,0.32421875,2,1
480,2,0.53125,0.1328125,0.6328125,0.28515625,2,1
480,2,0.53125,0.1328125,0.6328125,0.28515625,5,1
480,2,0.66796875,0.10546875,0.73046875,0.21484375,2,1
480,2,0.87109375,0.203125,0.94921875,0.35546875,2,1
480,2,0.77734375,0.1328125,0.8359375,0.2265625,2,1
480,2,0.96484375,0.23828125,0.98828125,0.37890625,2,1
480,2,0.55078125,0.0859375,0.63671875,0.1796875,2,1
480,2,0.3828125,0.1328125,0.4765625,0.265625,2,1
480,2,0.41015625,0.07421875,0.4609375,0.15234375,2,1
480,2,0.41015625,0.07421875,0.4609375,0.15234375,5,1
480,2,0.30078125,0.08984375,0.359375,0.17578125,2,1
480,2,0.24609375,0.06640625,0.30078125,0.19140625,2,1
480,2,0.109375,0.14453125,0.28515625,0.3515625,1,1
480,2,0.109375,0.14453125,0.28515625,0.3515625,5,1
480,2,0.0,0.2265625,0.0625,0.46484375,1,1
480,2,0.0,0.2265625,0.0625,0.46484375,3,1
480,2,0.08984375,0.02734375,0.12890625,0.1171875,1,1
480,3,0.8359375,0.25,0.96484375,0.69140625,1,1
480,3,0.8359375,0.25,0.96484375,0.69140625,3,1
480,3,0.73046875,0.16015625,0.828125,0.32421875,5,1
480,3,0.73046875,0.16015625,0.828125,0.32421875,2,1
480,3,0.53125,0.1328125,0.6328125,0.28515625,2,1
480,3,0.53125,0.1328125,0.6328125,0.28515625,5,1
480,3,0.66796875,0.10546875,0.73046875,0.21484375,2,1
480,3,0.87109375,0.203125,0.94921875,0.35546875,2,1
480,3,0.77734375,0.1328125,0.8359375,0.2265625,2,1
480,3,0.96484375,0.23828125,0.98828125,0.37890625,2,1
480,3,0.55078125,0.0859375,0.63671875,0.1796875,2,1
480,3,0.3828125,0.1328125,0.4765625,0.265625,2,1
480,3,0.41015625,0.07421875,0.4609375,0.15234375,2,1
480,3,0.41015625,0.07421875,0.4609375,0.15234375,5,1
480,3,0.30078125,0.08984375,0.359375,0.17578125,2,1
480,3,0.24609375,0.06640625,0.30078125,0.19140625,2,1
480,3,0.109375,0.14453125,0.28515625,0.3515625,1,1
480,3,0.109375,0.14453125,0.28515625,0.3515625,5,1
480,3,0.0,0.2265625,0.0625,0.46484375,1,1
480,3,0.0,0.2265625,0.0625,0.46484375,3,1
480,3,0.08984375,0.02734375,0.12890625,0.1171875,1,1
480,4,0.8359375,0.25,0.96484375,0.69140625,1,1
480,4,0.8359375,0.25,0.96484375,0.69140625,3,1
480,4,0.73046875,0.16015625,0.828125,0.32421875,5,1
480,4,0.73046875,0.16015625,0.828125,0.32421875,2,1
480,4,0.53125,0.1328125,0.6328125,0.28515625,2,1
480,4,0.53125,0.1328125,0.6328125,0.28515625,5,1
480,4,0.66796875,0.10546875,0.73046875,0.21484375,2,1
480,4,0.87109375,0.203125,0.94921875,0.35546875,2,1
480,4,0.77734375,0.1328125,0.8359375,0.2265625,2,1
480,4,0.96484375,0.23828125,0.98828125,0.37890625,2,1
480,4,0.55078125,0.0859375,0.63671875,0.1796875,2,1
480,4,0.3828125,0.1328125,0.4765625,0.265625,2,1
480,4,0.41015625,0.07421875,0.4609375,0.15234375,2,1
480,4,0.41015625,0.07421875,0.4609375,0.15234375,5,1
480,4,0.30078125,0.08984375,0.359375,0.17578125,2,1
480,4,0.24609375,0.06640625,0.30078125,0.19140625,2,1
480,4,0.109375,0.14453125,0.28515625,0.3515625,1,1
480,4,0.109375,0.14453125,0.28515625,0.3515625,5,1
480,4,0.0,0.2265625,0.0625,0.46484375,1,1
480,4,0.0,0.2265625,0.0625,0.46484375,3,1
480,4,0.08984375,0.02734375,0.12890625,0.1171875,1,1
480,5,0.8359375,0.25,0.96484375,0.69140625,1,1
480,5,0.8359375,0.25,0.96484375,0.69140625,3,1
480,5,0.73046875,0.16015625,0.828125,0.32421875,5,1
480,5,0.73046875,0.16015625,0.828125,0.32421875,2,1
480,5,0.53125,0.1328125,0.6328125,0.28515625,2,1
480,5,0.53125,0.1328125,0.6328125,0.28515625,5,1
480,5,0.66796875,0.10546875,0.73046875,0.21484375,2,1
480,5,0.87109375,0.203125,0.94921875,0.35546875,2,1
480,5,0.77734375,0.1328125,0.8359375,0.2265625,2,1
480,5,0.96484375,0.23828125,0.98828125,0.37890625,2,1
480,5,0.55078125,0.0859375,0.63671875,0.1796875,2,1
480,5,0.3828125,0.1328125,0.4765625,0.265625,2,1
480,5,0.41015625,0.07421875,0.4609375,0.15234375,2,1
480,5,0.41015625,0.07421875,0.4609375,0.15234375,5,1
480,5,0.30078125,0.08984375,0.359375,0.17578125,2,1
480,5,0.24609375,0.06640625,0.30078125,0.19140625,2,1
480,5,0.109375,0.14453125,0.28515625,0.3515625,1,1
480,5,0.109375,0.14453125,0.28515625,0.3515625,5,1
480,5,0.0,0.2265625,0.0625,0.46484375,1,1
480,5,0.0,0.2265625,0.0625,0.46484375,3,1
480,5,0.08984375,0.02734375,0.12890625,0.1171875,1,1
480,6,0.8359375,0.25,0.96484375,0.69140625,1,1
480,6,0.8359375,0.25,0.96484375,0.69140625,3,1
480,6,0.73046875,0.16015625,0.828125,0.32421875,5,1
480,6,0.73046875,0.16015625,0.828125,0.32421875,2,1
480,6,0.53125,0.1328125,0.6328125,0.28515625,2,1
480,6,0.53125,0.1328125,0.6328125,0.28515625,5,1
480,6,0.66796875,0.10546875,0.73046875,0.21484375,2,1
480,6,0.87109375,0.203125,0.94921875,0.35546875,2,1
480,6,0.77734375,0.1328125,0.8359375,0.2265625,2,1
480,6,0.96484375,0.23828125,0.98828125,0.37890625,2,1
480,6,0.55078125,0.0859375,0.63671875,0.1796875,2,1
480,6,0.3828125,0.1328125,0.4765625,0.265625,2,1
480,6,0.41015625,0.07421875,0.4609375,0.15234375,2,1
480,6,0.41015625,0.07421875,0.4609375,0.15234375,5,1
480,6,0.30078125,0.08984375,0.359375,0.17578125,2,1
480,6,0.24609375,0.06640625,0.30078125,0.19140625,2,1
480,6,0.109375,0.14453125,0.28515625,0.3515625,1,1
480,6,0.109375,0.14453125,0.28515625,0.3515625,5,1
480,6,0.0,0.2265625,0.0625,0.46484375,1,1
480,6,0.0,0.2265625,0.0625,0.46484375,3,1
480,6,0.08984375,0.02734375,0.12890625,0.1171875,1,1
480,7,0.8359375,0.25,0.96484375,0.69140625,1,1
480,7,0.8359375,0.25,0.96484375,0.69140625,3,1
480,7,0.73046875,0.16015625,0.828125,0.32421875,5,1
480,7,0.73046875,0.16015625,0.828125,0.32421875,2,1
480,7,0.53125,0.1328125,0.6328125,0.28515625,2,1
480,7,0.53125,0.1328125,0.6328125,0.28515625,5,1
480,7,0.66796875,0.10546875,0.73046875,0.21484375,2,1
480,7,0.87109375,0.203125,0.94921875,0.35546875,2,1
480,7,0.77734375,0.1328125,0.8359375,0.2265625,2,1
480,7,0.96484375,0.23828125,0.98828125,0.37890625,2,1
480,7,0.55078125,0.0859375,0.63671875,0.1796875,2,1
480,7,0.3828125,0.1328125,0.4765625,0.265625,2,1
480,7,0.41015625,0.07421875,0.4609375,0.15234375,2,1
480,7,0.41015625,0.07421875,0.4609375,0.15234375,5,1
480,7,0.30078125,0.08984375,0.359375,0.17578125,2,1
480,7,0.24609375,0.06640625,0.30078125,0.19140625,2,1
480,7,0.109375,0.14453125,0.28515625,0.3515625,1,1
480,7,0.109375,0.14453125,0.28515625,0.3515625,5,1
480,7,0.0,0.2265625,0.0625,0.46484375,1,1
480,7,0.0,0.2265625,0.0625,0.46484375,3,1
480,7,0.08984375,0.02734375,0.12890625,0.1171875,1,1
481,2,0.8671875,0.19140625,0.94921875,0.359375,2,1
481,2,0.734375,0.1796875,0.83984375,0.32421875,2,1
481,2,0.76171875,0.125,0.82421875,0.21875,2,1
481,2,0.66796875,0.109375,0.7421875,0.20703125,2,1
481,2,0.52734375,0.11328125,0.640625,0.28515625,2,1
481,2,0.60546875,0.06640625,0.6640625,0.2109375,2,1
481,2,0.3828125,0.1484375,0.45703125,0.26171875,2,1
481,2,0.40625,0.08203125,0.45703125,0.17578125,2,1
481,2,0.21875,0.125,0.3359375,0.2734375,2,1
481,2,0.2890625,0.0703125,0.36328125,0.171875,2,1
481,2,0.109375,0.1328125,0.2109375,0.28515625,2,1
481,2,0.04296875,0.171875,0.10546875,0.30078125,2,1
481,2,0.22265625,0.01953125,0.28125,0.13671875,2,1
481,3,0.8671875,0.19140625,0.94921875,0.359375,2,1
481,3,0.734375,0.1796875,0.83984375,0.32421875,2,1
481,3,0.76171875,0.125,0.82421875,0.21875,2,1
481,3,0.66796875,0.109375,0.7421875,0.20703125,2,1
481,3,0.52734375,0.11328125,0.640625,0.28515625,2,1
481,3,0.60546875,0.06640625,0.6640625,0.2109375,2,1
481,3,0.3828125,0.1484375,0.45703125,0.26171875,2,1
481,3,0.40625,0.08203125,0.45703125,0.17578125,2,1
481,3,0.21875,0.125,0.3359375,0.2734375,2,1
481,3,0.2890625,0.0703125,0.36328125,0.171875,2,1
481,3,0.109375,0.1328125,0.2109375,0.28515625,2,1
481,3,0.04296875,0.171875,0.10546875,0.30078125,2,1
481,3,0.22265625,0.01953125,0.28125,0.13671875,2,1
481,4,0.8671875,0.19140625,0.94921875,0.359375,2,1
481,4,0.734375,0.1796875,0.83984375,0.32421875,2,1
481,4,0.76171875,0.125,0.82421875,0.21875,2,1
481,4,0.66796875,0.109375,0.7421875,0.20703125,2,1
481,4,0.52734375,0.11328125,0.640625,0.28515625,2,1
481,4,0.60546875,0.06640625,0.6640625,0.2109375,2,1
481,4,0.3828125,0.1484375,0.45703125,0.26171875,2,1
481,4,0.40625,0.08203125,0.45703125,0.17578125,2,1
481,4,0.21875,0.125,0.3359375,0.2734375,2,1
481,4,0.2890625,0.0703125,0.36328125,0.171875,2,1
481,4,0.109375,0.1328125,0.2109375,0.28515625,2,1
481,4,0.04296875,0.171875,0.10546875,0.30078125,2,1
481,4,0.22265625,0.01953125,0.28125,0.13671875,2,1
481,5,0.8671875,0.19140625,0.94921875,0.359375,2,1
481,5,0.734375,0.1796875,0.83984375,0.32421875,2,1
481,5,0.76171875,0.125,0.82421875,0.21875,2,1
481,5,0.66796875,0.109375,0.7421875,0.20703125,2,1
481,5,0.52734375,0.11328125,0.640625,0.28515625,2,1
481,5,0.60546875,0.06640625,0.6640625,0.2109375,2,1
481,5,0.3828125,0.1484375,0.45703125,0.26171875,2,1
481,5,0.40625,0.08203125,0.45703125,0.17578125,2,1
481,5,0.21875,0.125,0.3359375,0.2734375,2,1
481,5,0.2890625,0.0703125,0.36328125,0.171875,2,1
481,5,0.109375,0.1328125,0.2109375,0.28515625,2,1
481,5,0.04296875,0.171875,0.10546875,0.30078125,2,1
481,5,0.22265625,0.01953125,0.28125,0.13671875,2,1
481,6,0.8671875,0.19140625,0.94921875,0.359375,2,1
481,6,0.734375,0.1796875,0.83984375,0.32421875,2,1
481,6,0.76171875,0.125,0.82421875,0.21875,2,1
481,6,0.66796875,0.109375,0.7421875,0.20703125,2,1
481,6,0.52734375,0.11328125,0.640625,0.28515625,2,1
481,6,0.60546875,0.06640625,0.6640625,0.2109375,2,1
481,6,0.3828125,0.1484375,0.45703125,0.26171875,2,1
481,6,0.40625,0.08203125,0.45703125,0.17578125,2,1
481,6,0.21875,0.125,0.3359375,0.2734375,2,1
481,6,0.2890625,0.0703125,0.36328125,0.171875,2,1
481,6,0.109375,0.1328125,0.2109375,0.28515625,2,1
481,6,0.04296875,0.171875,0.10546875,0.30078125,2,1
481,6,0.22265625,0.01953125,0.28125,0.13671875,2,1
481,7,0.8671875,0.19140625,0.94921875,0.359375,2,1
481,7,0.734375,0.1796875,0.83984375,0.32421875,2,1
481,7,0.76171875,0.125,0.82421875,0.21875,2,1
481,7,0.66796875,0.109375,0.7421875,0.20703125,2,1
481,7,0.52734375,0.11328125,0.640625,0.28515625,2,1
481,7,0.60546875,0.06640625,0.6640625,0.2109375,2,1
481,7,0.3828125,0.1484375,0.45703125,0.26171875,2,1
481,7,0.40625,0.08203125,0.45703125,0.17578125,2,1
481,7,0.21875,0.125,0.3359375,0.2734375,2,1
481,7,0.2890625,0.0703125,0.36328125,0.171875,2,1
481,7,0.109375,0.1328125,0.2109375,0.28515625,2,1
481,7,0.04296875,0.171875,0.10546875,0.30078125,2,1
481,7,0.22265625,0.01953125,0.28125,0.13671875,2,1
482,2,0.859375,0.19140625,0.94921875,0.36328125,2,1
482,2,0.734375,0.171875,0.84375,0.32421875,2,1
482,2,0.734375,0.171875,0.84375,0.32421875,5,1
482,2,0.62890625,0.16015625,0.71484375,0.296875,2,1
482,2,0.5234375,0.140625,0.625,0.296875,2,1
482,2,0.54296875,0.078125,0.609375,0.1796875,2,1
482,2,0.95703125,0.23828125,0.9921875,0.37109375,2,1
482,2,0.76953125,0.125,0.84375,0.2265625,2,1
482,2,0.39453125,0.09375,0.4609375,0.3125,1,1
482,2,0.39453125,0.09375,0.4609375,0.3125,5,1
482,2,0.2421875,0.11328125,0.33203125,0.265625,2,1
482,2,0.2421875,0.11328125,0.33203125,0.265625,5,1
482,2,0.11328125,0.1640625,0.21484375,0.2890625,2,1
482,2,0.0,0.11328125,0.078125,0.3515625,1,1
482,2,0.0,0.11328125,0.078125,0.3515625,5,1
482,2,0.30078125,0.0703125,0.3671875,0.15234375,2,1
482,3,0.859375,0.19140625,0.94921875,0.36328125,2,1
482,3,0.734375,0.171875,0.84375,0.32421875,2,1
482,3,0.734375,0.171875,0.84375,0.32421875,5,1
482,3,0.62890625,0.16015625,0.71484375,0.296875,2,1
482,3,0.5234375,0.140625,0.625,0.296875,2,1
482,3,0.54296875,0.078125,0.609375,0.1796875,2,1
482,3,0.95703125,0.23828125,0.9921875,0.37109375,2,1
482,3,0.76953125,0.125,0.84375,0.2265625,2,1
482,3,0.39453125,0.09375,0.4609375,0.3125,1,1
482,3,0.39453125,0.09375,0.4609375,0.3125,5,1
482,3,0.2421875,0.11328125,0.33203125,0.265625,2,1
482,3,0.2421875,0.11328125,0.33203125,0.265625,5,1
482,3,0.11328125,0.1640625,0.21484375,0.2890625,2,1
482,3,0.0,0.11328125,0.078125,0.3515625,1,1
482,3,0.0,0.11328125,0.078125,0.3515625,5,1
482,3,0.30078125,0.0703125,0.3671875,0.15234375,2,1
482,4,0.859375,0.19140625,0.94921875,0.36328125,2,1
482,4,0.734375,0.171875,0.84375,0.32421875,2,1
482,4,0.734375,0.171875,0.84375,0.32421875,5,1
482,4,0.62890625,0.16015625,0.71484375,0.296875,2,1
482,4,0.5234375,0.140625,0.625,0.296875,2,1
482,4,0.54296875,0.078125,0.609375,0.1796875,2,1
482,4,0.95703125,0.23828125,0.9921875,0.37109375,2,1
482,4,0.76953125,0.125,0.84375,0.2265625,2,1
482,4,0.39453125,0.09375,0.4609375,0.3125,1,1
482,4,0.39453125,0.09375,0.4609375,0.3125,5,1
482,4,0.2421875,0.11328125,0.33203125,0.265625,2,1
482,4,0.2421875,0.11328125,0.33203125,0.265625,5,1
482,4,0.11328125,0.1640625,0.21484375,0.2890625,2,1
482,4,0.0,0.11328125,0.078125,0.3515625,1,1
482,4,0.0,0.11328125,0.078125,0.3515625,5,1
482,4,0.30078125,0.0703125,0.3671875,0.15234375,2,1
482,5,0.859375,0.19140625,0.94921875,0.36328125,2,1
482,5,0.734375,0.171875,0.84375,0.32421875,2,1
482,5,0.734375,0.171875,0.84375,0.32421875,5,1
482,5,0.62890625,0.16015625,0.71484375,0.296875,2,1
482,5,0.5234375,0.140625,0.625,0.296875,2,1
482,5,0.54296875,0.078125,0.609375,0.1796875,2,1
482,5,0.95703125,0.23828125,0.9921875,0.37109375,2,1
482,5,0.76953125,0.125,0.84375,0.2265625,2,1
482,5,0.39453125,0.09375,0.4609375,0.3125,1,1
482,5,0.39453125,0.09375,0.4609375,0.3125,5,1
482,5,0.2421875,0.11328125,0.33203125,0.265625,2,1
482,5,0.2421875,0.11328125,0.33203125,0.265625,5,1
482,5,0.11328125,0.1640625,0.21484375,0.2890625,2,1
482,5,0.0,0.11328125,0.078125,0.3515625,1,1
482,5,0.0,0.11328125,0.078125,0.3515625,5,1
482,5,0.30078125,0.0703125,0.3671875,0.15234375,2,1
482,6,0.859375,0.19140625,0.94921875,0.36328125,2,1
482,6,0.734375,0.171875,0.84375,0.32421875,2,1
482,6,0.734375,0.171875,0.84375,0.32421875,5,1
482,6,0.62890625,0.16015625,0.71484375,0.296875,2,1
482,6,0.5234375,0.140625,0.625,0.296875,2,1
482,6,0.54296875,0.078125,0.609375,0.1796875,2,1
482,6,0.95703125,0.23828125,0.9921875,0.37109375,2,1
482,6,0.76953125,0.125,0.84375,0.2265625,2,1
482,6,0.39453125,0.09375,0.4609375,0.3125,1,1
482,6,0.39453125,0.09375,0.4609375,0.3125,5,1
482,6,0.2421875,0.11328125,0.33203125,0.265625,2,1
482,6,0.2421875,0.11328125,0.33203125,0.265625,5,1
482,6,0.11328125,0.1640625,0.21484375,0.2890625,2,1
482,6,0.0,0.11328125,0.078125,0.3515625,1,1
482,6,0.0,0.11328125,0.078125,0.3515625,5,1
482,6,0.30078125,0.0703125,0.3671875,0.15234375,2,1
482,7,0.859375,0.19140625,0.94921875,0.36328125,2,1
482,7,0.734375,0.171875,0.84375,0.32421875,2,1
482,7,0.734375,0.171875,0.84375,0.32421875,5,1
482,7,0.62890625,0.16015625,0.71484375,0.296875,2,1
482,7,0.5234375,0.140625,0.625,0.296875,2,1
482,7,0.54296875,0.078125,0.609375,0.1796875,2,1
482,7,0.95703125,0.23828125,0.9921875,0.37109375,2,1
482,7,0.76953125,0.125,0.84375,0.2265625,2,1
482,7,0.39453125,0.09375,0.4609375,0.3125,1,1
482,7,0.39453125,0.09375,0.4609375,0.3125,5,1
482,7,0.2421875,0.11328125,0.33203125,0.265625,2,1
482,7,0.2421875,0.11328125,0.33203125,0.265625,5,1
482,7,0.11328125,0.1640625,0.21484375,0.2890625,2,1
482,7,0.0,0.11328125,0.078125,0.3515625,1,1
482,7,0.0,0.11328125,0.078125,0.3515625,5,1
482,7,0.30078125,0.0703125,0.3671875,0.15234375,2,1
483,2,0.2265625,0.1328125,0.35546875,0.26953125,2,1
483,2,0.21484375,0.09765625,0.28125,0.1875,2,1
483,2,0.29296875,0.0859375,0.359375,0.1640625,2,1
483,2,0.390625,0.12109375,0.45703125,0.2734375,2,1
483,2,0.390625,0.12109375,0.45703125,0.2734375,5,1
483,2,0.5234375,0.1328125,0.625,0.2734375,2,1
483,2,0.5234375,0.1328125,0.625,0.2734375,5,1
483,2,0.63671875,0.13671875,0.7265625,0.29296875,2,1
483,2,0.63671875,0.13671875,0.7265625,0.29296875,5,1
483,2,0.5390625,0.07421875,0.609375,0.1640625,2,1
483,2,0.5390625,0.07421875,0.609375,0.1640625,5,1
483,2,0.73046875,0.1796875,0.8359375,0.33984375,2,1
483,2,0.73046875,0.1796875,0.8359375,0.33984375,5,1
483,2,0.86328125,0.1875,0.94921875,0.359375,2,1
483,2,0.86328125,0.1875,0.94921875,0.359375,5,1
483,2,0.7734375,0.1328125,0.84375,0.234375,2,1
483,2,0.7734375,0.1328125,0.84375,0.234375,5,1
483,2,0.95703125,0.25390625,0.9921875,0.390625,2,1
483,2,0.6796875,0.11328125,0.7421875,0.2109375,2,1
483,3,0.2265625,0.1328125,0.35546875,0.26953125,2,1
483,3,0.21484375,0.09765625,0.28125,0.1875,2,1
483,3,0.29296875,0.0859375,0.359375,0.1640625,2,1
483,3,0.390625,0.12109375,0.45703125,0.2734375,2,1
483,3,0.390625,0.12109375,0.45703125,0.2734375,5,1
483,3,0.5234375,0.1328125,0.625,0.2734375,2,1
483,3,0.5234375,0.1328125,0.625,0.2734375,5,1
483,3,0.63671875,0.13671875,0.7265625,0.29296875,2,1
483,3,0.63671875,0.13671875,0.7265625,0.29296875,5,1
483,3,0.5390625,0.07421875,0.609375,0.1640625,2,1
483,3,0.5390625,0.07421875,0.609375,0.1640625,5,1
483,3,0.73046875,0.1796875,0.8359375,0.33984375,2,1
483,3,0.73046875,0.1796875,0.8359375,0.33984375,5,1
483,3,0.86328125,0.1875,0.94921875,0.359375,2,1
483,3,0.86328125,0.1875,0.94921875,0.359375,5,1
483,3,0.7734375,0.1328125,0.84375,0.234375,2,1
483,3,0.7734375,0.1328125,0.84375,0.234375,5,1
483,3,0.95703125,0.25390625,0.9921875,0.390625,2,1
483,3,0.6796875,0.11328125,0.7421875,0.2109375,2,1
483,4,0.2265625,0.1328125,0.35546875,0.26953125,2,1
483,4,0.21484375,0.09765625,0.28125,0.1875,2,1
483,4,0.29296875,0.0859375,0.359375,0.1640625,2,1
483,4,0.390625,0.12109375,0.45703125,0.2734375,2,1
483,4,0.390625,0.12109375,0.45703125,0.2734375,5,1
483,4,0.5234375,0.1328125,0.625,0.2734375,2,1
483,4,0.5234375,0.1328125,0.625,0.2734375,5,1
483,4,0.63671875,0.13671875,0.7265625,0.29296875,2,1
483,4,0.63671875,0.13671875,0.7265625,0.29296875,5,1
483,4,0.5390625,0.07421875,0.609375,0.1640625,2,1
483,4,0.5390625,0.07421875,0.609375,0.1640625,5,1
483,4,0.73046875,0.1796875,0.8359375,0.33984375,2,1
483,4,0.73046875,0.1796875,0.8359375,0.33984375,5,1
483,4,0.86328125,0.1875,0.94921875,0.359375,2,1
483,4,0.86328125,0.1875,0.94921875,0.359375,5,1
483,4,0.7734375,0.1328125,0.84375,0.234375,2,1
483,4,0.7734375,0.1328125,0.84375,0.234375,5,1
483,4,0.95703125,0.25390625,0.9921875,0.390625,2,1
483,4,0.6796875,0.11328125,0.7421875,0.2109375,2,1
483,5,0.2265625,0.1328125,0.35546875,0.26953125,2,1
483,5,0.21484375,0.09765625,0.28125,0.1875,2,1
483,5,0.29296875,0.0859375,0.359375,0.1640625,2,1
483,5,0.390625,0.12109375,0.45703125,0.2734375,2,1
483,5,0.390625,0.12109375,0.45703125,0.2734375,5,1
483,5,0.5234375,0.1328125,0.625,0.2734375,2,1
483,5,0.5234375,0.1328125,0.625,0.2734375,5,1
483,5,0.63671875,0.13671875,0.7265625,0.29296875,2,1
483,5,0.63671875,0.13671875,0.7265625,0.29296875,5,1
483,5,0.5390625,0.07421875,0.609375,0.1640625,2,1
483,5,0.5390625,0.07421875,0.609375,0.1640625,5,1
483,5,0.73046875,0.1796875,0.8359375,0.33984375,2,1
483,5,0.73046875,0.1796875,0.8359375,0.33984375,5,1
483,5,0.86328125,0.1875,0.94921875,0.359375,2,1
483,5,0.86328125,0.1875,0.94921875,0.359375,5,1
483,5,0.7734375,0.1328125,0.84375,0.234375,2,1
483,5,0.7734375,0.1328125,0.84375,0.234375,5,1
483,5,0.95703125,0.25390625,0.9921875,0.390625,2,1
483,5,0.6796875,0.11328125,0.7421875,0.2109375,2,1
483,6,0.2265625,0.1328125,0.35546875,0.26953125,2,1
483,6,0.21484375,0.09765625,0.28125,0.1875,2,1
483,6,0.29296875,0.0859375,0.359375,0.1640625,2,1
483,6,0.390625,0.12109375,0.45703125,0.2734375,2,1
483,6,0.390625,0.12109375,0.45703125,0.2734375,5,1
483,6,0.5234375,0.1328125,0.625,0.2734375,2,1
483,6,0.5234375,0.1328125,0.625,0.2734375,5,1
483,6,0.63671875,0.13671875,0.7265625,0.29296875,2,1
483,6,0.63671875,0.13671875,0.7265625,0.29296875,5,1
483,6,0.5390625,0.07421875,0.609375,0.1640625,2,1
483,6,0.5390625,0.07421875,0.609375,0.1640625,5,1
483,6,0.73046875,0.1796875,0.8359375,0.33984375,2,1
483,6,0.73046875,0.1796875,0.8359375,0.33984375,5,1
483,6,0.86328125,0.1875,0.94921875,0.359375,2,1
483,6,0.86328125,0.1875,0.94921875,0.359375,5,1
483,6,0.7734375,0.1328125,0.84375,0.234375,2,1
483,6,0.7734375,0.1328125,0.84375,0.234375,5,1
483,6,0.95703125,0.25390625,0.9921875,0.390625,2,1
483,6,0.6796875,0.11328125,0.7421875,0.2109375,2,1
483,7,0.2265625,0.1328125,0.35546875,0.26953125,2,1
483,7,0.21484375,0.09765625,0.28125,0.1875,2,1
483,7,0.29296875,0.0859375,0.359375,0.1640625,2,1
483,7,0.390625,0.12109375,0.45703125,0.2734375,2,1
483,7,0.390625,0.12109375,0.45703125,0.2734375,5,1
483,7,0.5234375,0.1328125,0.625,0.2734375,2,1
483,7,0.5234375,0.1328125,0.625,0.2734375,5,1
483,7,0.63671875,0.13671875,0.7265625,0.29296875,2,1
483,7,0.63671875,0.13671875,0.7265625,0.29296875,5,1
483,7,0.5390625,0.07421875,0.609375,0.1640625,2,1
483,7,0.5390625,0.07421875,0.609375,0.1640625,5,1
483,7,0.73046875,0.1796875,0.8359375,0.33984375,2,1
483,7,0.73046875,0.1796875,0.8359375,0.33984375,5,1
483,7,0.86328125,0.1875,0.94921875,0.359375,2,1
483,7,0.86328125,0.1875,0.94921875,0.359375,5,1
483,7,0.7734375,0.1328125,0.84375,0.234375,2,1
483,7,0.7734375,0.1328125,0.84375,0.234375,5,1
483,7,0.95703125,0.25390625,0.9921875,0.390625,2,1
483,7,0.6796875,0.11328125,0.7421875,0.2109375,2,1
484,2,0.21875,0.1328125,0.34375,0.28515625,2,1
484,2,0.203125,0.1015625,0.28515625,0.1875,2,1
484,2,0.203125,0.1015625,0.28515625,0.1875,5,1
484,2,0.3671875,0.1171875,0.45703125,0.27734375,2,1
484,2,0.3671875,0.1171875,0.45703125,0.27734375,5,1
484,2,0.51953125,0.140625,0.6328125,0.28125,2,1
484,2,0.51953125,0.140625,0.6328125,0.28125,5,1
484,2,0.640625,0.1484375,0.73046875,0.30859375,2,1
484,2,0.640625,0.1484375,0.73046875,0.30859375,5,1
484,2,0.765625,0.1484375,0.91796875,0.390625,5,1
484,2,0.765625,0.1484375,0.91796875,0.390625,1,1
484,2,0.66796875,0.109375,0.73828125,0.22265625,2,1
484,2,0.89453125,0.23046875,0.9609375,0.3515625,2,1
484,3,0.21875,0.1328125,0.34375,0.28515625,2,1
484,3,0.203125,0.1015625,0.28515625,0.1875,2,1
484,3,0.203125,0.1015625,0.28515625,0.1875,5,1
484,3,0.3671875,0.1171875,0.45703125,0.27734375,2,1
484,3,0.3671875,0.1171875,0.45703125,0.27734375,5,1
484,3,0.51953125,0.140625,0.6328125,0.28125,2,1
484,3,0.51953125,0.140625,0.6328125,0.28125,5,1
484,3,0.640625,0.1484375,0.73046875,0.30859375,2,1
484,3,0.640625,0.1484375,0.73046875,0.30859375,5,1
484,3,0.765625,0.1484375,0.91796875,0.390625,5,1
484,3,0.765625,0.1484375,0.91796875,0.390625,1,1
484,3,0.66796875,0.109375,0.73828125,0.22265625,2,1
484,3,0.89453125,0.23046875,0.9609375,0.3515625,2,1
484,4,0.21875,0.1328125,0.34375,0.28515625,2,1
484,4,0.203125,0.1015625,0.28515625,0.1875,2,1
484,4,0.203125,0.1015625,0.28515625,0.1875,5,1
484,4,0.3671875,0.1171875,0.45703125,0.27734375,2,1
484,4,0.3671875,0.1171875,0.45703125,0.27734375,5,1
484,4,0.51953125,0.140625,0.6328125,0.28125,2,1
484,4,0.51953125,0.140625,0.6328125,0.28125,5,1
484,4,0.640625,0.1484375,0.73046875,0.30859375,2,1
484,4,0.640625,0.1484375,0.73046875,0.30859375,5,1
484,4,0.765625,0.1484375,0.91796875,0.390625,5,1
484,4,0.765625,0.1484375,0.91796875,0.390625,1,1
484,4,0.66796875,0.109375,0.73828125,0.22265625,2,1
484,4,0.89453125,0.23046875,0.9609375,0.3515625,2,1
484,5,0.21875,0.1328125,0.34375,0.28515625,2,1
484,5,0.203125,0.1015625,0.28515625,0.1875,2,1
484,5,0.203125,0.1015625,0.28515625,0.1875,5,1
484,5,0.3671875,0.1171875,0.45703125,0.27734375,2,1
484,5,0.3671875,0.1171875,0.45703125,0.27734375,5,1
484,5,0.51953125,0.140625,0.6328125,0.28125,2,1
484,5,0.51953125,0.140625,0.6328125,0.28125,5,1
484,5,0.640625,0.1484375,0.73046875,0.30859375,2,1
484,5,0.640625,0.1484375,0.73046875,0.30859375,5,1
484,5,0.765625,0.1484375,0.91796875,0.390625,5,1
484,5,0.765625,0.1484375,0.91796875,0.390625,1,1
484,5,0.66796875,0.109375,0.73828125,0.22265625,2,1
484,5,0.89453125,0.23046875,0.9609375,0.3515625,2,1
484,6,0.21875,0.1328125,0.34375,0.28515625,2,1
484,6,0.203125,0.1015625,0.28515625,0.1875,2,1
484,6,0.203125,0.1015625,0.28515625,0.1875,5,1
484,6,0.3671875,0.1171875,0.45703125,0.27734375,2,1
484,6,0.3671875,0.1171875,0.45703125,0.27734375,5,1
484,6,0.51953125,0.140625,0.6328125,0.28125,2,1
484,6,0.51953125,0.140625,0.6328125,0.28125,5,1
484,6,0.640625,0.1484375,0.73046875,0.30859375,2,1
484,6,0.640625,0.1484375,0.73046875,0.30859375,5,1
484,6,0.765625,0.1484375,0.91796875,0.390625,5,1
484,6,0.765625,0.1484375,0.91796875,0.390625,1,1
484,6,0.66796875,0.109375,0.73828125,0.22265625,2,1
484,6,0.89453125,0.23046875,0.9609375,0.3515625,2,1
484,7,0.21875,0.1328125,0.34375,0.28515625,2,1
484,7,0.203125,0.1015625,0.28515625,0.1875,2,1
484,7,0.203125,0.1015625,0.28515625,0.1875,5,1
484,7,0.3671875,0.1171875,0.45703125,0.27734375,2,1
484,7,0.3671875,0.1171875,0.45703125,0.27734375,5,1
484,7,0.51953125,0.140625,0.6328125,0.28125,2,1
484,7,0.51953125,0.140625,0.6328125,0.28125,5,1
484,7,0.640625,0.1484375,0.73046875,0.30859375,2,1
484,7,0.640625,0.1484375,0.73046875,0.30859375,5,1
484,7,0.765625,0.1484375,0.91796875,0.390625,5,1
484,7,0.765625,0.1484375,0.91796875,0.390625,1,1
484,7,0.66796875,0.109375,0.73828125,0.22265625,2,1
484,7,0.89453125,0.23046875,0.9609375,0.3515625,2,1
485,2,0.0,0.1328125,0.14453125,0.34375,1,1
485,2,0.0,0.1328125,0.14453125,0.34375,5,1
485,2,0.12890625,0.125,0.203125,0.30859375,2,1
485,2,0.12890625,0.125,0.203125,0.30859375,5,1
485,2,0.234375,0.09765625,0.3671875,0.28125,2,1
485,2,0.234375,0.09765625,0.3671875,0.28125,5,1
485,2,0.54296875,0.0859375,0.61328125,0.1796875,2,1
485,2,0.54296875,0.0859375,0.61328125,0.1796875,5,1
485,2,0.62890625,0.15234375,0.73046875,0.3046875,2,1
485,2,0.62890625,0.15234375,0.73046875,0.3046875,5,1
485,2,0.6796875,0.12109375,0.73828125,0.2109375,2,1
485,2,0.6796875,0.12109375,0.73828125,0.2109375,5,1
485,2,0.75390625,0.1328125,0.8203125,0.23046875,2,1
485,2,0.75390625,0.1328125,0.8203125,0.23046875,5,1
485,2,0.91796875,0.1328125,0.97265625,0.26171875,2,1
485,2,0.91796875,0.1328125,0.97265625,0.26171875,5,1
485,2,0.8203125,0.15625,0.87109375,0.23828125,2,1
485,2,0.8203125,0.15625,0.87109375,0.23828125,5,1
485,3,0.0,0.1328125,0.14453125,0.34375,1,1
485,3,0.0,0.1328125,0.14453125,0.34375,5,1
485,3,0.12890625,0.125,0.203125,0.3046875,2,1
485,3,0.12890625,0.125,0.203125,0.3046875,5,1
485,3,0.234375,0.09765625,0.3671875,0.28125,2,1
485,3,0.234375,0.09765625,0.3671875,0.28125,5,1
485,3,0.54296875,0.0859375,0.61328125,0.1796875,2,1
485,3,0.54296875,0.0859375,0.61328125,0.1796875,5,1
485,3,0.62890625,0.15234375,0.73046875,0.3046875,2,1
485,3,0.62890625,0.15234375,0.73046875,0.3046875,5,1
485,3,0.6796875,0.12109375,0.73828125,0.2109375,2,1
485,3,0.6796875,0.12109375,0.73828125,0.2109375,5,1
485,3,0.75390625,0.1328125,0.8203125,0.23046875,2,1
485,3,0.75390625,0.1328125,0.8203125,0.23046875,5,1
485,3,0.91796875,0.1328125,0.97265625,0.26171875,2,1
485,3,0.91796875,0.1328125,0.97265625,0.26171875,5,1
485,3,0.8203125,0.15625,0.87109375,0.23828125,2,1
485,3,0.8203125,0.15625,0.87109375,0.23828125,5,1
485,4,0.0,0.1328125,0.14453125,0.34375,1,1
485,4,0.0,0.1328125,0.14453125,0.34375,5,1
485,4,0.12890625,0.125,0.203125,0.3046875,2,1
485,4,0.12890625,0.125,0.203125,0.3046875,5,1
485,4,0.234375,0.09765625,0.3671875,0.28125,2,1
485,4,0.234375,0.09765625,0.3671875,0.28125,5,1
485,4,0.54296875,0.0859375,0.61328125,0.1796875,2,1
485,4,0.54296875,0.0859375,0.61328125,0.1796875,5,1
485,4,0.62890625,0.15234375,0.73046875,0.3046875,2,1
485,4,0.62890625,0.15234375,0.73046875,0.3046875,5,1
485,4,0.6796875,0.12109375,0.73828125,0.2109375,2,1
485,4,0.6796875,0.12109375,0.73828125,0.2109375,5,1
485,4,0.75390625,0.1328125,0.8203125,0.23046875,2,1
485,4,0.75390625,0.1328125,0.8203125,0.23046875,5,1
485,4,0.91796875,0.1328125,0.97265625,0.26171875,2,1
485,4,0.91796875,0.1328125,0.97265625,0.26171875,5,1
485,4,0.8203125,0.15625,0.87109375,0.23828125,2,1
485,4,0.8203125,0.15625,0.87109375,0.23828125,5,1
485,5,0.0,0.1328125,0.14453125,0.34375,1,1
485,5,0.0,0.1328125,0.14453125,0.34375,5,1
485,5,0.12890625,0.125,0.203125,0.3046875,2,1
485,5,0.12890625,0.125,0.203125,0.3046875,5,1
485,5,0.234375,0.09765625,0.3671875,0.28125,2,1
485,5,0.234375,0.09765625,0.3671875,0.28125,5,1
485,5,0.54296875,0.0859375,0.61328125,0.1796875,2,1
485,5,0.54296875,0.0859375,0.61328125,0.1796875,5,1
485,5,0.62890625,0.15234375,0.73046875,0.3046875,2,1
485,5,0.62890625,0.15234375,0.73046875,0.3046875,5,1
485,5,0.6796875,0.12109375,0.73828125,0.2109375,2,1
485,5,0.6796875,0.12109375,0.73828125,0.2109375,5,1
485,5,0.75390625,0.1328125,0.8203125,0.23046875,2,1
485,5,0.75390625,0.1328125,0.8203125,0.23046875,5,1
485,5,0.91796875,0.1328125,0.97265625,0.26171875,2,1
485,5,0.91796875,0.1328125,0.97265625,0.26171875,5,1
485,5,0.8203125,0.15625,0.87109375,0.23828125,2,1
485,5,0.8203125,0.15625,0.87109375,0.23828125,5,1
485,6,0.0,0.1328125,0.14453125,0.34375,1,1
485,6,0.0,0.1328125,0.14453125,0.34375,5,1
485,6,0.12890625,0.125,0.203125,0.3046875,2,1
485,6,0.12890625,0.125,0.203125,0.3046875,5,1
485,6,0.234375,0.09765625,0.3671875,0.28125,2,1
485,6,0.234375,0.09765625,0.3671875,0.28125,5,1
485,6,0.54296875,0.0859375,0.61328125,0.1796875,2,1
485,6,0.54296875,0.0859375,0.61328125,0.1796875,5,1
485,6,0.62890625,0.15234375,0.73046875,0.3046875,2,1
485,6,0.62890625,0.15234375,0.73046875,0.3046875,5,1
485,6,0.6796875,0.12109375,0.73828125,0.2109375,2,1
485,6,0.6796875,0.12109375,0.73828125,0.2109375,5,1
485,6,0.75390625,0.1328125,0.8203125,0.23046875,2,1
485,6,0.75390625,0.1328125,0.8203125,0.23046875,5,1
485,6,0.91796875,0.1328125,0.97265625,0.26171875,2,1
485,6,0.91796875,0.1328125,0.97265625,0.26171875,5,1
485,6,0.8203125,0.15625,0.87109375,0.23828125,2,1
485,6,0.8203125,0.15625,0.87109375,0.23828125,5,1
485,7,0.0,0.1328125,0.14453125,0.34375,1,1
485,7,0.0,0.1328125,0.14453125,0.34375,5,1
485,7,0.12890625,0.125,0.203125,0.3046875,2,1
485,7,0.12890625,0.125,0.203125,0.3046875,5,1
485,7,0.234375,0.09765625,0.3671875,0.28125,2,1
485,7,0.234375,0.09765625,0.3671875,0.28125,5,1
485,7,0.54296875,0.0859375,0.61328125,0.1796875,2,1
485,7,0.54296875,0.0859375,0.61328125,0.1796875,5,1
485,7,0.62890625,0.15234375,0.73046875,0.3046875,2,1
485,7,0.62890625,0.15234375,0.73046875,0.3046875,5,1
485,7,0.6796875,0.12109375,0.73828125,0.2109375,2,1
485,7,0.6796875,0.12109375,0.73828125,0.2109375,5,1
485,7,0.75390625,0.1328125,0.8203125,0.23046875,2,1
485,7,0.75390625,0.1328125,0.8203125,0.23046875,5,1
485,7,0.91796875,0.1328125,0.97265625,0.26171875,2,1
485,7,0.91796875,0.1328125,0.97265625,0.26171875,5,1
485,7,0.8203125,0.15625,0.87109375,0.23828125,2,1
485,7,0.8203125,0.15625,0.87109375,0.23828125,5,1
486,2,0.19140625,0.1328125,0.40234375,0.4296875,2,1
486,2,0.19140625,0.1328125,0.40234375,0.4296875,5,1
486,2,0.10546875,0.21875,0.1953125,0.64453125,1,1
486,2,0.10546875,0.21875,0.1953125,0.64453125,3,1
486,2,0.87890625,0.26953125,0.9921875,0.57421875,1,1
486,2,0.87890625,0.26953125,0.9921875,0.57421875,3,1
486,3,0.8671875,0.2578125,0.9921875,0.58203125,1,1
486,3,0.8671875,0.2578125,0.9921875,0.58203125,3,1
486,3,0.1796875,0.1328125,0.39453125,0.4140625,1,1
486,3,0.109375,0.21875,0.17578125,0.66015625,1,1
486,3,0.109375,0.21875,0.17578125,0.66015625,3,1
486,4,0.8671875,0.265625,0.9921875,0.578125,1,1
486,4,0.8671875,0.265625,0.9921875,0.578125,3,1
486,4,0.17578125,0.140625,0.3984375,0.421875,1,1
486,4,0.09765625,0.21875,0.18359375,0.65625,1,1
486,4,0.09765625,0.21875,0.18359375,0.65625,3,1
486,5,0.09765625,0.22265625,0.1875,0.65625,1,1
486,5,0.09765625,0.22265625,0.1875,0.65625,3,1
486,5,0.87109375,0.25390625,0.9921875,0.59765625,1,1
486,5,0.87109375,0.25390625,0.9921875,0.59765625,3,1
486,5,0.1875,0.15234375,0.39453125,0.4296875,1,1
486,5,0.1875,0.15234375,0.39453125,0.4296875,3,1
486,6,0.17578125,0.1328125,0.39453125,0.43359375,3,1
486,6,0.17578125,0.1328125,0.39453125,0.43359375,1,1
486,6,0.10546875,0.21484375,0.18359375,0.65234375,1,1
486,6,0.10546875,0.21484375,0.18359375,0.65234375,3,1
486,6,0.8671875,0.27734375,0.9921875,0.5859375,1,1
486,6,0.8671875,0.27734375,0.9921875,0.5859375,3,1
486,7,0.8671875,0.26953125,0.9921875,0.57421875,3,1
486,7,0.8671875,0.26953125,0.9921875,0.57421875,1,1
486,7,0.1875,0.140625,0.40234375,0.4375,1,1
486,7,0.1875,0.140625,0.40234375,0.4375,3,1
486,7,0.09765625,0.2109375,0.1875,0.65234375,1,1
486,7,0.09765625,0.2109375,0.1875,0.65234375,3,1
487,2,0.0,0.08984375,0.06640625,0.234375,1,1
487,3,0.0,0.09765625,0.0703125,0.21875,1,1
487,3,0.0,0.09765625,0.0703125,0.21875,5,1
487,4,0.0,0.09375,0.05859375,0.20703125,1,1
487,4,0.0,0.09375,0.05859375,0.20703125,5,1
487,5,0.0,0.07421875,0.06640625,0.2109375,1,1
487,6,0.00390625,0.08203125,0.078125,0.20703125,1,1
487,7,0.00390625,0.0859375,0.08203125,0.19140625,1,1
488,2,0.0859375,0.0234375,0.16015625,0.15625,1,1
488,2,0.85546875,0.09375,0.94140625,0.19140625,1,1
488,3,0.8515625,0.1015625,0.9375,0.19140625,1,1
488,3,0.08203125,0.01953125,0.16015625,0.13671875,1,1
488,4,0.0859375,0.01953125,0.15625,0.140625,1,1
488,4,0.8515625,0.0859375,0.9296875,0.18359375,1,1
488,5,0.85546875,0.09375,0.9375,0.1875,1,1
488,5,0.0859375,0.03125,0.16015625,0.12890625,1,1
488,6,0.0859375,0.02734375,0.1640625,0.1328125,1,1
488,6,0.859375,0.08203125,0.9296875,0.19140625,1,1
488,7,0.8515625,0.08984375,0.93359375,0.19140625,1,1
488,7,0.0859375,0.03515625,0.1640625,0.140625,1,1
489,2,0.0,0.1796875,0.046875,0.3515625,1,1
489,2,0.09765625,0.09375,0.17578125,0.33203125,1,1
489,2,0.0078125,0.07421875,0.046875,0.19921875,1,1
489,2,0.25390625,0.109375,0.33203125,0.27734375,2,1
489,2,0.25390625,0.109375,0.33203125,0.27734375,5,1
489,2,0.4140625,0.078125,0.4609375,0.1875,2,1
489,2,0.4140625,0.078125,0.4609375,0.1875,5,1
489,2,0.55078125,0.08203125,0.609375,0.20703125,2,1
489,2,0.55078125,0.08203125,0.609375,0.20703125,5,1
489,2,0.671875,0.11328125,0.73828125,0.21875,2,1
489,2,0.671875,0.11328125,0.73828125,0.21875,5,1
489,2,0.30078125,0.0703125,0.35546875,0.16796875,2,1
489,2,0.30078125,0.0703125,0.35546875,0.16796875,5,1
489,2,0.203125,0.09375,0.2578125,0.20703125,5,1
489,2,0.203125,0.09375,0.2578125,0.20703125,2,1
489,2,0.12109375,0.0,0.18359375,0.0859375,1,1
489,2,0.1796875,0.0078125,0.23046875,0.078125,1,1
489,2,0.7578125,0.0625,0.82421875,0.21875,1,1
489,2,0.74609375,0.21484375,0.93359375,0.56640625,1,1
489,2,0.9375,0.3125,0.9921875,0.5625,1,1
489,2,0.875,0.19921875,0.94140625,0.3515625,2,1
489,3,0.0,0.1796875,0.046875,0.3515625,1,1
489,3,0.09765625,0.09375,0.17578125,0.33203125,1,1
489,3,0.0078125,0.07421875,0.046875,0.19921875,1,1
489,3,0.25390625,0.109375,0.33203125,0.27734375,2,1
489,3,0.25390625,0.109375,0.33203125,0.27734375,5,1
489,3,0.4140625,0.078125,0.4609375,0.1875,2,1
489,3,0.4140625,0.078125,0.4609375,0.1875,5,1
489,3,0.55078125,0.08203125,0.609375,0.20703125,2,1
489,3,0.55078125,0.08203125,0.609375,0.20703125,5,1
489,3,0.671875,0.11328125,0.73828125,0.21875,2,1
489,3,0.671875,0.11328125,0.73828125,0.21875,5,1
489,3,0.30078125,0.0703125,0.35546875,0.16796875,2,1
489,3,0.30078125,0.0703125,0.35546875,0.16796875,5,1
489,3,0.203125,0.09375,0.2578125,0.20703125,5,1
489,3,0.203125,0.09375,0.2578125,0.20703125,2,1
489,3,0.12109375,0.0,0.18359375,0.0859375,1,1
489,3,0.1796875,0.0078125,0.23046875,0.078125,1,1
489,3,0.7578125,0.0625,0.82421875,0.21875,1,1
489,3,0.74609375,0.21484375,0.93359375,0.56640625,1,1
489,3,0.9375,0.3125,0.9921875,0.5625,1,1
489,3,0.875,0.19921875,0.94140625,0.3515625,2,1
489,4,0.0,0.1796875,0.046875,0.3515625,1,1
489,4,0.09765625,0.09375,0.17578125,0.33203125,1,1
489,4,0.0078125,0.07421875,0.046875,0.19921875,1,1
489,4,0.25390625,0.109375,0.33203125,0.27734375,2,1
489,4,0.25390625,0.109375,0.33203125,0.27734375,5,1
489,4,0.4140625,0.078125,0.4609375,0.1875,2,1
489,4,0.4140625,0.078125,0.4609375,0.1875,5,1
489,4,0.55078125,0.08203125,0.609375,0.20703125,2,1
489,4,0.55078125,0.08203125,0.609375,0.20703125,5,1
489,4,0.671875,0.11328125,0.73828125,0.21875,2,1
489,4,0.671875,0.11328125,0.73828125,0.21875,5,1
489,4,0.30078125,0.0703125,0.35546875,0.16796875,2,1
489,4,0.30078125,0.0703125,0.35546875,0.16796875,5,1
489,4,0.203125,0.09375,0.2578125,0.20703125,5,1
489,4,0.203125,0.09375,0.2578125,0.20703125,2,1
489,4,0.12109375,0.0,0.18359375,0.0859375,1,1
489,4,0.1796875,0.0078125,0.23046875,0.078125,1,1
489,4,0.7578125,0.0625,0.82421875,0.21875,1,1
489,4,0.765625,0.2265625,0.95703125,0.58984375,1,1
489,4,0.9375,0.3125,0.9921875,0.5625,1,1
489,4,0.875,0.19921875,0.94140625,0.3515625,2,1
489,5,0.0,0.1796875,0.046875,0.3515625,1,1
489,5,0.09765625,0.09375,0.17578125,0.33203125,1,1
489,5,0.0078125,0.07421875,0.046875,0.19921875,1,1
489,5,0.25390625,0.109375,0.33203125,0.27734375,2,1
489,5,0.25390625,0.109375,0.33203125,0.27734375,5,1
489,5,0.4140625,0.078125,0.4609375,0.1875,2,1
489,5,0.4140625,0.078125,0.4609375,0.1875,5,1
489,5,0.55078125,0.08203125,0.609375,0.20703125,2,1
489,5,0.55078125,0.08203125,0.609375,0.20703125,5,1
489,5,0.671875,0.11328125,0.73828125,0.21875,2,1
489,5,0.671875,0.11328125,0.73828125,0.21875,5,1
489,5,0.30078125,0.0703125,0.35546875,0.16796875,2,1
489,5,0.30078125,0.0703125,0.35546875,0.16796875,5,1
489,5,0.203125,0.09375,0.2578125,0.20703125,5,1
489,5,0.203125,0.09375,0.2578125,0.20703125,2,1
489,5,0.12109375,0.0,0.18359375,0.0859375,1,1
489,5,0.1796875,0.0078125,0.23046875,0.078125,1,1
489,5,0.7578125,0.0625,0.82421875,0.21875,1,1
489,5,0.765625,0.23046875,0.97265625,0.6328125,1,1
489,5,0.9375,0.3125,0.9921875,0.5625,1,1
489,5,0.875,0.19921875,0.94140625,0.3515625,2,1
489,6,0.0,0.1796875,0.046875,0.3515625,1,1
489,6,0.09765625,0.09375,0.17578125,0.33203125,1,1
489,6,0.0078125,0.07421875,0.046875,0.19921875,1,1
489,6,0.25390625,0.109375,0.33203125,0.27734375,2,1
489,6,0.25390625,0.109375,0.33203125,0.27734375,5,1
489,6,0.4140625,0.078125,0.4609375,0.1875,2,1
489,6,0.4140625,0.078125,0.4609375,0.1875,5,1
489,6,0.55078125,0.08203125,0.609375,0.20703125,2,1
489,6,0.55078125,0.08203125,0.609375,0.20703125,5,1
489,6,0.671875,0.11328125,0.73828125,0.21875,2,1
489,6,0.671875,0.11328125,0.73828125,0.21875,5,1
489,6,0.30078125,0.0703125,0.35546875,0.16796875,2,1
489,6,0.30078125,0.0703125,0.35546875,0.16796875,5,1
489,6,0.203125,0.09375,0.2578125,0.20703125,5,1
489,6,0.203125,0.09375,0.2578125,0.20703125,2,1
489,6,0.12109375,0.0,0.18359375,0.0859375,1,1
489,6,0.1796875,0.0078125,0.23046875,0.078125,1,1
489,6,0.7578125,0.0625,0.82421875,0.21875,1,1
489,6,0.78125,0.2421875,0.96875,0.6875,1,1
489,6,0.9375,0.3125,0.9921875,0.5625,1,1
489,6,0.875,0.19921875,0.94140625,0.3515625,2,1
489,7,0.0,0.1796875,0.046875,0.3515625,1,1
489,7,0.09765625,0.09375,0.17578125,0.33203125,1,1
489,7,0.0078125,0.07421875,0.046875,0.19921875,1,1
489,7,0.25390625,0.109375,0.33203125,0.27734375,2,1
489,7,0.25390625,0.109375,0.33203125,0.27734375,5,1
489,7,0.4140625,0.078125,0.4609375,0.1875,2,1
489,7,0.4140625,0.078125,0.4609375,0.1875,5,1
489,7,0.55078125,0.08203125,0.609375,0.20703125,2,1
489,7,0.55078125,0.08203125,0.609375,0.20703125,5,1
489,7,0.671875,0.11328125,0.73828125,0.21875,2,1
489,7,0.671875,0.11328125,0.73828125,0.21875,5,1
489,7,0.30078125,0.0703125,0.35546875,0.16796875,2,1
489,7,0.30078125,0.0703125,0.35546875,0.16796875,5,1
489,7,0.203125,0.09375,0.2578125,0.20703125,5,1
489,7,0.203125,0.09375,0.2578125,0.20703125,2,1
489,7,0.12109375,0.0,0.18359375,0.0859375,1,1
489,7,0.1796875,0.0078125,0.23046875,0.078125,1,1
489,7,0.7578125,0.0625,0.82421875,0.21875,1,1
489,7,0.79296875,0.234375,0.95703125,0.69921875,1,1
489,7,0.9375,0.3125,0.9921875,0.5625,1,1
489,7,0.875,0.19921875,0.94140625,0.3515625,2,1
490,2,0.62890625,0.0625,0.73828125,0.35546875,1,1
490,2,0.48828125,0.2109375,0.6484375,0.66015625,1,1
490,2,0.48828125,0.2109375,0.6484375,0.66015625,2,1
490,2,0.10546875,0.203125,0.2890625,0.578125,1,1
490,2,0.10546875,0.203125,0.2890625,0.578125,3,1
490,2,0.38671875,0.109375,0.45703125,0.27734375,2,1
490,2,0.38671875,0.109375,0.45703125,0.27734375,5,1
490,2,0.875,0.203125,0.94921875,0.36328125,2,1
490,2,0.8203125,0.0859375,0.890625,0.17578125,1,1
490,2,0.9609375,0.23046875,0.9921875,0.375,2,1
490,2,0.55078125,0.06640625,0.6171875,0.2578125,1,1
490,2,0.27734375,0.0078125,0.41015625,0.1640625,1,1
490,2,0.19921875,0.015625,0.2578125,0.140625,1,1
490,2,0.03515625,0.08984375,0.10546875,0.33203125,1,1
490,2,0.11328125,0.12109375,0.20703125,0.28515625,2,1
490,2,0.11328125,0.12109375,0.20703125,0.28515625,5,1
490,2,0.25390625,0.11328125,0.33203125,0.26953125,2,1
490,2,0.25390625,0.11328125,0.33203125,0.26953125,5,1
490,2,0.11328125,0.03515625,0.19921875,0.109375,1,1
490,3,0.62890625,0.0625,0.73828125,0.35546875,1,1
490,3,0.5078125,0.2109375,0.65625,0.6171875,1,1
490,3,0.5078125,0.2109375,0.65625,0.6171875,2,1
490,3,0.10546875,0.203125,0.2890625,0.578125,1,1
490,3,0.10546875,0.203125,0.2890625,0.578125,3,1
490,3,0.38671875,0.109375,0.45703125,0.27734375,2,1
490,3,0.38671875,0.109375,0.45703125,0.27734375,5,1
490,3,0.875,0.203125,0.94921875,0.36328125,5,1
490,3,0.875,0.203125,0.94921875,0.36328125,2,1
490,3,0.8203125,0.0859375,0.890625,0.17578125,1,1
490,3,0.9609375,0.23046875,0.9921875,0.375,2,1
490,3,0.55078125,0.06640625,0.6171875,0.2578125,1,1
490,3,0.27734375,0.0078125,0.41015625,0.1640625,1,1
490,3,0.19921875,0.015625,0.2578125,0.140625,1,1
490,3,0.03515625,0.08984375,0.10546875,0.33203125,1,1
490,3,0.11328125,0.12109375,0.20703125,0.28515625,2,1
490,3,0.11328125,0.12109375,0.20703125,0.28515625,5,1
490,3,0.25390625,0.11328125,0.33203125,0.26953125,2,1
490,3,0.25390625,0.11328125,0.33203125,0.26953125,5,1
490,3,0.11328125,0.03515625,0.19921875,0.109375,1,1
490,4,0.62890625,0.0625,0.73828125,0.35546875,1,1
490,4,0.48046875,0.2109375,0.6484375,0.609375,1,1
490,4,0.48046875,0.2109375,0.6484375,0.609375,2,1
490,4,0.10546875,0.203125,0.2890625,0.578125,1,1
490,4,0.10546875,0.203125,0.2890625,0.578125,3,1
490,4,0.38671875,0.109375,0.45703125,0.27734375,2,1
490,4,0.38671875,0.109375,0.45703125,0.27734375,5,1
490,4,0.875,0.203125,0.94921875,0.36328125,5,1
490,4,0.875,0.203125,0.94921875,0.36328125,2,1
490,4,0.8203125,0.0859375,0.890625,0.17578125,1,1
490,4,0.9609375,0.23046875,0.9921875,0.375,2,1
490,4,0.55078125,0.06640625,0.6171875,0.2578125,1,1
490,4,0.27734375,0.0078125,0.41015625,0.1640625,1,1
490,4,0.19921875,0.015625,0.2578125,0.140625,1,1
490,4,0.03515625,0.08984375,0.10546875,0.33203125,1,1
490,4,0.11328125,0.12109375,0.20703125,0.28515625,2,1
490,4,0.11328125,0.12109375,0.20703125,0.28515625,5,1
490,4,0.25390625,0.11328125,0.33203125,0.26953125,2,1
490,4,0.25390625,0.11328125,0.33203125,0.26953125,5,1
490,4,0.1640625,0.01171875,0.19921875,0.109375,1,1
490,5,0.62890625,0.0625,0.73828125,0.35546875,1,1
490,5,0.47265625,0.2109375,0.66015625,0.609375,1,1
490,5,0.47265625,0.2109375,0.66015625,0.609375,2,1
490,5,0.10546875,0.203125,0.2890625,0.578125,1,1
490,5,0.10546875,0.203125,0.2890625,0.578125,3,1
490,5,0.38671875,0.109375,0.45703125,0.27734375,2,1
490,5,0.38671875,0.109375,0.45703125,0.27734375,5,1
490,5,0.875,0.203125,0.94921875,0.36328125,5,1
490,5,0.875,0.203125,0.94921875,0.36328125,2,1
490,5,0.8203125,0.0859375,0.890625,0.17578125,1,1
490,5,0.9609375,0.23046875,0.9921875,0.375,2,1
490,5,0.55078125,0.06640625,0.6171875,0.2578125,1,1
490,5,0.27734375,0.0078125,0.41015625,0.1640625,1,1
490,5,0.19921875,0.015625,0.2578125,0.140625,1,1
490,5,0.03515625,0.08984375,0.10546875,0.33203125,1,1
490,5,0.11328125,0.12109375,0.20703125,0.28515625,2,1
490,5,0.11328125,0.12109375,0.20703125,0.28515625,5,1
490,5,0.25390625,0.11328125,0.33203125,0.26953125,2,1
490,5,0.25390625,0.11328125,0.33203125,0.26953125,5,1
490,5,0.0859375,0.03515625,0.171875,0.109375,1,1
490,6,0.62890625,0.0625,0.73828125,0.35546875,1,1
490,6,0.44921875,0.2109375,0.66015625,0.61328125,1,1
490,6,0.44921875,0.2109375,0.66015625,0.61328125,2,1
490,6,0.10546875,0.203125,0.2890625,0.578125,1,1
490,6,0.10546875,0.203125,0.2890625,0.578125,3,1
490,6,0.38671875,0.109375,0.45703125,0.27734375,2,1
490,6,0.38671875,0.109375,0.45703125,0.27734375,5,1
490,6,0.875,0.203125,0.94921875,0.36328125,5,1
490,6,0.875,0.203125,0.94921875,0.36328125,2,1
490,6,0.8203125,0.0859375,0.890625,0.17578125,1,1
490,6,0.9609375,0.23046875,0.9921875,0.375,2,1
490,6,0.55078125,0.06640625,0.6171875,0.2578125,1,1
490,6,0.27734375,0.0078125,0.41015625,0.1640625,1,1
490,6,0.19921875,0.015625,0.2578125,0.140625,1,1
490,6,0.03515625,0.08984375,0.10546875,0.33203125,1,1
490,6,0.11328125,0.12109375,0.20703125,0.28515625,2,1
490,6,0.11328125,0.12109375,0.20703125,0.28515625,5,1
490,6,0.25390625,0.11328125,0.33203125,0.26953125,2,1
490,6,0.25390625,0.11328125,0.33203125,0.26953125,5,1
490,6,0.08984375,0.03515625,0.17578125,0.109375,1,1
490,7,0.62890625,0.0625,0.73828125,0.35546875,1,1
490,7,0.453125,0.2109375,0.66015625,0.609375,1,1
490,7,0.453125,0.2109375,0.66015625,0.609375,2,1
490,7,0.10546875,0.203125,0.2890625,0.578125,1,1
490,7,0.10546875,0.203125,0.2890625,0.578125,3,1
490,7,0.38671875,0.109375,0.45703125,0.27734375,2,1
490,7,0.38671875,0.109375,0.45703125,0.27734375,5,1
490,7,0.875,0.203125,0.94921875,0.36328125,5,1
490,7,0.875,0.203125,0.94921875,0.36328125,2,1
490,7,0.8203125,0.0859375,0.890625,0.17578125,1,1
490,7,0.9609375,0.23046875,0.9921875,0.375,2,1
490,7,0.55078125,0.06640625,0.6171875,0.2578125,1,1
490,7,0.27734375,0.0078125,0.41015625,0.1640625,1,1
490,7,0.19921875,0.015625,0.2578125,0.140625,1,1
490,7,0.03515625,0.08984375,0.10546875,0.33203125,1,1
490,7,0.11328125,0.12109375,0.20703125,0.28515625,2,1
490,7,0.11328125,0.12109375,0.20703125,0.28515625,5,1
490,7,0.25390625,0.11328125,0.33203125,0.26953125,2,1
490,7,0.25390625,0.11328125,0.33203125,0.26953125,5,1
490,7,0.08984375,0.03515625,0.17578125,0.109375,1,1
490,5,0.17578125,0.01171875,0.20703125,0.1171875,1,1
490,6,0.18359375,0.0,0.2109375,0.1015625,1,1
490,7,0.18359375,0.0,0.203125,0.09375,1,1
491,2,0.38671875,0.0,0.51171875,0.10546875,1,1
491,2,0.38671875,0.0,0.51171875,0.10546875,5,1
491,2,0.1953125,0.0,0.29296875,0.11328125,1,1
491,2,0.1953125,0.0,0.29296875,0.11328125,5,1
491,2,0.14453125,0.046875,0.203125,0.15234375,1,1
491,2,0.14453125,0.046875,0.203125,0.15234375,5,1
491,2,0.0234375,0.07421875,0.09765625,0.15625,1,1
491,2,0.10546875,0.046875,0.1328125,0.140625,1,1
491,2,0.140625,0.0078125,0.1640625,0.0703125,1,1
491,2,0.171875,0.0078125,0.19921875,0.08203125,1,1
491,3,0.38671875,0.0,0.51171875,0.10546875,1,1
491,3,0.38671875,0.0,0.51171875,0.10546875,5,1
491,3,0.1953125,0.0,0.29296875,0.11328125,1,1
491,3,0.1953125,0.0,0.29296875,0.11328125,5,1
491,3,0.14453125,0.046875,0.203125,0.15234375,1,1
491,3,0.14453125,0.046875,0.203125,0.15234375,5,1
491,3,0.0234375,0.07421875,0.09765625,0.15625,1,1
491,3,0.10546875,0.046875,0.1328125,0.140625,1,1
491,3,0.140625,0.0078125,0.1640625,0.0703125,1,1
491,3,0.171875,0.0078125,0.19921875,0.08203125,1,1
491,4,0.38671875,0.0,0.51171875,0.10546875,1,1
491,4,0.38671875,0.0,0.51171875,0.10546875,5,1
491,4,0.1953125,0.0,0.29296875,0.11328125,1,1
491,4,0.1953125,0.0,0.29296875,0.11328125,5,1
491,4,0.14453125,0.046875,0.203125,0.15234375,1,1
491,4,0.14453125,0.046875,0.203125,0.15234375,5,1
491,4,0.0234375,0.07421875,0.09765625,0.15625,1,1
491,4,0.10546875,0.046875,0.1328125,0.140625,1,1
491,4,0.140625,0.0078125,0.1640625,0.0703125,1,1
491,4,0.171875,0.0078125,0.19921875,0.08203125,1,1
491,5,0.38671875,0.0,0.51171875,0.10546875,1,1
491,5,0.38671875,0.0,0.51171875,0.10546875,5,1
491,5,0.1953125,0.0,0.29296875,0.11328125,1,1
491,5,0.1953125,0.0,0.29296875,0.11328125,5,1
491,5,0.14453125,0.046875,0.203125,0.15234375,1,1
491,5,0.14453125,0.046875,0.203125,0.15234375,5,1
491,5,0.0234375,0.07421875,0.09765625,0.15625,1,1
491,5,0.10546875,0.046875,0.1328125,0.140625,1,1
491,5,0.140625,0.0078125,0.1640625,0.0703125,1,1
491,5,0.171875,0.0078125,0.19921875,0.08203125,1,1
491,6,0.38671875,0.0,0.51171875,0.10546875,1,1
491,6,0.38671875,0.0,0.51171875,0.10546875,5,1
491,6,0.1953125,0.0,0.29296875,0.11328125,1,1
491,6,0.1953125,0.0,0.29296875,0.11328125,5,1
491,6,0.14453125,0.046875,0.203125,0.15234375,1,1
491,6,0.14453125,0.046875,0.203125,0.15234375,5,1
491,6,0.0234375,0.07421875,0.09765625,0.15625,1,1
491,6,0.10546875,0.046875,0.1328125,0.140625,1,1
491,6,0.140625,0.0078125,0.1640625,0.0703125,1,1
491,6,0.171875,0.0078125,0.19921875,0.08203125,1,1
491,7,0.38671875,0.0,0.51171875,0.10546875,1,1
491,7,0.38671875,0.0,0.51171875,0.10546875,5,1
491,7,0.1953125,0.0,0.29296875,0.11328125,1,1
491,7,0.1953125,0.0,0.29296875,0.11328125,5,1
491,7,0.14453125,0.046875,0.203125,0.15234375,1,1
491,7,0.14453125,0.046875,0.203125,0.15234375,5,1
491,7,0.0234375,0.07421875,0.09765625,0.15625,1,1
491,7,0.10546875,0.046875,0.1328125,0.140625,1,1
491,7,0.140625,0.0078125,0.1640625,0.0703125,1,1
491,7,0.171875,0.0078125,0.19921875,0.08203125,1,1
492,2,0.875,0.203125,0.93359375,0.3515625,2,1
492,2,0.953125,0.2265625,0.99609375,0.38671875,2,1
492,2,0.8984375,0.1328125,0.94921875,0.2265625,1,1
492,2,0.8984375,0.1328125,0.94921875,0.2265625,5,1
492,2,0.95703125,0.15234375,0.98828125,0.2421875,1,1
492,2,0.8203125,0.09375,0.87109375,0.203125,1,1
492,2,0.7421875,0.16015625,0.83203125,0.31640625,2,1
492,2,0.63671875,0.15234375,0.734375,0.31640625,2,1
492,2,0.515625,0.109375,0.6328125,0.2890625,2,1
492,2,0.515625,0.109375,0.6328125,0.2890625,5,1
492,2,0.375,0.11328125,0.46484375,0.26171875,2,1
492,2,0.375,0.11328125,0.46484375,0.26171875,5,1
492,2,0.22265625,0.125,0.3359375,0.27734375,2,1
492,2,0.22265625,0.125,0.3359375,0.27734375,5,1
492,2,0.109375,0.14453125,0.203125,0.27734375,2,1
492,2,0.109375,0.14453125,0.203125,0.27734375,5,1
492,2,0.0234375,0.25390625,0.10546875,0.6640625,1,1
492,2,0.0234375,0.25390625,0.10546875,0.6640625,3,1
492,2,0.36328125,0.0078125,0.41015625,0.1640625,1,1
492,2,0.36328125,0.0078125,0.41015625,0.1640625,5,1
492,2,0.1875,0.0234375,0.24609375,0.14453125,1,1
492,2,0.00390625,0.11328125,0.0703125,0.34375,1,1
492,2,0.125,0.03515625,0.19921875,0.1328125,1,1
492,2,0.48828125,0.0703125,0.52734375,0.16796875,2,1
492,2,0.67578125,0.1171875,0.73046875,0.203125,2,1
492,2,0.62109375,0.10546875,0.66015625,0.18359375,2,1
492,3,0.875,0.203125,0.93359375,0.3515625,2,1
492,3,0.953125,0.2265625,0.99609375,0.38671875,2,1
492,3,0.8984375,0.1328125,0.94921875,0.2265625,1,1
492,3,0.8984375,0.1328125,0.94921875,0.2265625,5,1
492,3,0.95703125,0.15234375,0.98828125,0.2421875,1,1
492,3,0.8203125,0.09375,0.87109375,0.203125,1,1
492,3,0.7421875,0.16015625,0.83203125,0.31640625,2,1
492,3,0.63671875,0.15234375,0.734375,0.31640625,2,1
492,3,0.515625,0.109375,0.6328125,0.2890625,2,1
492,3,0.515625,0.109375,0.6328125,0.2890625,5,1
492,3,0.375,0.11328125,0.46484375,0.26171875,2,1
492,3,0.375,0.11328125,0.46484375,0.26171875,5,1
492,3,0.22265625,0.125,0.3359375,0.27734375,2,1
492,3,0.22265625,0.125,0.3359375,0.27734375,5,1
492,3,0.109375,0.14453125,0.203125,0.27734375,2,1
492,3,0.109375,0.14453125,0.203125,0.27734375,5,1
492,3,0.0234375,0.25390625,0.10546875,0.6640625,1,1
492,3,0.0234375,0.25390625,0.10546875,0.6640625,3,1
492,3,0.36328125,0.0078125,0.41015625,0.1640625,1,1
492,3,0.36328125,0.0078125,0.41015625,0.1640625,5,1
492,3,0.1875,0.0234375,0.24609375,0.14453125,1,1
492,3,0.00390625,0.11328125,0.0703125,0.34375,1,1
492,3,0.125,0.03515625,0.19921875,0.1328125,1,1
492,3,0.48828125,0.0703125,0.52734375,0.16796875,2,1
492,3,0.67578125,0.1171875,0.73046875,0.203125,2,1
492,3,0.62109375,0.10546875,0.66015625,0.18359375,2,1
492,4,0.875,0.203125,0.93359375,0.3515625,2,1
492,4,0.953125,0.2265625,0.99609375,0.38671875,2,1
492,4,0.8984375,0.1328125,0.94921875,0.2265625,1,1
492,4,0.8984375,0.1328125,0.94921875,0.2265625,5,1
492,4,0.95703125,0.15234375,0.98828125,0.2421875,1,1
492,4,0.8203125,0.09375,0.87109375,0.203125,1,1
492,4,0.7421875,0.16015625,0.83203125,0.31640625,2,1
492,4,0.63671875,0.15234375,0.734375,0.31640625,2,1
492,4,0.515625,0.109375,0.6328125,0.2890625,2,1
492,4,0.515625,0.109375,0.6328125,0.2890625,5,1
492,4,0.375,0.11328125,0.46484375,0.26171875,2,1
492,4,0.375,0.11328125,0.46484375,0.26171875,5,1
492,4,0.22265625,0.125,0.3359375,0.27734375,2,1
492,4,0.22265625,0.125,0.3359375,0.27734375,5,1
492,4,0.109375,0.14453125,0.203125,0.27734375,2,1
492,4,0.109375,0.14453125,0.203125,0.27734375,5,1
492,4,0.0234375,0.25390625,0.10546875,0.6640625,1,1
492,4,0.0234375,0.25390625,0.10546875,0.6640625,3,1
492,4,0.36328125,0.0078125,0.41015625,0.1640625,1,1
492,4,0.36328125,0.0078125,0.41015625,0.1640625,5,1
492,4,0.1875,0.0234375,0.24609375,0.14453125,1,1
492,4,0.00390625,0.11328125,0.0703125,0.34375,1,1
492,4,0.125,0.03515625,0.19921875,0.1328125,1,1
492,4,0.48828125,0.0703125,0.52734375,0.16796875,2,1
492,4,0.67578125,0.1171875,0.73046875,0.203125,2,1
492,4,0.62109375,0.10546875,0.66015625,0.18359375,2,1
492,5,0.875,0.203125,0.93359375,0.3515625,2,1
492,5,0.953125,0.2265625,0.99609375,0.38671875,2,1
492,5,0.8984375,0.1328125,0.94921875,0.2265625,1,1
492,5,0.8984375,0.1328125,0.94921875,0.2265625,5,1
492,5,0.95703125,0.15234375,0.98828125,0.2421875,1,1
492,5,0.8203125,0.09375,0.87109375,0.203125,1,1
492,5,0.7421875,0.16015625,0.83203125,0.31640625,2,1
492,5,0.63671875,0.15234375,0.734375,0.31640625,2,1
492,5,0.515625,0.109375,0.6328125,0.2890625,2,1
492,5,0.515625,0.109375,0.6328125,0.2890625,5,1
492,5,0.375,0.11328125,0.46484375,0.26171875,2,1
492,5,0.375,0.11328125,0.46484375,0.26171875,5,1
492,5,0.22265625,0.125,0.3359375,0.27734375,2,1
492,5,0.22265625,0.125,0.3359375,0.27734375,5,1
492,5,0.109375,0.14453125,0.203125,0.27734375,2,1
492,5,0.109375,0.14453125,0.203125,0.27734375,5,1
492,5,0.0234375,0.25390625,0.10546875,0.6640625,1,1
492,5,0.0234375,0.25390625,0.10546875,0.6640625,3,1
492,5,0.36328125,0.0078125,0.41015625,0.1640625,1,1
492,5,0.36328125,0.0078125,0.41015625,0.1640625,5,1
492,5,0.1875,0.0234375,0.24609375,0.14453125,1,1
492,5,0.00390625,0.11328125,0.0703125,0.34375,1,1
492,5,0.125,0.03515625,0.19921875,0.1328125,1,1
492,5,0.48828125,0.0703125,0.52734375,0.16796875,2,1
492,5,0.67578125,0.1171875,0.73046875,0.203125,2,1
492,5,0.62109375,0.10546875,0.66015625,0.18359375,2,1
492,6,0.875,0.203125,0.93359375,0.3515625,2,1
492,6,0.953125,0.2265625,0.99609375,0.38671875,2,1
492,6,0.8984375,0.1328125,0.94921875,0.2265625,1,1
492,6,0.8984375,0.1328125,0.94921875,0.2265625,5,1
492,6,0.95703125,0.15234375,0.98828125,0.2421875,1,1
492,6,0.8203125,0.09375,0.87109375,0.203125,1,1
492,6,0.7421875,0.16015625,0.83203125,0.31640625,2,1
492,6,0.63671875,0.15234375,0.734375,0.31640625,2,1
492,6,0.515625,0.109375,0.6328125,0.2890625,2,1
492,6,0.515625,0.109375,0.6328125,0.2890625,5,1
492,6,0.375,0.11328125,0.46484375,0.26171875,2,1
492,6,0.375,0.11328125,0.46484375,0.26171875,5,1
492,6,0.22265625,0.125,0.3359375,0.27734375,2,1
492,6,0.22265625,0.125,0.3359375,0.27734375,5,1
492,6,0.109375,0.14453125,0.203125,0.27734375,2,1
492,6,0.109375,0.14453125,0.203125,0.27734375,5,1
492,6,0.0234375,0.25390625,0.10546875,0.6640625,1,1
492,6,0.0234375,0.25390625,0.10546875,0.6640625,3,1
492,6,0.36328125,0.0078125,0.41015625,0.1640625,1,1
492,6,0.36328125,0.0078125,0.41015625,0.1640625,5,1
492,6,0.1875,0.0234375,0.24609375,0.14453125,1,1
492,6,0.00390625,0.11328125,0.0703125,0.34375,1,1
492,6,0.125,0.03515625,0.19921875,0.1328125,1,1
492,6,0.48828125,0.0703125,0.52734375,0.16796875,2,1
492,6,0.67578125,0.1171875,0.73046875,0.203125,2,1
492,6,0.62109375,0.10546875,0.66015625,0.18359375,2,1
492,7,0.875,0.203125,0.93359375,0.3515625,2,1
492,7,0.953125,0.2265625,0.99609375,0.38671875,2,1
492,7,0.8984375,0.1328125,0.94921875,0.2265625,1,1
492,7,0.8984375,0.1328125,0.94921875,0.2265625,5,1
492,7,0.95703125,0.15234375,0.98828125,0.2421875,1,1
492,7,0.8203125,0.09375,0.87109375,0.203125,1,1
492,7,0.7421875,0.16015625,0.83203125,0.31640625,2,1
492,7,0.63671875,0.15234375,0.734375,0.31640625,2,1
492,7,0.515625,0.109375,0.6328125,0.2890625,2,1
492,7,0.515625,0.109375,0.6328125,0.2890625,5,1
492,7,0.375,0.11328125,0.46484375,0.26171875,2,1
492,7,0.375,0.11328125,0.46484375,0.26171875,5,1
492,7,0.22265625,0.125,0.3359375,0.27734375,2,1
492,7,0.22265625,0.125,0.3359375,0.27734375,5,1
492,7,0.109375,0.14453125,0.203125,0.27734375,2,1
492,7,0.109375,0.14453125,0.203125,0.27734375,5,1
492,7,0.0234375,0.25390625,0.10546875,0.6640625,1,1
492,7,0.0234375,0.25390625,0.10546875,0.6640625,3,1
492,7,0.36328125,0.0078125,0.41015625,0.1640625,1,1
492,7,0.36328125,0.0078125,0.41015625,0.1640625,5,1
492,7,0.1875,0.0234375,0.24609375,0.14453125,1,1
492,7,0.00390625,0.11328125,0.0703125,0.34375,1,1
492,7,0.125,0.03515625,0.19921875,0.1328125,1,1
492,7,0.48828125,0.0703125,0.52734375,0.16796875,2,1
492,7,0.67578125,0.1171875,0.73046875,0.203125,2,1
492,7,0.62109375,0.10546875,0.66015625,0.18359375,2,1
493,2,0.61328125,0.234375,0.76953125,0.50390625,1,1
493,2,0.61328125,0.234375,0.76953125,0.50390625,3,1
493,2,0.4921875,0.203125,0.57421875,0.4453125,1,1
493,2,0.4921875,0.203125,0.57421875,0.4453125,3,1
493,2,0.546875,0.12109375,0.703125,0.27734375,1,1
493,2,0.546875,0.12109375,0.703125,0.27734375,5,1
493,2,0.26953125,0.12109375,0.34765625,0.23046875,1,1
493,2,0.26953125,0.12109375,0.34765625,0.23046875,5,1
493,2,0.48046875,0.109375,0.5234375,0.19921875,1,1
493,2,0.4296875,0.11328125,0.46484375,0.2578125,1,1
493,2,0.3203125,0.19140625,0.375,0.2578125,2,1
493,2,0.734375,0.140625,0.80859375,0.34375,1,1
493,2,0.6875,0.09375,0.734375,0.19921875,1,1
493,2,0.5078125,0.07421875,0.55078125,0.16796875,1,1
493,2,0.796875,0.23046875,0.83984375,0.3046875,2,1
493,2,0.8359375,0.23046875,0.89453125,0.31640625,2,1
493,2,0.80078125,0.15234375,0.8515625,0.19921875,1,1
493,2,0.890625,0.23046875,0.9375,0.31640625,2,1
493,2,0.96875,0.2734375,0.9921875,0.41015625,1,1
493,2,0.96875,0.2734375,0.9921875,0.41015625,4,1
493,3,0.625,0.234375,0.78125,0.50390625,1,1
493,3,0.625,0.234375,0.78125,0.50390625,3,1
493,3,0.50390625,0.21484375,0.59375,0.48046875,1,1
493,3,0.50390625,0.21484375,0.59375,0.48046875,3,1
493,3,0.546875,0.12109375,0.703125,0.27734375,1,1
493,3,0.546875,0.12109375,0.703125,0.27734375,5,1
493,3,0.26953125,0.12109375,0.34765625,0.23046875,1,1
493,3,0.26953125,0.12109375,0.34765625,0.23046875,5,1
493,3,0.48046875,0.109375,0.5234375,0.19921875,1,1
493,3,0.4296875,0.11328125,0.46484375,0.2578125,1,1
493,3,0.3203125,0.19140625,0.375,0.2578125,2,1
493,3,0.734375,0.140625,0.80859375,0.34375,1,1
493,3,0.6875,0.09375,0.734375,0.19921875,1,1
493,3,0.5078125,0.07421875,0.55078125,0.16796875,1,1
493,3,0.796875,0.23046875,0.83984375,0.3046875,2,1
493,3,0.8359375,0.23046875,0.89453125,0.31640625,2,1
493,3,0.80078125,0.15234375,0.8515625,0.19921875,1,1
493,3,0.890625,0.23046875,0.9375,0.31640625,2,1
493,3,0.96875,0.2734375,0.9921875,0.41015625,1,1
493,3,0.96875,0.2734375,0.9921875,0.41015625,4,1
493,4,0.63671875,0.2421875,0.79296875,0.53125,1,1
493,4,0.63671875,0.2421875,0.79296875,0.53125,3,1
493,4,0.4921875,0.21875,0.6171875,0.5078125,1,1
493,4,0.4921875,0.21875,0.6171875,0.5078125,3,1
493,4,0.546875,0.12109375,0.703125,0.27734375,1,1
493,4,0.546875,0.12109375,0.703125,0.27734375,5,1
493,4,0.26953125,0.12109375,0.34765625,0.23046875,1,1
493,4,0.26953125,0.12109375,0.34765625,0.23046875,5,1
493,4,0.48046875,0.109375,0.5234375,0.19921875,1,1
493,4,0.4296875,0.11328125,0.46484375,0.2578125,1,1
493,4,0.3203125,0.19140625,0.375,0.2578125,2,1
493,4,0.734375,0.140625,0.80859375,0.34375,1,1
493,4,0.6875,0.09375,0.734375,0.19921875,1,1
493,4,0.5078125,0.07421875,0.55078125,0.16796875,1,1
493,4,0.796875,0.23046875,0.83984375,0.3046875,2,1
493,4,0.8359375,0.23046875,0.89453125,0.31640625,2,1
493,4,0.80078125,0.15234375,0.8515625,0.19921875,1,1
493,4,0.890625,0.23046875,0.9375,0.31640625,2,1
493,4,0.96875,0.2734375,0.9921875,0.41015625,1,1
493,4,0.96875,0.2734375,0.9921875,0.41015625,4,1
493,5,0.640625,0.25,0.796875,0.54296875,1,1
493,5,0.640625,0.25,0.796875,0.54296875,3,1
493,5,0.5,0.23828125,0.61328125,0.53125,1,1
493,5,0.5,0.23828125,0.61328125,0.53125,3,1
493,5,0.546875,0.12109375,0.6796875,0.2734375,1,1
493,5,0.546875,0.12109375,0.6796875,0.2734375,5,1
493,5,0.26953125,0.12109375,0.34765625,0.23046875,1,1
493,5,0.26953125,0.12109375,0.34765625,0.23046875,5,1
493,5,0.48046875,0.109375,0.5234375,0.19921875,1,1
493,5,0.4296875,0.11328125,0.46484375,0.2578125,1,1
493,5,0.3203125,0.19140625,0.375,0.2578125,2,1
493,5,0.734375,0.140625,0.80859375,0.34375,1,1
493,5,0.6875,0.09375,0.734375,0.19921875,1,1
493,5,0.5078125,0.07421875,0.55078125,0.16796875,1,1
493,5,0.796875,0.23046875,0.83984375,0.3046875,2,1
493,5,0.8359375,0.23046875,0.89453125,0.31640625,2,1
493,5,0.80078125,0.15234375,0.8515625,0.19921875,1,1
493,5,0.890625,0.23046875,0.9375,0.31640625,2,1
493,5,0.96875,0.2734375,0.9921875,0.41015625,1,1
493,5,0.96875,0.2734375,0.9921875,0.41015625,4,1
493,6,0.64453125,0.25390625,0.79296875,0.56640625,1,1
493,6,0.64453125,0.25390625,0.79296875,0.56640625,3,1
493,6,0.515625,0.24609375,0.6328125,0.53125,1,1
493,6,0.515625,0.24609375,0.6328125,0.53125,3,1
493,6,0.546875,0.12109375,0.703125,0.27734375,1,1
493,6,0.546875,0.12109375,0.703125,0.27734375,5,1
493,6,0.26953125,0.12109375,0.34765625,0.23046875,1,1
493,6,0.26953125,0.12109375,0.34765625,0.23046875,5,1
493,6,0.48046875,0.109375,0.5234375,0.19921875,1,1
493,6,0.4296875,0.11328125,0.46484375,0.2578125,1,1
493,6,0.3203125,0.19140625,0.375,0.2578125,2,1
493,6,0.734375,0.140625,0.80859375,0.34375,1,1
493,6,0.6875,0.09375,0.734375,0.19921875,1,1
493,6,0.5078125,0.07421875,0.55078125,0.16796875,1,1
493,6,0.796875,0.23046875,0.83984375,0.3046875,2,1
493,6,0.8359375,0.23046875,0.89453125,0.31640625,2,1
493,6,0.80078125,0.15234375,0.8515625,0.19921875,1,1
493,6,0.890625,0.23046875,0.9375,0.31640625,2,1
493,6,0.96875,0.2734375,0.9921875,0.41015625,1,1
493,6,0.96875,0.2734375,0.9921875,0.41015625,4,1
493,7,0.6484375,0.25390625,0.79296875,0.55859375,1,1
493,7,0.6484375,0.25390625,0.79296875,0.55859375,3,1
493,7,0.5078125,0.25390625,0.63671875,0.59375,1,1
493,7,0.5078125,0.25390625,0.63671875,0.59375,3,1
493,7,0.546875,0.12109375,0.703125,0.27734375,1,1
493,7,0.546875,0.12109375,0.703125,0.27734375,5,1
493,7,0.26953125,0.12109375,0.34765625,0.23046875,1,1
493,7,0.26953125,0.12109375,0.34765625,0.23046875,5,1
493,7,0.48046875,0.109375,0.5234375,0.19921875,1,1
493,7,0.4296875,0.11328125,0.46484375,0.2578125,1,1
493,7,0.3203125,0.19140625,0.375,0.2578125,2,1
493,7,0.734375,0.140625,0.80859375,0.34375,1,1
493,7,0.6875,0.09375,0.734375,0.19921875,1,1
493,7,0.5078125,0.07421875,0.55078125,0.16796875,1,1
493,7,0.796875,0.23046875,0.83984375,0.3046875,2,1
493,7,0.8359375,0.23046875,0.89453125,0.31640625,2,1
493,7,0.80078125,0.15234375,0.8515625,0.19921875,1,1
493,7,0.890625,0.23046875,0.9375,0.31640625,2,1
493,7,0.96875,0.2734375,0.9921875,0.41015625,1,1
493,7,0.96875,0.2734375,0.9921875,0.41015625,4,1
494,2,0.0546875,0.33984375,0.1328125,0.68359375,3,1
494,2,0.0546875,0.33984375,0.1328125,0.68359375,1,1
494,2,0.30859375,0.2578125,0.44921875,0.6953125,1,1
494,2,0.30859375,0.2578125,0.44921875,0.6953125,3,1
494,2,0.53515625,0.23828125,0.64453125,0.62109375,3,1
494,2,0.53515625,0.23828125,0.64453125,0.62109375,1,1
494,2,0.625,0.2265625,0.69140625,0.5234375,1,1
494,2,0.625,0.2265625,0.69140625,0.5234375,3,1
494,2,0.78125,0.25390625,0.86328125,0.4921875,1,1
494,2,0.78125,0.25390625,0.86328125,0.4921875,3,1
494,2,0.0625,0.23828125,0.125,0.38671875,1,1
494,2,0.1796875,0.25,0.25390625,0.37109375,2,1
494,2,0.28125,0.22265625,0.36328125,0.34765625,2,1
494,2,0.59375,0.15625,0.6796875,0.2890625,1,1
494,2,0.40625,0.1796875,0.46875,0.3125,2,1
494,2,0.40625,0.1796875,0.46875,0.3125,5,1
494,2,0.265625,0.18359375,0.30859375,0.28125,2,1
494,2,0.16796875,0.21875,0.2109375,0.30078125,2,1
494,2,0.32421875,0.19140625,0.37109375,0.2578125,2,1
494,2,0.6953125,0.1953125,0.75,0.28515625,2,1
494,2,0.7265625,0.1953125,0.78125,0.29296875,2,1
494,2,0.94921875,0.2734375,0.9921875,0.47265625,1,1
494,2,0.94921875,0.2734375,0.9921875,0.47265625,3,1
494,2,0.796875,0.140625,0.875,0.1953125,1,1
494,2,0.83984375,0.203125,0.91015625,0.33984375,1,1
494,3,0.0546875,0.33984375,0.1328125,0.68359375,3,1
494,3,0.0546875,0.33984375,0.1328125,0.68359375,1,1
494,3,0.30859375,0.2578125,0.44921875,0.703125,1,1
494,3,0.30859375,0.2578125,0.44921875,0.703125,3,1
494,3,0.53515625,0.23828125,0.64453125,0.62109375,3,1
494,3,0.53515625,0.23828125,0.64453125,0.62109375,1,1
494,3,0.625,0.2265625,0.69140625,0.5234375,1,1
494,3,0.625,0.2265625,0.69140625,0.5234375,3,1
494,3,0.78125,0.25390625,0.86328125,0.4921875,1,1
494,3,0.78125,0.25390625,0.86328125,0.4921875,3,1
494,3,0.0625,0.23828125,0.125,0.38671875,1,1
494,3,0.1796875,0.25,0.25390625,0.37109375,2,1
494,3,0.28125,0.22265625,0.36328125,0.34765625,2,1
494,3,0.59375,0.15625,0.6796875,0.2890625,1,1
494,3,0.40625,0.1796875,0.48046875,0.3125,2,1
494,3,0.40625,0.1796875,0.48046875,0.3125,5,1
494,3,0.265625,0.18359375,0.30859375,0.28125,2,1
494,3,0.16796875,0.21875,0.2109375,0.30078125,2,1
494,3,0.32421875,0.19140625,0.37109375,0.2578125,2,1
494,3,0.7265625,0.1953125,0.78125,0.29296875,2,1
494,3,0.94921875,0.2734375,0.9921875,0.47265625,1,1
494,3,0.94921875,0.2734375,0.9921875,0.47265625,3,1
494,3,0.796875,0.140625,0.875,0.1953125,1,1
494,3,0.83984375,0.203125,0.91015625,0.33984375,1,1
494,4,0.0546875,0.33984375,0.1328125,0.68359375,3,1
494,4,0.0546875,0.33984375,0.1328125,0.68359375,1,1
494,4,0.30859375,0.2578125,0.44921875,0.69921875,1,1
494,4,0.30859375,0.2578125,0.44921875,0.69921875,3,1
494,4,0.53515625,0.23828125,0.64453125,0.62109375,3,1
494,4,0.53515625,0.23828125,0.64453125,0.62109375,1,1
494,4,0.625,0.2265625,0.69140625,0.5234375,1,1
494,4,0.625,0.2265625,0.69140625,0.5234375,3,1
494,4,0.78125,0.25390625,0.86328125,0.4921875,1,1
494,4,0.78125,0.25390625,0.86328125,0.4921875,3,1
494,4,0.0625,0.23828125,0.125,0.38671875,1,1
494,4,0.1796875,0.25,0.25390625,0.37109375,2,1
494,4,0.28125,0.22265625,0.36328125,0.34765625,2,1
494,4,0.59375,0.15625,0.6796875,0.2890625,1,1
494,4,0.40625,0.1796875,0.46875,0.3125,2,1
494,4,0.40625,0.1796875,0.46875,0.3125,5,1
494,4,0.265625,0.18359375,0.30859375,0.28125,2,1
494,4,0.16796875,0.21875,0.2109375,0.30078125,2,1
494,4,0.32421875,0.19140625,0.37109375,0.2578125,2,1
494,4,0.7265625,0.1953125,0.78125,0.29296875,2,1
494,4,0.94921875,0.2734375,0.9921875,0.47265625,1,1
494,4,0.94921875,0.2734375,0.9921875,0.47265625,3,1
494,4,0.796875,0.140625,0.875,0.1953125,1,1
494,4,0.83984375,0.203125,0.91015625,0.33984375,1,1
494,5,0.0546875,0.33984375,0.1328125,0.68359375,3,1
494,5,0.0546875,0.33984375,0.1328125,0.68359375,1,1
494,5,0.30859375,0.2578125,0.44921875,0.69921875,1,1
494,5,0.30859375,0.2578125,0.44921875,0.69921875,3,1
494,5,0.53515625,0.23828125,0.64453125,0.62109375,3,1
494,5,0.53515625,0.23828125,0.64453125,0.62109375,1,1
494,5,0.625,0.2265625,0.69140625,0.5234375,1,1
494,5,0.625,0.2265625,0.69140625,0.5234375,3,1
494,5,0.78125,0.25390625,0.86328125,0.4921875,1,1
494,5,0.78125,0.25390625,0.86328125,0.4921875,3,1
494,5,0.0625,0.23828125,0.125,0.38671875,1,1
494,5,0.1796875,0.25,0.25390625,0.37109375,2,1
494,5,0.28125,0.22265625,0.36328125,0.34765625,2,1
494,5,0.59375,0.15625,0.6796875,0.2890625,1,1
494,5,0.40625,0.1796875,0.46875,0.3125,2,1
494,5,0.40625,0.1796875,0.46875,0.3125,5,1
494,5,0.265625,0.18359375,0.30859375,0.28125,2,1
494,5,0.16796875,0.21875,0.2109375,0.30078125,2,1
494,5,0.32421875,0.19140625,0.37109375,0.2578125,2,1
494,5,0.7265625,0.1953125,0.78125,0.29296875,2,1
494,5,0.94921875,0.2734375,0.9921875,0.47265625,1,1
494,5,0.94921875,0.2734375,0.9921875,0.47265625,3,1
494,5,0.796875,0.140625,0.875,0.1953125,1,1
494,5,0.83984375,0.203125,0.91015625,0.33984375,1,1
494,6,0.0546875,0.33984375,0.1328125,0.68359375,3,1
494,6,0.0546875,0.33984375,0.1328125,0.68359375,1,1
494,6,0.30859375,0.2578125,0.44921875,0.66015625,1,1
494,6,0.30859375,0.2578125,0.44921875,0.66015625,3,1
494,6,0.53515625,0.23828125,0.64453125,0.62109375,3,1
494,6,0.53515625,0.23828125,0.64453125,0.62109375,1,1
494,6,0.625,0.2265625,0.69140625,0.5234375,1,1
494,6,0.625,0.2265625,0.69140625,0.5234375,3,1
494,6,0.78125,0.25390625,0.86328125,0.4921875,1,1
494,6,0.78125,0.25390625,0.86328125,0.4921875,3,1
494,6,0.0625,0.23828125,0.125,0.38671875,1,1
494,6,0.1796875,0.25,0.25390625,0.37109375,2,1
494,6,0.28125,0.22265625,0.36328125,0.34765625,2,1
494,6,0.59375,0.15625,0.6796875,0.2890625,1,1
494,6,0.40625,0.1796875,0.46875,0.3125,2,1
494,6,0.40625,0.1796875,0.46875,0.3125,5,1
494,6,0.265625,0.18359375,0.30859375,0.28125,2,1
494,6,0.16796875,0.21875,0.2109375,0.30078125,2,1
494,6,0.32421875,0.19140625,0.37109375,0.2578125,2,1
494,6,0.7265625,0.1953125,0.78125,0.29296875,2,1
494,6,0.94921875,0.2734375,0.9921875,0.47265625,1,1
494,6,0.94921875,0.2734375,0.9921875,0.47265625,3,1
494,6,0.796875,0.140625,0.875,0.1953125,1,1
494,6,0.83984375,0.203125,0.91015625,0.33984375,1,1
494,7,0.0546875,0.33984375,0.1328125,0.68359375,3,1
494,7,0.0546875,0.33984375,0.1328125,0.68359375,1,1
494,7,0.30859375,0.2578125,0.44921875,0.66015625,1,1
494,7,0.30859375,0.2578125,0.44921875,0.66015625,3,1
494,7,0.53515625,0.23828125,0.64453125,0.62109375,3,1
494,7,0.53515625,0.23828125,0.64453125,0.62109375,1,1
494,7,0.625,0.2265625,0.69140625,0.5234375,1,1
494,7,0.625,0.2265625,0.69140625,0.5234375,3,1
494,7,0.78125,0.25390625,0.86328125,0.4921875,1,1
494,7,0.78125,0.25390625,0.86328125,0.4921875,3,1
494,7,0.0625,0.23828125,0.125,0.38671875,1,1
494,7,0.1796875,0.25,0.25390625,0.37109375,2,1
494,7,0.28125,0.22265625,0.36328125,0.34765625,2,1
494,7,0.59375,0.15625,0.6796875,0.2890625,1,1
494,7,0.40625,0.1796875,0.48046875,0.3125,2,1
494,7,0.40625,0.1796875,0.48046875,0.3125,5,1
494,7,0.265625,0.18359375,0.30859375,0.28125,2,1
494,7,0.16796875,0.21875,0.2109375,0.30078125,2,1
494,7,0.32421875,0.19140625,0.37109375,0.2578125,2,1
494,7,0.7265625,0.1953125,0.78125,0.29296875,2,1
494,7,0.94921875,0.2734375,0.9921875,0.47265625,1,1
494,7,0.94921875,0.2734375,0.9921875,0.47265625,3,1
494,7,0.796875,0.140625,0.875,0.1953125,1,1
494,7,0.83984375,0.203125,0.91015625,0.33984375,1,1
495,2,0.390625,0.27734375,0.5390625,0.640625,1,1
495,2,0.390625,0.27734375,0.5390625,0.640625,3,1
495,2,0.171875,0.27734375,0.3671875,0.5078125,1,1
495,2,0.171875,0.27734375,0.3671875,0.5078125,3,1
495,2,0.0,0.3359375,0.08203125,0.703125,1,1
495,2,0.0,0.3359375,0.08203125,0.703125,3,1
495,2,0.56640625,0.2109375,0.73046875,0.50390625,1,1
495,2,0.56640625,0.2109375,0.73046875,0.50390625,3,1
495,2,0.76171875,0.25,0.890625,0.54296875,1,1
495,2,0.76171875,0.25,0.890625,0.54296875,3,1
495,2,0.81640625,0.2578125,0.91796875,0.52734375,1,1
495,2,0.81640625,0.2578125,0.91796875,0.52734375,3,1
495,2,0.85546875,0.2578125,0.94140625,0.53125,1,1
495,2,0.85546875,0.2578125,0.94140625,0.53125,3,1
495,2,0.9296875,0.28515625,0.99609375,0.484375,1,1
495,2,0.9296875,0.28515625,0.99609375,0.484375,3,1
495,2,0.73828125,0.15625,0.79296875,0.265625,1,1
495,2,0.61328125,0.140625,0.6796875,0.296875,1,1
495,2,0.6171875,0.09765625,0.67578125,0.171875,1,1
495,2,0.6171875,0.09765625,0.67578125,0.171875,3,1
495,2,0.3984375,0.1796875,0.47265625,0.296875,2,1
495,2,0.3984375,0.1796875,0.47265625,0.296875,5,1
495,2,0.12890625,0.23046875,0.19140625,0.30859375,1,1
495,2,0.12890625,0.23046875,0.19140625,0.30859375,3,1
495,3,0.390625,0.27734375,0.5390625,0.640625,1,1
495,3,0.390625,0.27734375,0.5390625,0.640625,3,1
495,3,0.171875,0.27734375,0.3671875,0.5078125,1,1
495,3,0.171875,0.27734375,0.3671875,0.5078125,3,1
495,3,0.0,0.3359375,0.08203125,0.703125,1,1
495,3,0.0,0.3359375,0.08203125,0.703125,3,1
495,3,0.56640625,0.2109375,0.73046875,0.50390625,1,1
495,3,0.56640625,0.2109375,0.73046875,0.50390625,3,1
495,3,0.76171875,0.25,0.890625,0.54296875,1,1
495,3,0.76171875,0.25,0.890625,0.54296875,3,1
495,3,0.81640625,0.2578125,0.91796875,0.52734375,1,1
495,3,0.81640625,0.2578125,0.91796875,0.52734375,3,1
495,3,0.85546875,0.2578125,0.94140625,0.53125,1,1
495,3,0.85546875,0.2578125,0.94140625,0.53125,3,1
495,3,0.9296875,0.28515625,0.99609375,0.484375,1,1
495,3,0.9296875,0.28515625,0.99609375,0.484375,3,1
495,3,0.73828125,0.15625,0.79296875,0.265625,1,1
495,3,0.61328125,0.140625,0.6796875,0.296875,1,1
495,3,0.6171875,0.09765625,0.67578125,0.171875,1,1
495,3,0.6171875,0.09765625,0.67578125,0.171875,3,1
495,3,0.3984375,0.1796875,0.47265625,0.296875,2,1
495,3,0.3984375,0.1796875,0.47265625,0.296875,5,1
495,3,0.12890625,0.23046875,0.19140625,0.30859375,1,1
495,3,0.12890625,0.23046875,0.19140625,0.30859375,3,1
495,4,0.390625,0.27734375,0.5390625,0.640625,1,1
495,4,0.390625,0.27734375,0.5390625,0.640625,3,1
495,4,0.171875,0.27734375,0.3671875,0.5078125,1,1
495,4,0.171875,0.27734375,0.3671875,0.5078125,3,1
495,4,0.0,0.3359375,0.08203125,0.703125,1,1
495,4,0.0,0.3359375,0.08203125,0.703125,3,1
495,4,0.56640625,0.2109375,0.73046875,0.50390625,1,1
495,4,0.56640625,0.2109375,0.73046875,0.50390625,3,1
495,4,0.76171875,0.25,0.890625,0.54296875,1,1
495,4,0.76171875,0.25,0.890625,0.54296875,3,1
495,4,0.81640625,0.2578125,0.91796875,0.52734375,1,1
495,4,0.81640625,0.2578125,0.91796875,0.52734375,3,1
495,4,0.85546875,0.2578125,0.94140625,0.53125,1,1
495,4,0.85546875,0.2578125,0.94140625,0.53125,3,1
495,4,0.9296875,0.28515625,0.99609375,0.484375,1,1
495,4,0.9296875,0.28515625,0.99609375,0.484375,3,1
495,4,0.73828125,0.15625,0.79296875,0.265625,1,1
495,4,0.61328125,0.140625,0.6796875,0.296875,1,1
495,4,0.6171875,0.09765625,0.67578125,0.171875,1,1
495,4,0.6171875,0.09765625,0.67578125,0.171875,3,1
495,4,0.3984375,0.1796875,0.47265625,0.296875,2,1
495,4,0.3984375,0.1796875,0.47265625,0.296875,5,1
495,4,0.12890625,0.23046875,0.19140625,0.30859375,1,1
495,4,0.12890625,0.23046875,0.19140625,0.30859375,3,1
495,5,0.390625,0.27734375,0.5390625,0.640625,1,1
495,5,0.390625,0.27734375,0.5390625,0.640625,3,1
495,5,0.171875,0.27734375,0.3671875,0.5078125,1,1
495,5,0.171875,0.27734375,0.3671875,0.5078125,3,1
495,5,0.0,0.3359375,0.08203125,0.703125,1,1
495,5,0.0,0.3359375,0.08203125,0.703125,3,1
495,5,0.56640625,0.2109375,0.73046875,0.50390625,1,1
495,5,0.56640625,0.2109375,0.73046875,0.50390625,3,1
495,5,0.76171875,0.25,0.890625,0.54296875,1,1
495,5,0.76171875,0.25,0.890625,0.54296875,3,1
495,5,0.81640625,0.2578125,0.91796875,0.52734375,1,1
495,5,0.81640625,0.2578125,0.91796875,0.52734375,3,1
495,5,0.85546875,0.2578125,0.94140625,0.53125,1,1
495,5,0.85546875,0.2578125,0.94140625,0.53125,3,1
495,5,0.9296875,0.28515625,0.99609375,0.484375,1,1
495,5,0.9296875,0.28515625,0.99609375,0.484375,3,1
495,5,0.73828125,0.15625,0.79296875,0.265625,1,1
495,5,0.61328125,0.140625,0.6796875,0.296875,1,1
495,5,0.6171875,0.09765625,0.67578125,0.171875,1,1
495,5,0.6171875,0.09765625,0.67578125,0.171875,3,1
495,5,0.3984375,0.1796875,0.47265625,0.296875,2,1
495,5,0.3984375,0.1796875,0.47265625,0.296875,5,1
495,5,0.12890625,0.23046875,0.19140625,0.30859375,1,1
495,5,0.12890625,0.23046875,0.19140625,0.30859375,3,1
495,6,0.390625,0.27734375,0.5390625,0.640625,1,1
495,6,0.390625,0.27734375,0.5390625,0.640625,3,1
495,6,0.171875,0.27734375,0.3671875,0.5078125,1,1
495,6,0.171875,0.27734375,0.3671875,0.5078125,3,1
495,6,0.0,0.3359375,0.08203125,0.703125,1,1
495,6,0.0,0.3359375,0.08203125,0.703125,3,1
495,6,0.56640625,0.2109375,0.73046875,0.50390625,1,1
495,6,0.56640625,0.2109375,0.73046875,0.50390625,3,1
495,6,0.76171875,0.25,0.890625,0.54296875,1,1
495,6,0.76171875,0.25,0.890625,0.54296875,3,1
495,6,0.81640625,0.2578125,0.91796875,0.52734375,1,1
495,6,0.81640625,0.2578125,0.91796875,0.52734375,3,1
495,6,0.85546875,0.2578125,0.94140625,0.53125,1,1
495,6,0.85546875,0.2578125,0.94140625,0.53125,3,1
495,6,0.9296875,0.28515625,0.99609375,0.484375,1,1
495,6,0.9296875,0.28515625,0.99609375,0.484375,3,1
495,6,0.73828125,0.15625,0.79296875,0.265625,1,1
495,6,0.61328125,0.140625,0.6796875,0.296875,1,1
495,6,0.6171875,0.09765625,0.67578125,0.171875,1,1
495,6,0.6171875,0.09765625,0.67578125,0.171875,3,1
495,6,0.3984375,0.1796875,0.47265625,0.296875,2,1
495,6,0.3984375,0.1796875,0.47265625,0.296875,5,1
495,6,0.12890625,0.23046875,0.19140625,0.30859375,1,1
495,6,0.12890625,0.23046875,0.19140625,0.30859375,3,1
495,7,0.390625,0.27734375,0.5390625,0.640625,1,1
495,7,0.390625,0.27734375,0.5390625,0.640625,3,1
495,7,0.171875,0.27734375,0.3671875,0.5078125,1,1
495,7,0.171875,0.27734375,0.3671875,0.5078125,3,1
495,7,0.0,0.3359375,0.08203125,0.703125,1,1
495,7,0.0,0.3359375,0.08203125,0.703125,3,1
495,7,0.56640625,0.2109375,0.73046875,0.50390625,1,1
495,7,0.56640625,0.2109375,0.73046875,0.50390625,3,1
495,7,0.76171875,0.25,0.890625,0.54296875,1,1
495,7,0.76171875,0.25,0.890625,0.54296875,3,1
495,7,0.81640625,0.2578125,0.91796875,0.52734375,1,1
495,7,0.81640625,0.2578125,0.91796875,0.52734375,3,1
495,7,0.85546875,0.2578125,0.94140625,0.53125,1,1
495,7,0.85546875,0.2578125,0.94140625,0.53125,3,1
495,7,0.9296875,0.28515625,0.99609375,0.484375,1,1
495,7,0.9296875,0.28515625,0.99609375,0.484375,3,1
495,7,0.73828125,0.15625,0.79296875,0.265625,1,1
495,7,0.61328125,0.140625,0.6796875,0.296875,1,1
495,7,0.6171875,0.09765625,0.67578125,0.171875,1,1
495,7,0.6171875,0.09765625,0.67578125,0.171875,3,1
495,7,0.3984375,0.1796875,0.47265625,0.296875,2,1
495,7,0.3984375,0.1796875,0.47265625,0.296875,5,1
495,7,0.12890625,0.23046875,0.19140625,0.30859375,1,1
495,7,0.12890625,0.23046875,0.19140625,0.30859375,3,1
496,2,0.09765625,0.30859375,0.2265625,0.69140625,1,1
496,2,0.09765625,0.30859375,0.2265625,0.69140625,3,1
496,2,0.05859375,0.34375,0.1328125,0.66796875,1,1
496,2,0.05859375,0.34375,0.1328125,0.66796875,3,1
496,2,0.0,0.3515625,0.09375,0.6015625,1,1
496,2,0.0,0.3515625,0.09375,0.6015625,3,1
496,2,0.25390625,0.27734375,0.3984375,0.55859375,1,1
496,2,0.25390625,0.27734375,0.3984375,0.55859375,3,1
496,2,0.390625,0.24609375,0.5,0.54296875,1,1
496,2,0.390625,0.24609375,0.5,0.54296875,2,1
496,2,0.48828125,0.25390625,0.65625,0.61328125,1,1
496,2,0.48828125,0.25390625,0.65625,0.61328125,3,1
496,2,0.4609375,0.11328125,0.56640625,0.24609375,1,1
496,2,0.60546875,0.125,0.703125,0.26953125,1,1
496,2,0.56640625,0.265625,0.6953125,0.59765625,1,1
496,2,0.56640625,0.265625,0.6953125,0.59765625,3,1
496,2,0.63671875,0.265625,0.7421875,0.578125,1,1
496,2,0.63671875,0.265625,0.7421875,0.578125,3,1
496,2,0.69140625,0.24609375,0.796875,0.55078125,1,1
496,2,0.69140625,0.24609375,0.796875,0.55078125,3,1
496,2,0.7421875,0.25390625,0.82421875,0.5546875,1,1
496,2,0.7421875,0.25390625,0.82421875,0.5546875,3,1
496,2,0.79296875,0.265625,0.90625,0.5390625,1,1
496,2,0.79296875,0.265625,0.90625,0.5390625,3,1
496,2,0.83203125,0.265625,0.94140625,0.5234375,1,1
496,2,0.83203125,0.265625,0.94140625,0.5234375,3,1
496,2,0.91015625,0.27734375,0.98828125,0.51171875,1,1
496,2,0.91015625,0.27734375,0.98828125,0.51171875,3,1
496,2,0.82421875,0.1953125,0.87109375,0.26953125,2,1
496,3,0.09765625,0.30859375,0.2265625,0.69140625,1,1
496,3,0.09765625,0.30859375,0.2265625,0.69140625,3,1
496,3,0.05859375,0.34375,0.1328125,0.66796875,1,1
496,3,0.05859375,0.34375,0.1328125,0.66796875,3,1
496,3,0.0,0.3515625,0.09375,0.6015625,1,1
496,3,0.0,0.3515625,0.09375,0.6015625,3,1
496,3,0.25390625,0.27734375,0.3984375,0.55859375,1,1
496,3,0.25390625,0.27734375,0.3984375,0.55859375,3,1
496,3,0.390625,0.24609375,0.5,0.54296875,1,1
496,3,0.390625,0.24609375,0.5,0.54296875,2,1
496,3,0.48828125,0.25390625,0.65625,0.61328125,1,1
496,3,0.48828125,0.25390625,0.65625,0.61328125,3,1
496,3,0.4609375,0.11328125,0.56640625,0.24609375,1,1
496,3,0.60546875,0.125,0.703125,0.26953125,1,1
496,3,0.56640625,0.265625,0.6953125,0.59765625,1,1
496,3,0.56640625,0.265625,0.6953125,0.59765625,3,1
496,3,0.63671875,0.265625,0.7421875,0.578125,1,1
496,3,0.63671875,0.265625,0.7421875,0.578125,3,1
496,3,0.69140625,0.24609375,0.796875,0.55078125,1,1
496,3,0.69140625,0.24609375,0.796875,0.55078125,3,1
496,3,0.7421875,0.25390625,0.82421875,0.5546875,1,1
496,3,0.7421875,0.25390625,0.82421875,0.5546875,3,1
496,3,0.79296875,0.265625,0.90625,0.5390625,1,1
496,3,0.79296875,0.265625,0.90625,0.5390625,3,1
496,3,0.83203125,0.265625,0.94140625,0.5234375,1,1
496,3,0.83203125,0.265625,0.94140625,0.5234375,3,1
496,3,0.91015625,0.27734375,0.98828125,0.51171875,1,1
496,3,0.91015625,0.27734375,0.98828125,0.51171875,3,1
496,3,0.82421875,0.1953125,0.87109375,0.26953125,2,1
496,4,0.09765625,0.30859375,0.2265625,0.69140625,1,1
496,4,0.09765625,0.30859375,0.2265625,0.69140625,3,1
496,4,0.05859375,0.34375,0.1328125,0.66796875,1,1
496,4,0.05859375,0.34375,0.1328125,0.66796875,3,1
496,4,0.0,0.3515625,0.09375,0.6015625,1,1
496,4,0.0,0.3515625,0.09375,0.6015625,3,1
496,4,0.25390625,0.27734375,0.3984375,0.55859375,1,1
496,4,0.25390625,0.27734375,0.3984375,0.55859375,3,1
496,4,0.390625,0.24609375,0.5,0.54296875,1,1
496,4,0.390625,0.24609375,0.5,0.54296875,2,1
496,4,0.48828125,0.25390625,0.65625,0.61328125,1,1
496,4,0.48828125,0.25390625,0.65625,0.61328125,3,1
496,4,0.4609375,0.11328125,0.56640625,0.24609375,1,1
496,4,0.60546875,0.125,0.703125,0.26953125,1,1
496,4,0.56640625,0.265625,0.6953125,0.59765625,1,1
496,4,0.56640625,0.265625,0.6953125,0.59765625,3,1
496,4,0.63671875,0.265625,0.7421875,0.578125,1,1
496,4,0.63671875,0.265625,0.7421875,0.578125,3,1
496,4,0.69140625,0.24609375,0.796875,0.55078125,1,1
496,4,0.69140625,0.24609375,0.796875,0.55078125,3,1
496,4,0.7421875,0.25390625,0.82421875,0.5546875,1,1
496,4,0.7421875,0.25390625,0.82421875,0.5546875,3,1
496,4,0.79296875,0.265625,0.90625,0.5390625,1,1
496,4,0.79296875,0.265625,0.90625,0.5390625,3,1
496,4,0.83203125,0.265625,0.94140625,0.5234375,1,1
496,4,0.83203125,0.265625,0.94140625,0.5234375,3,1
496,4,0.91015625,0.27734375,0.98828125,0.51171875,1,1
496,4,0.91015625,0.27734375,0.98828125,0.51171875,3,1
496,4,0.82421875,0.1953125,0.87109375,0.26953125,2,1
496,5,0.09765625,0.30859375,0.2265625,0.69140625,1,1
496,5,0.09765625,0.30859375,0.2265625,0.69140625,3,1
496,5,0.05859375,0.34375,0.1328125,0.66796875,1,1
496,5,0.05859375,0.34375,0.1328125,0.66796875,3,1
496,5,0.0,0.3515625,0.09375,0.6015625,1,1
496,5,0.0,0.3515625,0.09375,0.6015625,3,1
496,5,0.25390625,0.27734375,0.3984375,0.55859375,1,1
496,5,0.25390625,0.27734375,0.3984375,0.55859375,3,1
496,5,0.390625,0.24609375,0.5,0.54296875,1,1
496,5,0.390625,0.24609375,0.5,0.54296875,2,1
496,5,0.48828125,0.25390625,0.65625,0.61328125,1,1
496,5,0.48828125,0.25390625,0.65625,0.61328125,3,1
496,5,0.4609375,0.11328125,0.56640625,0.24609375,1,1
496,5,0.60546875,0.125,0.703125,0.26953125,1,1
496,5,0.56640625,0.265625,0.6953125,0.59765625,1,1
496,5,0.56640625,0.265625,0.6953125,0.59765625,3,1
496,5,0.63671875,0.265625,0.7421875,0.578125,1,1
496,5,0.63671875,0.265625,0.7421875,0.578125,3,1
496,5,0.69140625,0.24609375,0.796875,0.55078125,1,1
496,5,0.69140625,0.24609375,0.796875,0.55078125,3,1
496,5,0.7421875,0.25390625,0.82421875,0.5546875,1,1
496,5,0.7421875,0.25390625,0.82421875,0.5546875,3,1
496,5,0.79296875,0.265625,0.90625,0.5390625,1,1
496,5,0.79296875,0.265625,0.90625,0.5390625,3,1
496,5,0.83203125,0.265625,0.94140625,0.5234375,1,1
496,5,0.83203125,0.265625,0.94140625,0.5234375,3,1
496,5,0.91015625,0.27734375,0.98828125,0.51171875,1,1
496,5,0.91015625,0.27734375,0.98828125,0.51171875,3,1
496,5,0.82421875,0.1953125,0.87109375,0.26953125,2,1
496,6,0.09765625,0.30859375,0.2265625,0.69140625,1,1
496,6,0.09765625,0.30859375,0.2265625,0.69140625,3,1
496,6,0.05859375,0.34375,0.1328125,0.66796875,1,1
496,6,0.05859375,0.34375,0.1328125,0.66796875,3,1
496,6,0.0,0.3515625,0.09375,0.6015625,1,1
496,6,0.0,0.3515625,0.09375,0.6015625,3,1
496,6,0.25390625,0.27734375,0.3984375,0.55859375,1,1
496,6,0.25390625,0.27734375,0.3984375,0.55859375,3,1
496,6,0.390625,0.24609375,0.5,0.54296875,1,1
496,6,0.390625,0.24609375,0.5,0.54296875,2,1
496,6,0.48828125,0.25390625,0.65625,0.61328125,1,1
496,6,0.48828125,0.25390625,0.65625,0.61328125,3,1
496,6,0.4609375,0.11328125,0.56640625,0.24609375,1,1
496,6,0.60546875,0.125,0.703125,0.26953125,1,1
496,6,0.56640625,0.265625,0.6953125,0.59765625,1,1
496,6,0.56640625,0.265625,0.6953125,0.59765625,3,1
496,6,0.63671875,0.265625,0.7421875,0.578125,1,1
496,6,0.63671875,0.265625,0.7421875,0.578125,3,1
496,6,0.69140625,0.24609375,0.796875,0.55078125,1,1
496,6,0.69140625,0.24609375,0.796875,0.55078125,3,1
496,6,0.7421875,0.25390625,0.82421875,0.5546875,1,1
496,6,0.7421875,0.25390625,0.82421875,0.5546875,3,1
496,6,0.79296875,0.265625,0.90625,0.5390625,1,1
496,6,0.79296875,0.265625,0.90625,0.5390625,3,1
496,6,0.83203125,0.265625,0.94140625,0.5234375,1,1
496,6,0.83203125,0.265625,0.94140625,0.5234375,3,1
496,6,0.91015625,0.27734375,0.98828125,0.51171875,1,1
496,6,0.91015625,0.27734375,0.98828125,0.51171875,3,1
496,6,0.82421875,0.1953125,0.87109375,0.26953125,2,1
496,7,0.09765625,0.30859375,0.2265625,0.69140625,1,1
496,7,0.09765625,0.30859375,0.2265625,0.69140625,3,1
496,7,0.05859375,0.34375,0.1328125,0.66796875,1,1
496,7,0.05859375,0.34375,0.1328125,0.66796875,3,1
496,7,0.0,0.3515625,0.09375,0.6015625,1,1
496,7,0.0,0.3515625,0.09375,0.6015625,3,1
496,7,0.25390625,0.27734375,0.3984375,0.55859375,1,1
496,7,0.25390625,0.27734375,0.3984375,0.55859375,3,1
496,7,0.390625,0.24609375,0.5,0.54296875,1,1
496,7,0.390625,0.24609375,0.5,0.54296875,2,1
496,7,0.48828125,0.25390625,0.65625,0.61328125,1,1
496,7,0.48828125,0.25390625,0.65625,0.61328125,3,1
496,7,0.4609375,0.11328125,0.56640625,0.24609375,1,1
496,7,0.60546875,0.125,0.703125,0.26953125,1,1
496,7,0.56640625,0.265625,0.6953125,0.59765625,1,1
496,7,0.56640625,0.265625,0.6953125,0.59765625,3,1
496,7,0.63671875,0.265625,0.7421875,0.578125,1,1
496,7,0.63671875,0.265625,0.7421875,0.578125,3,1
496,7,0.69140625,0.24609375,0.796875,0.55078125,1,1
496,7,0.69140625,0.24609375,0.796875,0.55078125,3,1
496,7,0.7421875,0.25390625,0.82421875,0.5546875,1,1
496,7,0.7421875,0.25390625,0.82421875,0.5546875,3,1
496,7,0.79296875,0.265625,0.90625,0.5390625,1,1
496,7,0.79296875,0.265625,0.90625,0.5390625,3,1
496,7,0.83203125,0.265625,0.94140625,0.5234375,1,1
496,7,0.83203125,0.265625,0.94140625,0.5234375,3,1
496,7,0.91015625,0.27734375,0.98828125,0.51171875,1,1
496,7,0.91015625,0.27734375,0.98828125,0.51171875,3,1
496,7,0.82421875,0.1953125,0.87109375,0.26953125,2,1
497,2,0.21484375,0.30859375,0.31640625,0.7109375,1,1
497,2,0.21484375,0.30859375,0.31640625,0.7109375,3,1
497,2,0.0625,0.3359375,0.1640625,0.6796875,1,1
497,2,0.0625,0.3359375,0.1640625,0.6796875,3,1
497,2,0.0,0.36328125,0.078125,0.65625,1,1
497,2,0.0,0.36328125,0.078125,0.65625,3,1
497,2,0.140625,0.2578125,0.203125,0.375,2,1
497,2,0.140625,0.2578125,0.203125,0.375,5,1
497,2,0.05859375,0.26953125,0.140625,0.37109375,2,1
497,2,0.05859375,0.26953125,0.140625,0.37109375,5,1
497,2,0.31640625,0.28515625,0.39453125,0.65625,1,1
497,2,0.31640625,0.28515625,0.39453125,0.65625,3,1
497,2,0.44921875,0.2578125,0.51953125,0.64453125,1,1
497,2,0.44921875,0.2578125,0.51953125,0.64453125,3,1
497,2,0.53125,0.23046875,0.63671875,0.55859375,1,1
497,2,0.53125,0.23046875,0.63671875,0.55859375,3,1
497,2,0.609375,0.25390625,0.765625,0.5703125,1,1
497,2,0.609375,0.25390625,0.765625,0.5703125,3,1
497,2,0.6796875,0.2578125,0.8046875,0.57421875,1,1
497,2,0.6796875,0.2578125,0.8046875,0.57421875,3,1
497,2,0.74609375,0.26171875,0.84765625,0.56640625,1,1
497,2,0.74609375,0.26171875,0.84765625,0.56640625,3,1
497,2,0.78125,0.2578125,0.89453125,0.5390625,1,1
497,2,0.78125,0.2578125,0.89453125,0.5390625,3,1
497,2,0.63671875,0.140625,0.70703125,0.25390625,1,1
497,2,0.70703125,0.1484375,0.76171875,0.26171875,1,1
497,2,0.765625,0.16015625,0.8515625,0.29296875,1,1
497,2,0.90234375,0.2890625,0.98828125,0.421875,1,1
497,2,0.90234375,0.2890625,0.98828125,0.421875,3,1
497,3,0.21484375,0.30859375,0.31640625,0.7109375,1,1
497,3,0.21484375,0.30859375,0.31640625,0.7109375,3,1
497,3,0.0625,0.3359375,0.1640625,0.6796875,1,1
497,3,0.0625,0.3359375,0.1640625,0.6796875,3,1
497,3,0.0,0.36328125,0.078125,0.65625,1,1
497,3,0.0,0.36328125,0.078125,0.65625,3,1
497,3,0.140625,0.2578125,0.203125,0.375,2,1
497,3,0.140625,0.2578125,0.203125,0.375,5,1
497,3,0.05859375,0.26953125,0.140625,0.37109375,2,1
497,3,0.05859375,0.26953125,0.140625,0.37109375,5,1
497,3,0.31640625,0.28515625,0.39453125,0.65625,1,1
497,3,0.31640625,0.28515625,0.39453125,0.65625,3,1
497,3,0.44921875,0.2578125,0.51953125,0.64453125,1,1
497,3,0.44921875,0.2578125,0.51953125,0.64453125,3,1
497,3,0.53125,0.23046875,0.63671875,0.55859375,1,1
497,3,0.53125,0.23046875,0.63671875,0.55859375,3,1
497,3,0.609375,0.25390625,0.765625,0.5703125,1,1
497,3,0.609375,0.25390625,0.765625,0.5703125,3,1
497,3,0.6796875,0.2578125,0.8046875,0.57421875,1,1
497,3,0.6796875,0.2578125,0.8046875,0.57421875,3,1
497,3,0.74609375,0.26171875,0.84765625,0.56640625,1,1
497,3,0.74609375,0.26171875,0.84765625,0.56640625,3,1
497,3,0.78125,0.2578125,0.89453125,0.5390625,1,1
497,3,0.78125,0.2578125,0.89453125,0.5390625,3,1
497,3,0.63671875,0.140625,0.70703125,0.25390625,1,1
497,3,0.70703125,0.1484375,0.76171875,0.26171875,1,1
497,3,0.765625,0.16015625,0.8515625,0.29296875,1,1
497,3,0.90234375,0.2890625,0.98828125,0.421875,1,1
497,3,0.90234375,0.2890625,0.98828125,0.421875,3,1
497,4,0.21484375,0.30859375,0.31640625,0.7109375,1,1
497,4,0.21484375,0.30859375,0.31640625,0.7109375,3,1
497,4,0.0625,0.3359375,0.1640625,0.6796875,1,1
497,4,0.0625,0.3359375,0.1640625,0.6796875,3,1
497,4,0.0,0.36328125,0.078125,0.65625,1,1
497,4,0.0,0.36328125,0.078125,0.65625,3,1
497,4,0.140625,0.2578125,0.203125,0.375,2,1
497,4,0.140625,0.2578125,0.203125,0.375,5,1
497,4,0.05859375,0.26953125,0.140625,0.37109375,2,1
497,4,0.05859375,0.26953125,0.140625,0.37109375,5,1
497,4,0.31640625,0.28515625,0.39453125,0.65625,1,1
497,4,0.31640625,0.28515625,0.39453125,0.65625,3,1
497,4,0.44921875,0.2578125,0.51953125,0.64453125,1,1
497,4,0.44921875,0.2578125,0.51953125,0.64453125,3,1
497,4,0.53125,0.23046875,0.63671875,0.55859375,1,1
497,4,0.53125,0.23046875,0.63671875,0.55859375,3,1
497,4,0.609375,0.25390625,0.765625,0.5703125,1,1
497,4,0.609375,0.25390625,0.765625,0.5703125,3,1
497,4,0.6796875,0.2578125,0.8046875,0.57421875,1,1
497,4,0.6796875,0.2578125,0.8046875,0.57421875,3,1
497,4,0.74609375,0.26171875,0.84765625,0.56640625,1,1
497,4,0.74609375,0.26171875,0.84765625,0.56640625,3,1
497,4,0.78125,0.2578125,0.89453125,0.5390625,1,1
497,4,0.78125,0.2578125,0.89453125,0.5390625,3,1
497,4,0.63671875,0.140625,0.70703125,0.25390625,1,1
497,4,0.70703125,0.1484375,0.76171875,0.26171875,1,1
497,4,0.765625,0.16015625,0.8515625,0.29296875,1,1
497,4,0.90234375,0.2890625,0.98828125,0.421875,1,1
497,4,0.90234375,0.2890625,0.98828125,0.421875,3,1
497,5,0.21484375,0.30859375,0.31640625,0.7109375,1,1
497,5,0.21484375,0.30859375,0.31640625,0.7109375,3,1
497,5,0.0625,0.3359375,0.1640625,0.6796875,1,1
497,5,0.0625,0.3359375,0.1640625,0.6796875,3,1
497,5,0.0,0.36328125,0.078125,0.65625,1,1
497,5,0.0,0.36328125,0.078125,0.65625,3,1
497,5,0.140625,0.2578125,0.203125,0.375,2,1
497,5,0.140625,0.2578125,0.203125,0.375,5,1
497,5,0.05859375,0.26953125,0.140625,0.37109375,2,1
497,5,0.05859375,0.26953125,0.140625,0.37109375,5,1
497,5,0.31640625,0.28515625,0.39453125,0.65625,1,1
497,5,0.31640625,0.28515625,0.39453125,0.65625,3,1
497,5,0.44921875,0.2578125,0.51953125,0.64453125,1,1
497,5,0.44921875,0.2578125,0.51953125,0.64453125,3,1
497,5,0.53125,0.23046875,0.63671875,0.55859375,1,1
497,5,0.53125,0.23046875,0.63671875,0.55859375,3,1
497,5,0.609375,0.25390625,0.765625,0.5703125,1,1
497,5,0.609375,0.25390625,0.765625,0.5703125,3,1
497,5,0.6796875,0.2578125,0.8046875,0.57421875,1,1
497,5,0.6796875,0.2578125,0.8046875,0.57421875,3,1
497,5,0.74609375,0.26171875,0.84765625,0.56640625,1,1
497,5,0.74609375,0.26171875,0.84765625,0.56640625,3,1
497,5,0.78125,0.2578125,0.89453125,0.5390625,1,1
497,5,0.78125,0.2578125,0.89453125,0.5390625,3,1
497,5,0.63671875,0.140625,0.70703125,0.25390625,1,1
497,5,0.70703125,0.1484375,0.76171875,0.26171875,1,1
497,5,0.765625,0.16015625,0.8515625,0.29296875,1,1
497,5,0.90234375,0.2890625,0.98828125,0.421875,1,1
497,5,0.90234375,0.2890625,0.98828125,0.421875,3,1
497,6,0.21484375,0.30859375,0.31640625,0.7109375,1,1
497,6,0.21484375,0.30859375,0.31640625,0.7109375,3,1
497,6,0.0625,0.3359375,0.1640625,0.6796875,1,1
497,6,0.0625,0.3359375,0.1640625,0.6796875,3,1
497,6,0.0,0.36328125,0.078125,0.65625,1,1
497,6,0.0,0.36328125,0.078125,0.65625,3,1
497,6,0.140625,0.2578125,0.203125,0.375,2,1
497,6,0.140625,0.2578125,0.203125,0.375,5,1
497,6,0.05859375,0.26953125,0.140625,0.37109375,2,1
497,6,0.05859375,0.26953125,0.140625,0.37109375,5,1
497,6,0.31640625,0.28515625,0.39453125,0.65625,1,1
497,6,0.31640625,0.28515625,0.39453125,0.65625,3,1
497,6,0.44921875,0.2578125,0.51953125,0.64453125,1,1
497,6,0.44921875,0.2578125,0.51953125,0.64453125,3,1
497,6,0.53125,0.23046875,0.63671875,0.55859375,1,1
497,6,0.53125,0.23046875,0.63671875,0.55859375,3,1
497,6,0.609375,0.25390625,0.765625,0.5703125,1,1
497,6,0.609375,0.25390625,0.765625,0.5703125,3,1
497,6,0.6796875,0.2578125,0.8046875,0.57421875,1,1
497,6,0.6796875,0.2578125,0.8046875,0.57421875,3,1
497,6,0.74609375,0.26171875,0.84765625,0.56640625,1,1
497,6,0.74609375,0.26171875,0.84765625,0.56640625,3,1
497,6,0.78125,0.2578125,0.89453125,0.5390625,1,1
497,6,0.78125,0.2578125,0.89453125,0.5390625,3,1
497,6,0.63671875,0.140625,0.70703125,0.25390625,1,1
497,6,0.70703125,0.1484375,0.76171875,0.26171875,1,1
497,6,0.765625,0.16015625,0.8515625,0.29296875,1,1
497,6,0.90234375,0.2890625,0.98828125,0.421875,1,1
497,6,0.90234375,0.2890625,0.98828125,0.421875,3,1
497,7,0.21484375,0.30859375,0.31640625,0.7109375,1,1
497,7,0.21484375,0.30859375,0.31640625,0.7109375,3,1
497,7,0.0625,0.3359375,0.1640625,0.6796875,1,1
497,7,0.0625,0.3359375,0.1640625,0.6796875,3,1
497,7,0.0,0.36328125,0.078125,0.65625,1,1
497,7,0.0,0.36328125,0.078125,0.65625,3,1
497,7,0.140625,0.2578125,0.203125,0.375,2,1
497,7,0.140625,0.2578125,0.203125,0.375,5,1
497,7,0.05859375,0.26953125,0.140625,0.37109375,2,1
497,7,0.05859375,0.26953125,0.140625,0.37109375,5,1
497,7,0.31640625,0.28515625,0.39453125,0.65625,1,1
497,7,0.31640625,0.28515625,0.39453125,0.65625,3,1
497,7,0.44921875,0.2578125,0.51953125,0.64453125,1,1
497,7,0.44921875,0.2578125,0.51953125,0.64453125,3,1
497,7,0.53125,0.23046875,0.63671875,0.55859375,1,1
497,7,0.53125,0.23046875,0.63671875,0.55859375,3,1
497,7,0.609375,0.25390625,0.765625,0.5703125,1,1
497,7,0.609375,0.25390625,0.765625,0.5703125,3,1
497,7,0.6796875,0.2578125,0.8046875,0.57421875,1,1
497,7,0.6796875,0.2578125,0.8046875,0.57421875,3,1
497,7,0.74609375,0.26171875,0.84765625,0.56640625,1,1
497,7,0.74609375,0.26171875,0.84765625,0.56640625,3,1
497,7,0.78125,0.2578125,0.89453125,0.5390625,1,1
497,7,0.78125,0.2578125,0.89453125,0.5390625,3,1
497,7,0.63671875,0.140625,0.70703125,0.25390625,1,1
497,7,0.70703125,0.1484375,0.76171875,0.26171875,1,1
497,7,0.765625,0.16015625,0.8515625,0.29296875,1,1
497,7,0.91015625,0.28125,0.99609375,0.4140625,1,1
497,7,0.91015625,0.28125,0.99609375,0.4140625,3,1
498,2,0.21484375,0.29296875,0.31640625,0.67578125,1,1
498,2,0.21484375,0.29296875,0.31640625,0.67578125,3,1
498,2,0.0,0.359375,0.09375,0.6875,1,1
498,2,0.0,0.359375,0.09375,0.6875,3,1
498,2,0.3515625,0.2578125,0.43359375,0.6640625,1,1
498,2,0.3515625,0.2578125,0.43359375,0.6640625,3,1
498,2,0.44921875,0.25390625,0.5390625,0.66796875,1,1
498,2,0.44921875,0.25390625,0.5390625,0.66796875,3,1
498,2,0.53515625,0.22265625,0.60546875,0.52734375,1,1
498,2,0.53515625,0.22265625,0.60546875,0.52734375,3,1
498,2,0.609375,0.25390625,0.69921875,0.6171875,1,1
498,2,0.609375,0.25390625,0.69921875,0.6171875,3,1
498,2,0.703125,0.25390625,0.80078125,0.5859375,3,1
498,2,0.703125,0.25390625,0.80078125,0.5859375,1,1
498,2,0.55078125,0.1015625,0.6171875,0.2109375,1,1
498,2,0.55078125,0.1015625,0.6171875,0.2109375,4,1
498,2,0.59765625,0.08984375,0.66796875,0.171875,1,1
498,2,0.59765625,0.08984375,0.66796875,0.171875,4,1
498,2,0.66015625,0.1484375,0.7578125,0.22265625,1,1
498,2,0.66015625,0.1484375,0.7578125,0.22265625,4,1
498,2,0.6953125,0.19921875,0.8046875,0.3515625,1,1
498,2,0.6953125,0.19921875,0.8046875,0.3515625,4,1
498,2,0.83203125,0.2578125,0.953125,0.44140625,1,1
498,2,0.90234375,0.2734375,0.98828125,0.4140625,1,1
498,2,0.90234375,0.2734375,0.98828125,0.4140625,3,1
498,3,0.21484375,0.29296875,0.31640625,0.67578125,1,1
498,3,0.21484375,0.29296875,0.31640625,0.67578125,3,1
498,3,0.0,0.359375,0.09375,0.6875,1,1
498,3,0.0,0.359375,0.09375,0.6875,3,1
498,3,0.3515625,0.2578125,0.43359375,0.6640625,1,1
498,3,0.3515625,0.2578125,0.43359375,0.6640625,3,1
498,3,0.453125,0.25390625,0.5390625,0.609375,1,1
498,3,0.453125,0.25390625,0.5390625,0.609375,3,1
498,3,0.53515625,0.22265625,0.60546875,0.52734375,1,1
498,3,0.53515625,0.22265625,0.60546875,0.52734375,3,1
498,3,0.609375,0.25390625,0.69921875,0.6171875,1,1
498,3,0.609375,0.25390625,0.69921875,0.6171875,3,1
498,3,0.703125,0.2578125,0.80078125,0.58984375,3,1
498,3,0.703125,0.2578125,0.80078125,0.58984375,1,1
498,3,0.54296875,0.1015625,0.61328125,0.2109375,1,1
498,3,0.54296875,0.1015625,0.61328125,0.2109375,4,1
498,3,0.59765625,0.08984375,0.66796875,0.171875,1,1
498,3,0.59765625,0.08984375,0.66796875,0.171875,4,1
498,3,0.66015625,0.1484375,0.7578125,0.22265625,1,1
498,3,0.66015625,0.1484375,0.7578125,0.22265625,4,1
498,3,0.6953125,0.19921875,0.8046875,0.3515625,1,1
498,3,0.6953125,0.19921875,0.8046875,0.3515625,4,1
498,3,0.83203125,0.2578125,0.953125,0.44140625,1,1
498,3,0.90234375,0.2734375,0.98828125,0.4140625,1,1
498,3,0.90234375,0.2734375,0.98828125,0.4140625,3,1
498,4,0.21484375,0.29296875,0.31640625,0.67578125,1,1
498,4,0.21484375,0.29296875,0.31640625,0.67578125,3,1
498,4,0.0,0.359375,0.09375,0.6875,1,1
498,4,0.0,0.359375,0.09375,0.6875,3,1
498,4,0.3515625,0.2578125,0.43359375,0.6640625,1,1
498,4,0.3515625,0.2578125,0.43359375,0.6640625,3,1
498,4,0.44921875,0.25390625,0.5390625,0.55859375,1,1
498,4,0.44921875,0.25390625,0.5390625,0.55859375,3,1
498,4,0.53515625,0.22265625,0.60546875,0.52734375,1,1
498,4,0.53515625,0.22265625,0.60546875,0.52734375,3,1
498,4,0.609375,0.25390625,0.69921875,0.6171875,1,1
498,4,0.609375,0.25390625,0.69921875,0.6171875,3,1
498,4,0.703125,0.2578125,0.80078125,0.58984375,3,1
498,4,0.703125,0.2578125,0.80078125,0.58984375,1,1
498,4,0.546875,0.1015625,0.61328125,0.2109375,1,1
498,4,0.546875,0.1015625,0.61328125,0.2109375,4,1
498,4,0.59765625,0.08984375,0.66796875,0.171875,1,1
498,4,0.59765625,0.08984375,0.66796875,0.171875,4,1
498,4,0.66015625,0.1484375,0.7578125,0.22265625,1,1
498,4,0.66015625,0.1484375,0.7578125,0.22265625,4,1
498,4,0.6953125,0.19921875,0.8046875,0.3515625,1,1
498,4,0.6953125,0.19921875,0.8046875,0.3515625,4,1
498,4,0.83203125,0.2578125,0.953125,0.44140625,1,1
498,4,0.90234375,0.2734375,0.98828125,0.4140625,1,1
498,4,0.90234375,0.2734375,0.98828125,0.4140625,3,1
498,5,0.21484375,0.29296875,0.31640625,0.67578125,1,1
498,5,0.21484375,0.29296875,0.31640625,0.67578125,3,1
498,5,0.0,0.359375,0.09375,0.6875,1,1
498,5,0.0,0.359375,0.09375,0.6875,3,1
498,5,0.3515625,0.2578125,0.43359375,0.6640625,1,1
498,5,0.3515625,0.2578125,0.43359375,0.6640625,3,1
498,5,0.4453125,0.25390625,0.5390625,0.5390625,1,1
498,5,0.4453125,0.25390625,0.5390625,0.5390625,3,1
498,5,0.53515625,0.22265625,0.60546875,0.52734375,1,1
498,5,0.53515625,0.22265625,0.60546875,0.52734375,3,1
498,5,0.609375,0.25390625,0.69921875,0.6171875,1,1
498,5,0.609375,0.25390625,0.69921875,0.6171875,3,1
498,5,0.703125,0.2578125,0.80078125,0.58984375,3,1
498,5,0.703125,0.2578125,0.80078125,0.58984375,1,1
498,5,0.546875,0.1015625,0.61328125,0.2109375,1,1
498,5,0.546875,0.1015625,0.61328125,0.2109375,4,1
498,5,0.59765625,0.08984375,0.66796875,0.171875,1,1
498,5,0.59765625,0.08984375,0.66796875,0.171875,4,1
498,5,0.66015625,0.1484375,0.7578125,0.22265625,1,1
498,5,0.66015625,0.1484375,0.7578125,0.22265625,4,1
498,5,0.6953125,0.19921875,0.8046875,0.3515625,1,1
498,5,0.6953125,0.19921875,0.8046875,0.3515625,4,1
498,5,0.83203125,0.2578125,0.953125,0.44140625,1,1
498,5,0.90234375,0.2734375,0.98828125,0.4140625,1,1
498,5,0.90234375,0.2734375,0.98828125,0.4140625,3,1
498,6,0.21484375,0.29296875,0.31640625,0.67578125,1,1
498,6,0.21484375,0.29296875,0.31640625,0.67578125,3,1
498,6,0.0,0.359375,0.09375,0.6875,1,1
498,6,0.0,0.359375,0.09375,0.6875,3,1
498,6,0.3515625,0.2578125,0.43359375,0.6640625,1,1
498,6,0.3515625,0.2578125,0.43359375,0.6640625,3,1
498,6,0.44921875,0.234375,0.54296875,0.515625,1,1
498,6,0.44921875,0.234375,0.54296875,0.515625,3,1
498,6,0.53515625,0.22265625,0.60546875,0.52734375,1,1
498,6,0.53515625,0.22265625,0.60546875,0.52734375,3,1
498,6,0.609375,0.25390625,0.69921875,0.6171875,1,1
498,6,0.609375,0.25390625,0.69921875,0.6171875,3,1
498,6,0.703125,0.2578125,0.80078125,0.58984375,3,1
498,6,0.703125,0.2578125,0.80078125,0.58984375,1,1
498,6,0.546875,0.1015625,0.6171875,0.2109375,1,1
498,6,0.546875,0.1015625,0.6171875,0.2109375,4,1
498,6,0.59765625,0.08984375,0.66796875,0.171875,1,1
498,6,0.59765625,0.08984375,0.66796875,0.171875,4,1
498,6,0.66015625,0.1484375,0.7578125,0.22265625,1,1
498,6,0.66015625,0.1484375,0.7578125,0.22265625,4,1
498,6,0.6953125,0.19921875,0.8046875,0.3515625,1,1
498,6,0.6953125,0.19921875,0.8046875,0.3515625,4,1
498,6,0.83203125,0.2578125,0.953125,0.44140625,1,1
498,6,0.90234375,0.2734375,0.98828125,0.4140625,1,1
498,6,0.90234375,0.2734375,0.98828125,0.4140625,3,1
498,7,0.21484375,0.29296875,0.31640625,0.67578125,1,1
498,7,0.21484375,0.29296875,0.31640625,0.67578125,3,1
498,7,0.0,0.359375,0.09375,0.6875,1,1
498,7,0.0,0.359375,0.09375,0.6875,3,1
498,7,0.3515625,0.2578125,0.43359375,0.6640625,1,1
498,7,0.3515625,0.2578125,0.43359375,0.6640625,3,1
498,7,0.44140625,0.21875,0.54296875,0.5234375,1,1
498,7,0.44140625,0.21875,0.54296875,0.5234375,3,1
498,7,0.53515625,0.22265625,0.60546875,0.52734375,1,1
498,7,0.53515625,0.22265625,0.60546875,0.52734375,3,1
498,7,0.609375,0.25390625,0.69921875,0.6171875,1,1
498,7,0.609375,0.25390625,0.69921875,0.6171875,3,1
498,7,0.703125,0.2578125,0.80078125,0.58984375,3,1
498,7,0.703125,0.2578125,0.80078125,0.58984375,1,1
498,7,0.55078125,0.1015625,0.6171875,0.2109375,1,1
498,7,0.55078125,0.1015625,0.6171875,0.2109375,4,1
498,7,0.59765625,0.08984375,0.66796875,0.171875,1,1
498,7,0.59765625,0.08984375,0.66796875,0.171875,4,1
498,7,0.66015625,0.1484375,0.7578125,0.22265625,1,1
498,7,0.66015625,0.1484375,0.7578125,0.22265625,4,1
498,7,0.6953125,0.19921875,0.8046875,0.3515625,1,1
498,7,0.6953125,0.19921875,0.8046875,0.3515625,4,1
498,7,0.83203125,0.2578125,0.953125,0.44140625,1,1
498,7,0.90234375,0.2734375,0.98828125,0.4140625,1,1
498,7,0.90234375,0.2734375,0.98828125,0.4140625,3,1
499,2,0.3203125,0.265625,0.4375,0.6484375,1,1
499,2,0.3203125,0.265625,0.4375,0.6484375,3,1
499,2,0.0,0.33203125,0.13671875,0.58203125,1,1
499,2,0.0,0.33203125,0.13671875,0.58203125,3,1
499,2,0.54296875,0.1015625,0.64453125,0.26171875,1,1
499,2,0.54296875,0.1015625,0.64453125,0.26171875,4,1
499,2,0.74609375,0.1796875,0.8359375,0.30859375,2,1
499,2,0.74609375,0.1796875,0.8359375,0.30859375,5,1
499,2,0.83203125,0.19921875,0.890625,0.30859375,2,1
499,3,0.3203125,0.265625,0.4375,0.6484375,1,1
499,3,0.3203125,0.265625,0.4375,0.6484375,3,1
499,3,0.0,0.33203125,0.13671875,0.58203125,1,1
499,3,0.0,0.33203125,0.13671875,0.58203125,3,1
499,3,0.54296875,0.1015625,0.64453125,0.26171875,1,1
499,3,0.54296875,0.1015625,0.64453125,0.26171875,4,1
499,3,0.74609375,0.1796875,0.8359375,0.30859375,2,1
499,3,0.74609375,0.1796875,0.8359375,0.30859375,5,1
499,3,0.83203125,0.19921875,0.890625,0.30859375,2,1
499,4,0.3203125,0.265625,0.4375,0.6484375,1,1
499,4,0.3203125,0.265625,0.4375,0.6484375,3,1
499,4,0.0,0.33203125,0.13671875,0.58203125,1,1
499,4,0.0,0.33203125,0.13671875,0.58203125,3,1
499,4,0.54296875,0.1015625,0.64453125,0.26171875,1,1
499,4,0.54296875,0.1015625,0.64453125,0.26171875,4,1
499,4,0.74609375,0.1796875,0.8359375,0.30859375,2,1
499,4,0.74609375,0.1796875,0.8359375,0.30859375,5,1
499,4,0.83203125,0.19921875,0.890625,0.30859375,2,1
499,5,0.3203125,0.265625,0.4375,0.6484375,1,1
499,5,0.3203125,0.265625,0.4375,0.6484375,3,1
499,5,0.0,0.33203125,0.13671875,0.58203125,1,1
499,5,0.0,0.33203125,0.13671875,0.58203125,3,1
499,5,0.54296875,0.1015625,0.64453125,0.26171875,1,1
499,5,0.54296875,0.1015625,0.64453125,0.26171875,4,1
499,5,0.74609375,0.1796875,0.8359375,0.30859375,2,1
499,5,0.74609375,0.1796875,0.8359375,0.30859375,5,1
499,5,0.83203125,0.19921875,0.890625,0.30859375,2,1
499,6,0.3203125,0.265625,0.4375,0.6484375,1,1
499,6,0.3203125,0.265625,0.4375,0.6484375,3,1
499,6,0.0,0.33203125,0.13671875,0.58203125,1,1
499,6,0.0,0.33203125,0.13671875,0.58203125,3,1
499,6,0.54296875,0.1015625,0.64453125,0.26171875,1,1
499,6,0.54296875,0.1015625,0.64453125,0.26171875,4,1
499,6,0.74609375,0.1796875,0.8359375,0.30859375,2,1
499,6,0.74609375,0.1796875,0.8359375,0.30859375,5,1
499,6,0.83203125,0.19921875,0.890625,0.30859375,2,1
499,7,0.3203125,0.265625,0.4375,0.6484375,1,1
499,7,0.3203125,0.265625,0.4375,0.6484375,3,1
499,7,0.0,0.33203125,0.13671875,0.58203125,1,1
499,7,0.0,0.33203125,0.13671875,0.58203125,3,1
499,7,0.54296875,0.1015625,0.64453125,0.26171875,1,1
499,7,0.54296875,0.1015625,0.64453125,0.26171875,4,1
499,7,0.74609375,0.1796875,0.8359375,0.30859375,2,1
499,7,0.74609375,0.1796875,0.8359375,0.30859375,5,1
499,7,0.83203125,0.19921875,0.890625,0.30859375,2,1
500,2,0.0234375,0.375,0.12890625,0.66796875,1,1
500,2,0.0234375,0.375,0.12890625,0.66796875,3,1
500,2,0.15625,0.32421875,0.2578125,0.66796875,1,1
500,2,0.15625,0.32421875,0.2578125,0.66796875,3,1
500,2,0.31640625,0.2734375,0.42578125,0.640625,1,1
500,2,0.31640625,0.2734375,0.42578125,0.640625,3,1
500,2,0.43359375,0.2578125,0.59375,0.625,1,1
500,2,0.43359375,0.2578125,0.59375,0.625,3,1
500,2,0.66796875,0.15234375,0.79296875,0.33984375,1,1
500,2,0.66796875,0.15234375,0.79296875,0.33984375,4,1
500,2,0.8671875,0.2734375,0.9765625,0.52734375,1,1
500,2,0.8671875,0.2734375,0.9765625,0.52734375,3,1
500,2,0.78515625,0.22265625,0.84765625,0.296875,2,1
500,3,0.0234375,0.375,0.12890625,0.66796875,1,1
500,3,0.0234375,0.375,0.12890625,0.66796875,3,1
500,3,0.15625,0.32421875,0.2578125,0.66796875,1,1
500,3,0.15625,0.32421875,0.2578125,0.66796875,3,1
500,3,0.31640625,0.2734375,0.42578125,0.640625,1,1
500,3,0.31640625,0.2734375,0.42578125,0.640625,3,1
500,3,0.43359375,0.2578125,0.59375,0.625,1,1
500,3,0.43359375,0.2578125,0.59375,0.625,3,1
500,3,0.66796875,0.15234375,0.79296875,0.33984375,1,1
500,3,0.66796875,0.15234375,0.79296875,0.33984375,4,1
500,3,0.8671875,0.2734375,0.9765625,0.52734375,1,1
500,3,0.8671875,0.2734375,0.9765625,0.52734375,3,1
500,3,0.78515625,0.22265625,0.84765625,0.296875,2,1
500,4,0.0234375,0.375,0.12890625,0.66796875,1,1
500,4,0.0234375,0.375,0.12890625,0.66796875,3,1
500,4,0.15625,0.32421875,0.2578125,0.66796875,1,1
500,4,0.15625,0.32421875,0.2578125,0.66796875,3,1
500,4,0.31640625,0.2734375,0.42578125,0.640625,1,1
500,4,0.31640625,0.2734375,0.42578125,0.640625,3,1
500,4,0.43359375,0.2578125,0.59375,0.625,1,1
500,4,0.43359375,0.2578125,0.59375,0.625,3,1
500,4,0.66796875,0.15234375,0.79296875,0.33984375,1,1
500,4,0.66796875,0.15234375,0.79296875,0.33984375,4,1
500,4,0.8671875,0.2734375,0.9765625,0.52734375,1,1
500,4,0.8671875,0.2734375,0.9765625,0.52734375,3,1
500,4,0.78515625,0.22265625,0.84765625,0.296875,2,1
500,5,0.0234375,0.375,0.12890625,0.66796875,1,1
500,5,0.0234375,0.375,0.12890625,0.66796875,3,1
500,5,0.15625,0.32421875,0.2578125,0.66796875,1,1
500,5,0.15625,0.32421875,0.2578125,0.66796875,3,1
500,5,0.31640625,0.2734375,0.42578125,0.640625,1,1
500,5,0.31640625,0.2734375,0.42578125,0.640625,3,1
500,5,0.43359375,0.2578125,0.59375,0.625,1,1
500,5,0.43359375,0.2578125,0.59375,0.625,3,1
500,5,0.66796875,0.15234375,0.79296875,0.33984375,1,1
500,5,0.66796875,0.15234375,0.79296875,0.33984375,4,1
500,5,0.8671875,0.2734375,0.9765625,0.52734375,1,1
500,5,0.8671875,0.2734375,0.9765625,0.52734375,3,1
500,5,0.78515625,0.22265625,0.84765625,0.296875,2,1
500,6,0.0234375,0.375,0.12890625,0.66796875,1,1
500,6,0.0234375,0.375,0.12890625,0.66796875,3,1
500,6,0.15625,0.32421875,0.2578125,0.66796875,1,1
500,6,0.15625,0.32421875,0.2578125,0.66796875,3,1
500,6,0.31640625,0.2734375,0.42578125,0.640625,1,1
500,6,0.31640625,0.2734375,0.42578125,0.640625,3,1
500,6,0.43359375,0.2578125,0.59375,0.625,1,1
500,6,0.43359375,0.2578125,0.59375,0.625,3,1
500,6,0.66796875,0.15234375,0.79296875,0.33984375,1,1
500,6,0.66796875,0.15234375,0.79296875,0.33984375,4,1
500,6,0.8671875,0.2734375,0.9765625,0.52734375,1,1
500,6,0.8671875,0.2734375,0.9765625,0.52734375,3,1
500,6,0.78515625,0.22265625,0.84765625,0.296875,2,1
500,7,0.0234375,0.375,0.12890625,0.66796875,1,1
500,7,0.0234375,0.375,0.12890625,0.66796875,3,1
500,7,0.15625,0.32421875,0.2578125,0.66796875,1,1
500,7,0.15625,0.32421875,0.2578125,0.66796875,3,1
500,7,0.31640625,0.2734375,0.42578125,0.640625,1,1
500,7,0.31640625,0.2734375,0.42578125,0.640625,3,1
500,7,0.43359375,0.2578125,0.59375,0.625,1,1
500,7,0.43359375,0.2578125,0.59375,0.625,3,1
500,7,0.66796875,0.15234375,0.79296875,0.33984375,1,1
500,7,0.66796875,0.15234375,0.79296875,0.33984375,4,1
500,7,0.8671875,0.2734375,0.9765625,0.52734375,1,1
500,7,0.8671875,0.2734375,0.9765625,0.52734375,3,1
500,7,0.78515625,0.22265625,0.84765625,0.296875,2,1
501,2,0.57421875,0.09375,0.59765625,0.19140625,1,1
501,2,0.53515625,0.10546875,0.57421875,0.2421875,1,1
501,2,0.90625,0.23046875,0.95703125,0.31640625,2,1
501,2,0.9609375,0.2265625,0.9921875,0.34765625,1,1
501,3,0.57421875,0.09375,0.59765625,0.19140625,1,1
501,3,0.53515625,0.10546875,0.57421875,0.2421875,1,1
501,3,0.90625,0.23046875,0.95703125,0.31640625,2,1
501,3,0.9609375,0.2265625,0.9921875,0.34765625,1,1
501,4,0.57421875,0.09375,0.59765625,0.19140625,1,1
501,4,0.53515625,0.10546875,0.57421875,0.2421875,1,1
501,4,0.90625,0.23046875,0.95703125,0.31640625,2,1
501,4,0.9609375,0.2265625,0.9921875,0.34765625,1,1
501,5,0.57421875,0.09375,0.59765625,0.19140625,1,1
501,5,0.53515625,0.10546875,0.57421875,0.2421875,1,1
501,5,0.90625,0.23046875,0.95703125,0.31640625,2,1
501,5,0.9609375,0.2265625,0.9921875,0.34765625,1,1
501,6,0.57421875,0.09375,0.59765625,0.19140625,1,1
501,6,0.53515625,0.10546875,0.57421875,0.2421875,1,1
501,6,0.90625,0.23046875,0.95703125,0.31640625,2,1
501,6,0.9609375,0.2265625,0.9921875,0.34765625,1,1
501,7,0.57421875,0.09375,0.59765625,0.19140625,1,1
501,7,0.53515625,0.10546875,0.57421875,0.2421875,1,1
501,7,0.90625,0.23046875,0.95703125,0.31640625,2,1
501,7,0.9609375,0.2265625,0.9921875,0.34765625,1,1
502,2,0.9375,0.23828125,0.984375,0.328125,2,1
502,2,0.9375,0.23828125,0.984375,0.328125,5,1
502,2,0.66796875,0.11328125,0.78515625,0.34375,1,1
502,2,0.66796875,0.11328125,0.78515625,0.34375,4,1
502,3,0.9375,0.23828125,0.984375,0.328125,2,1
502,3,0.9375,0.23828125,0.984375,0.328125,5,1
502,3,0.66796875,0.11328125,0.78515625,0.34375,1,1
502,3,0.66796875,0.11328125,0.78515625,0.34375,4,1
502,4,0.9375,0.23828125,0.984375,0.328125,2,1
502,4,0.9375,0.23828125,0.984375,0.328125,5,1
502,4,0.66796875,0.11328125,0.78515625,0.34375,1,1
502,4,0.66796875,0.11328125,0.78515625,0.34375,4,1
502,5,0.9375,0.23828125,0.984375,0.328125,2,1
502,5,0.9375,0.23828125,0.984375,0.328125,5,1
502,5,0.66796875,0.11328125,0.78515625,0.34375,1,1
502,5,0.66796875,0.11328125,0.78515625,0.34375,4,1
502,6,0.9375,0.23828125,0.984375,0.328125,2,1
502,6,0.9375,0.23828125,0.984375,0.328125,5,1
502,6,0.66796875,0.11328125,0.78515625,0.34375,1,1
502,6,0.66796875,0.11328125,0.78515625,0.34375,4,1
502,7,0.9375,0.23828125,0.984375,0.328125,2,1
502,7,0.9375,0.23828125,0.984375,0.328125,5,1
502,7,0.66796875,0.11328125,0.78515625,0.34375,1,1
502,7,0.66796875,0.11328125,0.78515625,0.34375,4,1
503,2,0.3359375,0.2734375,0.5703125,0.5546875,1,1
503,2,0.3359375,0.2734375,0.5703125,0.5546875,3,1
503,2,0.87109375,0.25390625,0.96875,0.53125,1,1
503,2,0.87109375,0.25390625,0.96875,0.53125,3,1
503,2,0.9375,0.23828125,0.98046875,0.32421875,2,1
503,2,0.80078125,0.19140625,0.85546875,0.26171875,2,1
503,3,0.30859375,0.27734375,0.52734375,0.5703125,1,1
503,3,0.30859375,0.27734375,0.52734375,0.5703125,3,1
503,3,0.87109375,0.25390625,0.96875,0.53125,1,1
503,3,0.87109375,0.25390625,0.96875,0.53125,3,1
503,3,0.9375,0.23828125,0.98046875,0.32421875,2,1
503,3,0.80078125,0.19140625,0.85546875,0.26171875,2,1
503,4,0.3203125,0.265625,0.4921875,0.6328125,1,1
503,4,0.3203125,0.265625,0.4921875,0.6328125,3,1
503,4,0.87109375,0.25390625,0.96875,0.53125,1,1
503,4,0.87109375,0.25390625,0.96875,0.53125,3,1
503,4,0.9375,0.23828125,0.98046875,0.32421875,2,1
503,4,0.80078125,0.19140625,0.85546875,0.26171875,2,1
503,5,0.3203125,0.265625,0.47265625,0.64453125,1,1
503,5,0.3203125,0.265625,0.47265625,0.64453125,3,1
503,5,0.87109375,0.25390625,0.96875,0.53125,1,1
503,5,0.87109375,0.25390625,0.96875,0.53125,3,1
503,5,0.9375,0.23828125,0.98046875,0.32421875,2,1
503,5,0.80078125,0.19140625,0.85546875,0.26171875,2,1
503,6,0.31640625,0.25,0.43359375,0.64453125,1,1
503,6,0.31640625,0.25,0.43359375,0.64453125,3,1
503,6,0.87109375,0.25390625,0.96875,0.53125,1,1
503,6,0.87109375,0.25390625,0.96875,0.53125,3,1
503,6,0.9375,0.23828125,0.98046875,0.32421875,2,1
503,6,0.80078125,0.19140625,0.85546875,0.26171875,2,1
503,7,0.32421875,0.25390625,0.43359375,0.64453125,1,1
503,7,0.32421875,0.25390625,0.43359375,0.64453125,3,1
503,7,0.87109375,0.25390625,0.96875,0.53125,1,1
503,7,0.87109375,0.25390625,0.96875,0.53125,3,1
503,7,0.9375,0.23828125,0.98046875,0.32421875,2,1
503,7,0.80078125,0.19140625,0.85546875,0.26171875,2,1
504,2,0.9375,0.234375,0.984375,0.32421875,2,1
504,2,0.9375,0.234375,0.984375,0.32421875,5,1
504,2,0.0,0.36328125,0.07421875,0.6015625,1,1
504,2,0.0,0.36328125,0.07421875,0.6015625,3,1
504,2,0.796875,0.19140625,0.8671875,0.265625,2,1
504,3,0.9375,0.234375,0.984375,0.32421875,2,1
504,3,0.9375,0.234375,0.984375,0.32421875,5,1
504,3,0.0,0.36328125,0.07421875,0.6015625,1,1
504,3,0.0,0.36328125,0.07421875,0.6015625,3,1
504,3,0.796875,0.19140625,0.8671875,0.265625,2,1
504,4,0.9375,0.234375,0.984375,0.32421875,2,1
504,4,0.9375,0.234375,0.984375,0.32421875,5,1
504,4,0.0,0.36328125,0.07421875,0.6015625,1,1
504,4,0.0,0.36328125,0.07421875,0.6015625,3,1
504,4,0.796875,0.19140625,0.8671875,0.265625,2,1
504,5,0.9375,0.234375,0.984375,0.32421875,2,1
504,5,0.9375,0.234375,0.984375,0.32421875,5,1
504,5,0.0,0.36328125,0.07421875,0.6015625,1,1
504,5,0.0,0.36328125,0.07421875,0.6015625,3,1
504,5,0.796875,0.19140625,0.8671875,0.265625,2,1
504,6,0.9375,0.234375,0.984375,0.32421875,2,1
504,6,0.9375,0.234375,0.984375,0.32421875,5,1
504,6,0.0,0.36328125,0.07421875,0.6015625,1,1
504,6,0.0,0.36328125,0.07421875,0.6015625,3,1
504,6,0.796875,0.19140625,0.8671875,0.265625,2,1
504,7,0.9375,0.234375,0.984375,0.32421875,2,1
504,7,0.9375,0.234375,0.984375,0.32421875,5,1
504,7,0.0,0.36328125,0.07421875,0.6015625,1,1
504,7,0.0,0.36328125,0.07421875,0.6015625,3,1
504,7,0.796875,0.19140625,0.8671875,0.265625,2,1
505,2,0.02734375,0.3828125,0.109375,0.6796875,1,1
505,2,0.02734375,0.3828125,0.109375,0.6796875,3,1
505,2,0.0859375,0.33984375,0.16015625,0.671875,1,1
505,2,0.0859375,0.33984375,0.16015625,0.671875,3,1
505,2,0.83203125,0.265625,0.88671875,0.52734375,1,1
505,2,0.83203125,0.265625,0.88671875,0.52734375,3,1
505,2,0.9296875,0.32421875,0.96875,0.5,1,1
505,2,0.9296875,0.32421875,0.96875,0.5,3,1
505,2,0.8828125,0.29296875,0.9375,0.46875,1,1
505,2,0.8828125,0.29296875,0.9375,0.46875,3,1
505,2,0.65234375,0.1328125,0.765625,0.32421875,1,1
505,2,0.65234375,0.1328125,0.765625,0.32421875,4,1
505,2,0.85546875,0.1796875,0.91796875,0.30859375,1,1
505,2,0.85546875,0.1796875,0.91796875,0.30859375,5,1
505,3,0.02734375,0.3828125,0.109375,0.6796875,1,1
505,3,0.02734375,0.3828125,0.109375,0.6796875,3,1
505,3,0.0859375,0.33984375,0.16015625,0.671875,1,1
505,3,0.0859375,0.33984375,0.16015625,0.671875,3,1
505,3,0.83203125,0.265625,0.88671875,0.52734375,1,1
505,3,0.83203125,0.265625,0.88671875,0.52734375,3,1
505,3,0.9296875,0.32421875,0.96875,0.5,1,1
505,3,0.9296875,0.32421875,0.96875,0.5,3,1
505,3,0.8828125,0.29296875,0.9375,0.46875,1,1
505,3,0.8828125,0.29296875,0.9375,0.46875,3,1
505,3,0.65234375,0.1328125,0.765625,0.32421875,1,1
505,3,0.65234375,0.1328125,0.765625,0.32421875,4,1
505,3,0.85546875,0.1796875,0.91796875,0.30859375,1,1
505,3,0.85546875,0.1796875,0.91796875,0.30859375,5,1
505,4,0.02734375,0.3828125,0.109375,0.6796875,1,1
505,4,0.02734375,0.3828125,0.109375,0.6796875,3,1
505,4,0.0859375,0.33984375,0.16015625,0.671875,1,1
505,4,0.0859375,0.33984375,0.16015625,0.671875,3,1
505,4,0.83203125,0.265625,0.88671875,0.52734375,1,1
505,4,0.83203125,0.265625,0.88671875,0.52734375,3,1
505,4,0.9296875,0.32421875,0.96875,0.5,1,1
505,4,0.9296875,0.32421875,0.96875,0.5,3,1
505,4,0.8828125,0.29296875,0.9375,0.46875,1,1
505,4,0.8828125,0.29296875,0.9375,0.46875,3,1
505,4,0.65234375,0.1328125,0.765625,0.32421875,1,1
505,4,0.65234375,0.1328125,0.765625,0.32421875,4,1
505,4,0.85546875,0.1796875,0.91796875,0.30859375,1,1
505,4,0.85546875,0.1796875,0.91796875,0.30859375,5,1
505,5,0.02734375,0.3828125,0.109375,0.6796875,1,1
505,5,0.02734375,0.3828125,0.109375,0.6796875,3,1
505,5,0.0859375,0.33984375,0.16015625,0.671875,1,1
505,5,0.0859375,0.33984375,0.16015625,0.671875,3,1
505,5,0.81640625,0.265625,0.88671875,0.4921875,1,1
505,5,0.81640625,0.265625,0.88671875,0.4921875,3,1
505,5,0.9296875,0.32421875,0.96875,0.5,1,1
505,5,0.9296875,0.32421875,0.96875,0.5,3,1
505,5,0.8828125,0.29296875,0.9375,0.46875,1,1
505,5,0.8828125,0.29296875,0.9375,0.46875,3,1
505,5,0.65234375,0.1328125,0.765625,0.32421875,1,1
505,5,0.65234375,0.1328125,0.765625,0.32421875,4,1
505,5,0.85546875,0.1796875,0.91796875,0.30859375,1,1
505,5,0.85546875,0.1796875,0.91796875,0.30859375,5,1
505,6,0.02734375,0.3828125,0.109375,0.6796875,1,1
505,6,0.02734375,0.3828125,0.109375,0.6796875,3,1
505,6,0.0859375,0.33984375,0.16015625,0.671875,1,1
505,6,0.0859375,0.33984375,0.16015625,0.671875,3,1
505,6,0.78515625,0.265625,0.88671875,0.47265625,1,1
505,6,0.78515625,0.265625,0.88671875,0.47265625,3,1
505,6,0.9296875,0.32421875,0.96875,0.5,1,1
505,6,0.9296875,0.32421875,0.96875,0.5,3,1
505,6,0.8828125,0.29296875,0.9375,0.46875,1,1
505,6,0.8828125,0.29296875,0.9375,0.46875,3,1
505,6,0.65234375,0.1328125,0.765625,0.32421875,1,1
505,6,0.65234375,0.1328125,0.765625,0.32421875,4,1
505,6,0.85546875,0.1796875,0.91796875,0.30859375,1,1
505,6,0.85546875,0.1796875,0.91796875,0.30859375,5,1
505,7,0.02734375,0.3828125,0.109375,0.6796875,1,1
505,7,0.02734375,0.3828125,0.109375,0.6796875,3,1
505,7,0.0859375,0.33984375,0.16015625,0.671875,1,1
505,7,0.0859375,0.33984375,0.16015625,0.671875,3,1
505,7,0.7890625,0.265625,0.8828125,0.46875,1,1
505,7,0.7890625,0.265625,0.8828125,0.46875,3,1
505,7,0.9296875,0.32421875,0.96875,0.5,1,1
505,7,0.9296875,0.32421875,0.96875,0.5,3,1
505,7,0.8828125,0.29296875,0.9375,0.46875,1,1
505,7,0.8828125,0.29296875,0.9375,0.46875,3,1
505,7,0.65234375,0.1328125,0.765625,0.32421875,1,1
505,7,0.65234375,0.1328125,0.765625,0.32421875,4,1
505,7,0.85546875,0.1796875,0.91796875,0.30859375,1,1
505,7,0.85546875,0.1796875,0.91796875,0.30859375,5,1
506,2,0.94140625,0.234375,0.9765625,0.33203125,2,1
506,2,0.91015625,0.23046875,0.94921875,0.32421875,2,1
506,2,0.86328125,0.21875,0.91015625,0.3203125,2,1
506,2,0.765625,0.1875,0.83984375,0.30859375,2,1
506,2,0.765625,0.1875,0.83984375,0.30859375,5,1
506,2,0.73828125,0.11328125,0.8359375,0.21484375,1,1
506,2,0.609375,0.26171875,0.80078125,0.58984375,1,1
506,2,0.609375,0.26171875,0.80078125,0.58984375,3,1
506,2,0.5078125,0.22265625,0.578125,0.5390625,1,1
506,2,0.5078125,0.22265625,0.578125,0.5390625,3,1
506,2,0.01171875,0.3359375,0.125,0.6953125,1,1
506,2,0.01171875,0.3359375,0.125,0.6953125,3,1
506,2,0.0,0.3125,0.09765625,0.5625,1,1
506,2,0.0,0.3125,0.09765625,0.5625,3,1
506,3,0.94140625,0.234375,0.9765625,0.33203125,2,1
506,3,0.91015625,0.23046875,0.94921875,0.32421875,2,1
506,3,0.86328125,0.21875,0.91015625,0.3203125,2,1
506,3,0.765625,0.1875,0.83984375,0.30859375,2,1
506,3,0.765625,0.1875,0.83984375,0.30859375,5,1
506,3,0.73828125,0.11328125,0.8359375,0.21484375,1,1
506,3,0.609375,0.26171875,0.80078125,0.58984375,1,1
506,3,0.609375,0.26171875,0.80078125,0.58984375,3,1
506,3,0.4921875,0.22265625,0.578125,0.52734375,1,1
506,3,0.4921875,0.22265625,0.578125,0.52734375,3,1
506,3,0.01171875,0.3359375,0.125,0.6953125,1,1
506,3,0.01171875,0.3359375,0.125,0.6953125,3,1
506,3,0.0,0.3125,0.09765625,0.5625,1,1
506,3,0.0,0.3125,0.09765625,0.5625,3,1
506,4,0.94140625,0.234375,0.9765625,0.33203125,2,1
506,4,0.91015625,0.23046875,0.94921875,0.32421875,2,1
506,4,0.86328125,0.21875,0.91015625,0.3203125,2,1
506,4,0.765625,0.1875,0.83984375,0.30859375,2,1
506,4,0.765625,0.1875,0.83984375,0.30859375,5,1
506,4,0.73828125,0.11328125,0.8359375,0.21484375,1,1
506,4,0.609375,0.26171875,0.80078125,0.58984375,1,1
506,4,0.609375,0.26171875,0.80078125,0.58984375,3,1
506,4,0.45703125,0.21875,0.56640625,0.52734375,1,1
506,4,0.45703125,0.21875,0.56640625,0.52734375,3,1
506,4,0.01171875,0.3359375,0.125,0.6953125,1,1
506,4,0.01171875,0.3359375,0.125,0.6953125,3,1
506,4,0.0,0.3125,0.09765625,0.5625,1,1
506,4,0.0,0.3125,0.09765625,0.5625,3,1
506,5,0.94140625,0.234375,0.9765625,0.33203125,2,1
506,5,0.91015625,0.23046875,0.94921875,0.32421875,2,1
506,5,0.86328125,0.21875,0.91015625,0.3203125,2,1
506,5,0.765625,0.1875,0.83984375,0.30859375,2,1
506,5,0.765625,0.1875,0.83984375,0.30859375,5,1
506,5,0.73828125,0.11328125,0.8359375,0.21484375,1,1
506,5,0.609375,0.26171875,0.80078125,0.58984375,1,1
506,5,0.609375,0.26171875,0.80078125,0.58984375,3,1
506,5,0.36328125,0.22265625,0.5390625,0.55078125,1,1
506,5,0.36328125,0.22265625,0.5390625,0.55078125,3,1
506,5,0.01171875,0.3359375,0.125,0.6953125,1,1
506,5,0.01171875,0.3359375,0.125,0.6953125,3,1
506,5,0.0,0.3125,0.09765625,0.5625,1,1
506,5,0.0,0.3125,0.09765625,0.5625,3,1
506,6,0.94140625,0.234375,0.9765625,0.33203125,2,1
506,6,0.91015625,0.23046875,0.94921875,0.32421875,2,1
506,6,0.86328125,0.21875,0.91015625,0.3203125,2,1
506,6,0.765625,0.1875,0.83984375,0.30859375,2,1
506,6,0.765625,0.1875,0.83984375,0.30859375,5,1
506,6,0.73828125,0.11328125,0.8359375,0.21484375,1,1
506,6,0.609375,0.26171875,0.80078125,0.58984375,1,1
506,6,0.609375,0.26171875,0.80078125,0.58984375,3,1
506,6,0.33984375,0.234375,0.5390625,0.5546875,1,1
506,6,0.33984375,0.234375,0.5390625,0.5546875,3,1
506,6,0.01171875,0.3359375,0.125,0.6953125,1,1
506,6,0.01171875,0.3359375,0.125,0.6953125,3,1
506,6,0.0,0.3125,0.09765625,0.5625,1,1
506,6,0.0,0.3125,0.09765625,0.5625,3,1
506,7,0.94140625,0.234375,0.9765625,0.33203125,2,1
506,7,0.91015625,0.23046875,0.94921875,0.32421875,2,1
506,7,0.86328125,0.21875,0.91015625,0.3203125,2,1
506,7,0.765625,0.1875,0.83984375,0.30859375,2,1
506,7,0.765625,0.1875,0.83984375,0.30859375,5,1
506,7,0.73828125,0.11328125,0.8359375,0.21484375,1,1
506,7,0.609375,0.26171875,0.80078125,0.58984375,1,1
506,7,0.609375,0.26171875,0.80078125,0.58984375,3,1
506,7,0.3046875,0.2421875,0.51171875,0.5703125,1,1
506,7,0.3046875,0.2421875,0.51171875,0.5703125,3,1
506,7,0.01171875,0.3359375,0.125,0.6953125,1,1
506,7,0.01171875,0.3359375,0.125,0.6953125,3,1
506,7,0.0,0.3125,0.09765625,0.5625,1,1
506,7,0.0,0.3125,0.09765625,0.5625,3,1
507,3,0.796875,0.17578125,0.84375,0.3515625,1,1
507,3,0.91015625,0.2265625,0.94921875,0.3203125,2,1
507,3,0.68359375,0.11328125,0.71875,0.21875,1,1
507,3,0.0,0.30078125,0.04296875,0.44140625,2,1
507,3,0.26171875,0.1953125,0.3125,0.2734375,2,1
507,2,0.26171875,0.19140625,0.3125,0.2734375,2,1
507,2,0.26171875,0.19140625,0.3125,0.2734375,5,1
507,2,0.0,0.33203125,0.0390625,0.4453125,2,1
507,2,0.0,0.33203125,0.0390625,0.4453125,5,1
507,2,0.796875,0.171875,0.84375,0.34375,1,1
507,2,0.796875,0.171875,0.84375,0.34375,5,1
507,2,0.9140625,0.23828125,0.953125,0.3203125,2,1
507,2,0.9140625,0.23828125,0.953125,0.3203125,5,1
507,2,0.68359375,0.11328125,0.71875,0.20703125,1,1
493,2,0.1796875,0.2265625,0.23046875,0.30078125,2,1
493,3,0.1796875,0.21875,0.23046875,0.3046875,2,1
493,3,0.1796875,0.21875,0.23046875,0.3046875,5,1
493,4,0.18359375,0.22265625,0.22265625,0.296875,2,1
493,4,0.18359375,0.22265625,0.22265625,0.296875,5,1
493,6,0.17578125,0.21875,0.21484375,0.3203125,2,1
493,5,0.17578125,0.2265625,0.2265625,0.3125,2,1
493,5,0.17578125,0.2265625,0.2265625,0.3125,5,1
493,7,0.171875,0.21484375,0.22265625,0.3125,2,1
493,7,0.171875,0.21484375,0.22265625,0.3125,5,1
477,7,0.4375,0.0,0.50390625,0.11328125,1,1
477,7,0.4375,0.0,0.50390625,0.11328125,5,1
477,6,0.4375,0.0,0.50390625,0.1171875,1,1
477,5,0.43359375,0.0078125,0.50390625,0.11328125,1,1
477,4,0.4375,0.00390625,0.5,0.11328125,1,1
477,4,0.4375,0.00390625,0.5,0.11328125,5,1
477,3,0.4375,0.00390625,0.5078125,0.1015625,1,1
477,2,0.4375,0.00390625,0.5,0.10546875,1,1
467,6,0.30078125,0.09765625,0.33984375,0.1796875,2,1
467,6,0.30078125,0.09765625,0.33984375,0.1796875,5,1
469,4,0.7734375,0.12890625,0.828125,0.26171875,2,1
469,4,0.7734375,0.12890625,0.828125,0.26171875,5,1
469,5,0.76953125,0.140625,0.82421875,0.2421875,2,1
469,5,0.76953125,0.140625,0.82421875,0.2421875,5,1
469,6,0.77734375,0.1328125,0.8359375,0.25,5,1
469,6,0.77734375,0.1328125,0.8359375,0.25,2,1
474,3,0.21484375,0.015625,0.28515625,0.1796875,1,1
474,3,0.21484375,0.015625,0.28515625,0.1796875,5,1
474,3,0.2890625,0.078125,0.36328125,0.1953125,2,1
474,3,0.2890625,0.078125,0.36328125,0.1953125,5,1
474,3,0.13671875,0.0234375,0.18359375,0.12890625,1,1
2,2,0.34765625,0.15234375,0.44921875,0.296875,2,1
2,2,0.34765625,0.15234375,0.44921875,0.296875,5,1
2,2,0.72265625,0.16796875,0.91015625,0.5859375,1,1
2,2,0.0859375,0.2421875,0.15625,0.35546875,2,1
2,2,0.0859375,0.2421875,0.15625,0.35546875,5,1
2,2,0.52734375,0.08203125,0.58984375,0.2109375,2,1
2,2,0.171875,0.16015625,0.234375,0.25,2,1
2,2,0.26171875,0.125,0.328125,0.23046875,2,1
2,2,0.26171875,0.125,0.328125,0.23046875,5,1
2,3,0.7265625,0.17578125,0.91796875,0.56640625,1,1
2,3,0.5234375,0.0859375,0.58984375,0.21484375,2,1
2,3,0.5234375,0.0859375,0.58984375,0.21484375,5,1
2,3,0.36328125,0.15234375,0.453125,0.296875,2,1
2,3,0.36328125,0.15234375,0.453125,0.296875,5,1
2,3,0.08984375,0.25390625,0.16015625,0.35546875,2,1
2,3,0.08984375,0.25390625,0.16015625,0.35546875,5,1
2,3,0.1796875,0.16796875,0.25,0.265625,2,1
2,3,0.2734375,0.140625,0.3359375,0.234375,2,1
2,3,0.3515625,0.0625,0.43359375,0.13671875,1,1
2,4,0.734375,0.17578125,0.92578125,0.55078125,1,1
2,4,0.5234375,0.09765625,0.5859375,0.203125,2,1
2,4,0.5234375,0.09765625,0.5859375,0.203125,5,1
2,4,0.37109375,0.15234375,0.45703125,0.3046875,2,1
2,4,0.37109375,0.15234375,0.45703125,0.3046875,5,1
2,4,0.078125,0.234375,0.16015625,0.35546875,2,1
2,4,0.078125,0.234375,0.16015625,0.35546875,5,1
2,4,0.0859375,0.16015625,0.17578125,0.21875,1,1
2,4,0.19140625,0.15625,0.25,0.2734375,2,1
2,4,0.3046875,0.06640625,0.4453125,0.140625,1,1
2,5,0.37109375,0.14453125,0.44921875,0.29296875,2,1
2,5,0.37109375,0.14453125,0.44921875,0.29296875,5,1
2,5,0.52734375,0.09765625,0.5859375,0.19921875,2,1
2,5,0.52734375,0.09765625,0.5859375,0.19921875,5,1
2,5,0.35546875,0.05078125,0.4453125,0.13671875,1,1
2,5,0.09375,0.23828125,0.17578125,0.359375,2,1
2,5,0.09375,0.23828125,0.17578125,0.359375,5,1
2,5,0.17578125,0.1484375,0.234375,0.26171875,2,1
2,5,0.17578125,0.1484375,0.234375,0.26171875,5,1
2,5,0.25,0.12109375,0.33203125,0.23828125,2,1
2,5,0.73046875,0.17578125,0.92578125,0.54296875,1,1
2,6,0.72265625,0.15234375,0.92578125,0.5390625,1,1
2,6,0.5234375,0.08203125,0.5859375,0.203125,2,1
2,6,0.5234375,0.08203125,0.5859375,0.203125,5,1
2,6,0.36328125,0.14453125,0.44921875,0.30078125,2,1
2,6,0.36328125,0.14453125,0.44921875,0.30078125,5,1
2,6,0.0859375,0.23046875,0.15625,0.35546875,2,1
2,6,0.0859375,0.23046875,0.15625,0.35546875,5,1
2,6,0.1328125,0.15234375,0.19140625,0.2265625,1,1
2,6,0.1953125,0.16796875,0.2578125,0.2578125,2,1
2,6,0.359375,0.05859375,0.4375,0.12890625,1,1
2,6,0.3046875,0.06640625,0.35546875,0.1328125,1,1
2,6,0.26953125,0.15625,0.3359375,0.2421875,2,1
2,6,0.26953125,0.15625,0.3359375,0.2421875,5,1
2,7,0.37109375,0.16015625,0.44921875,0.296875,2,1
2,7,0.37109375,0.16015625,0.44921875,0.296875,5,1
2,7,0.5234375,0.08984375,0.5859375,0.20703125,2,1
2,7,0.5234375,0.08984375,0.5859375,0.20703125,5,1
2,7,0.37109375,0.0390625,0.453125,0.13671875,1,1
2,7,0.7265625,0.16796875,0.93359375,0.5390625,1,1
2,7,0.3203125,0.06640625,0.3671875,0.140625,1,1
2,7,0.07421875,0.23828125,0.16015625,0.35546875,2,1
2,7,0.07421875,0.23828125,0.16015625,0.35546875,5,1
2,7,0.17578125,0.16796875,0.234375,0.26953125,2,1
2,7,0.17578125,0.16796875,0.234375,0.26953125,5,1
2,7,0.25,0.140625,0.3203125,0.2578125,2,1
2,7,0.25,0.140625,0.3203125,0.2578125,5,1
3,2,0.5390625,0.171875,0.796875,0.46484375,1,1
3,2,0.35546875,0.09765625,0.44921875,0.29296875,1,1
3,2,0.29296875,0.203125,0.40234375,0.625,1,1
3,2,0.29296875,0.203125,0.40234375,0.625,3,1
3,2,0.16015625,0.2109375,0.29296875,0.6328125,1,1
3,2,0.16015625,0.2109375,0.29296875,0.6328125,3,1
3,2,0.0234375,0.28515625,0.1171875,0.6328125,1,1
3,2,0.0234375,0.28515625,0.1171875,0.6328125,3,1
3,2,0.5625,0.05078125,0.625,0.14453125,1,1
3,3,0.5390625,0.17578125,0.8125,0.484375,1,1
3,3,0.2890625,0.21484375,0.40625,0.609375,1,1
3,3,0.2890625,0.21484375,0.40625,0.609375,3,1
3,3,0.16796875,0.265625,0.28515625,0.609375,1,1
3,3,0.16796875,0.265625,0.28515625,0.609375,3,1
3,3,0.03515625,0.2890625,0.11328125,0.6328125,1,1
3,3,0.03515625,0.2890625,0.11328125,0.6328125,3,1
3,3,0.3671875,0.09765625,0.44140625,0.30078125,1,1
3,3,0.5703125,0.04296875,0.62109375,0.15234375,1,1
3,4,0.359375,0.1015625,0.44921875,0.3125,1,1
3,4,0.57421875,0.046875,0.6171875,0.15625,1,1
3,4,0.5390625,0.171875,0.8125,0.49609375,1,1
3,4,0.30078125,0.20703125,0.3984375,0.62890625,1,1
3,4,0.30078125,0.20703125,0.3984375,0.62890625,3,1
3,4,0.16015625,0.265625,0.29296875,0.6328125,1,1
3,4,0.16015625,0.265625,0.29296875,0.6328125,3,1
3,4,0.03515625,0.3046875,0.12890625,0.6328125,1,1
3,4,0.03515625,0.3046875,0.12890625,0.6328125,3,1
3,5,0.296875,0.21875,0.40625,0.6015625,1,1
3,5,0.296875,0.21875,0.40625,0.6015625,3,1
3,5,0.17578125,0.265625,0.29296875,0.65234375,1,1
3,5,0.17578125,0.265625,0.29296875,0.65234375,3,1
3,5,0.03515625,0.3125,0.125,0.62109375,1,1
3,5,0.03515625,0.3125,0.125,0.62109375,3,1
3,5,0.3671875,0.10546875,0.453125,0.296875,1,1
3,5,0.546875,0.16796875,0.8125,0.48828125,1,1
3,5,0.5703125,0.04296875,0.6171875,0.15234375,1,1
3,7,0.54296875,0.17578125,0.8125,0.48828125,1,1
3,7,0.55859375,0.03515625,0.62109375,0.1484375,1,1
3,7,0.36328125,0.1015625,0.46484375,0.30078125,1,1
3,7,0.28515625,0.21875,0.40625,0.60546875,1,1
3,7,0.28515625,0.21875,0.40625,0.60546875,3,1
3,7,0.1796875,0.26953125,0.28515625,0.6171875,1,1
3,7,0.1796875,0.26953125,0.28515625,0.6171875,3,1
3,7,0.02734375,0.296875,0.12890625,0.63671875,1,1
3,7,0.02734375,0.296875,0.12890625,0.63671875,3,1
3,6,0.5390625,0.17578125,0.81640625,0.4921875,1,1
3,6,0.5703125,0.046875,0.62109375,0.14453125,1,1
3,6,0.2890625,0.21875,0.41015625,0.625,1,1
3,6,0.2890625,0.21875,0.41015625,0.625,3,1
3,6,0.16796875,0.26953125,0.28515625,0.62890625,1,1
3,6,0.16796875,0.26953125,0.28515625,0.62890625,3,1
3,6,0.03515625,0.29296875,0.12109375,0.640625,1,1
3,6,0.03515625,0.29296875,0.12109375,0.640625,3,1
3,6,0.3671875,0.11328125,0.453125,0.296875,1,1
4,2,0.84375,0.234375,0.9609375,0.55078125,1,1
4,2,0.84375,0.234375,0.9609375,0.55078125,3,1
4,2,0.7578125,0.21484375,0.8359375,0.57421875,1,1
4,2,0.7578125,0.21484375,0.8359375,0.57421875,3,1
4,2,0.6875,0.18359375,0.77734375,0.60546875,1,1
4,2,0.6875,0.18359375,0.77734375,0.60546875,3,1
4,2,0.609375,0.21484375,0.7109375,0.6171875,1,1
4,2,0.609375,0.21484375,0.7109375,0.6171875,3,1
4,2,0.53125,0.203125,0.65625,0.6484375,1,1
4,2,0.53125,0.203125,0.65625,0.6484375,3,1
4,2,0.38671875,0.1640625,0.5078125,0.51953125,1,1
4,2,0.2265625,0.20703125,0.359375,0.609375,1,1
4,2,0.2265625,0.20703125,0.359375,0.609375,3,1
4,2,0.0234375,0.2734375,0.0859375,0.60546875,1,1
4,2,0.0234375,0.2734375,0.0859375,0.60546875,3,1
4,2,0.07421875,0.2421875,0.1484375,0.60546875,1,1
4,2,0.07421875,0.2421875,0.1484375,0.60546875,3,1
4,2,0.125,0.2109375,0.203125,0.625,1,1
4,2,0.125,0.2109375,0.203125,0.625,3,1
4,3,0.39453125,0.1328125,0.5,0.5390625,1,1
4,3,0.53515625,0.19140625,0.66015625,0.6484375,1,1
4,3,0.53515625,0.19140625,0.66015625,0.6484375,3,1
4,3,0.62109375,0.2109375,0.71484375,0.60546875,1,1
4,3,0.62109375,0.2109375,0.71484375,0.60546875,3,1
4,3,0.6875,0.19921875,0.79296875,0.62890625,1,1
4,3,0.6875,0.19921875,0.79296875,0.62890625,3,1
4,3,0.765625,0.21875,0.86328125,0.62109375,1,1
4,3,0.765625,0.21875,0.86328125,0.62109375,3,1
4,3,0.84765625,0.2421875,0.96875,0.59765625,1,1
4,3,0.84765625,0.2421875,0.96875,0.59765625,3,1
4,3,0.21875,0.234375,0.3359375,0.59765625,1,1
4,3,0.21875,0.234375,0.3359375,0.59765625,3,1
4,3,0.1328125,0.23828125,0.24609375,0.62890625,1,1
4,3,0.1328125,0.23828125,0.24609375,0.62890625,3,1
4,3,0.08203125,0.26171875,0.1796875,0.61328125,1,1
4,3,0.08203125,0.26171875,0.1796875,0.61328125,3,1
4,3,0.01953125,0.27734375,0.10546875,0.6328125,1,1
4,3,0.01953125,0.27734375,0.10546875,0.6328125,3,1
4,4,0.015625,0.234375,0.06640625,0.62109375,1,1
4,4,0.015625,0.234375,0.06640625,0.62109375,3,1
4,4,0.0546875,0.25390625,0.1171875,0.62109375,1,1
4,4,0.0546875,0.25390625,0.1171875,0.62109375,3,1
4,4,0.09765625,0.25390625,0.16015625,0.59765625,1,1
4,4,0.09765625,0.25390625,0.16015625,0.59765625,3,1
4,4,0.12890625,0.25390625,0.20703125,0.57421875,1,1
4,4,0.12890625,0.25390625,0.20703125,0.57421875,3,1
4,4,0.21875,0.22265625,0.3515625,0.62109375,1,1
4,4,0.21875,0.22265625,0.3515625,0.62109375,3,1
4,4,0.37890625,0.16796875,0.5,0.5234375,1,1
4,4,0.52734375,0.18359375,0.66796875,0.66015625,1,1
4,4,0.52734375,0.18359375,0.66796875,0.66015625,3,1
4,4,0.625,0.203125,0.72265625,0.625,1,1
4,4,0.625,0.203125,0.72265625,0.625,3,1
4,4,0.69921875,0.18359375,0.7890625,0.625,1,1
4,4,0.69921875,0.18359375,0.7890625,0.625,3,1
4,4,0.7734375,0.2265625,0.8671875,0.578125,1,1
4,4,0.7734375,0.2265625,0.8671875,0.578125,3,1
4,4,0.8515625,0.234375,0.95703125,0.5546875,1,1
4,4,0.8515625,0.234375,0.95703125,0.5546875,3,1
4,5,0.84375,0.2265625,0.96484375,0.57421875,1,1
4,5,0.84375,0.2265625,0.96484375,0.57421875,3,1
4,5,0.75390625,0.20703125,0.83203125,0.59765625,1,1
4,5,0.75390625,0.20703125,0.83203125,0.59765625,3,1
4,5,0.6796875,0.171875,0.7734375,0.61328125,1,1
4,5,0.6796875,0.171875,0.7734375,0.61328125,3,1
4,5,0.61328125,0.203125,0.71484375,0.625,1,1
4,5,0.61328125,0.203125,0.71484375,0.625,3,1
4,5,0.52734375,0.1953125,0.6640625,0.66796875,1,1
4,5,0.52734375,0.1953125,0.6640625,0.66796875,3,1
4,5,0.37109375,0.12890625,0.50390625,0.5078125,1,1
4,5,0.2265625,0.1796875,0.34765625,0.63671875,1,1
4,5,0.2265625,0.1796875,0.34765625,0.63671875,3,1
4,5,0.0234375,0.30859375,0.0859375,0.62890625,1,1
4,5,0.0234375,0.30859375,0.0859375,0.62890625,3,1
4,5,0.0625,0.2578125,0.125,0.640625,1,1
4,5,0.0625,0.2578125,0.125,0.640625,3,1
4,5,0.1015625,0.19921875,0.16796875,0.63671875,1,1
4,5,0.1015625,0.19921875,0.16796875,0.63671875,3,1
4,6,0.02734375,0.2421875,0.109375,0.62890625,1,1
4,6,0.02734375,0.2421875,0.109375,0.62890625,3,1
4,6,0.0703125,0.18359375,0.15234375,0.63671875,1,1
4,6,0.0703125,0.18359375,0.15234375,0.63671875,3,1
4,6,0.1328125,0.12890625,0.21484375,0.6171875,1,1
4,6,0.1328125,0.12890625,0.21484375,0.6171875,3,1
4,6,0.2109375,0.171875,0.33984375,0.6484375,1,1
4,6,0.2109375,0.171875,0.33984375,0.6484375,3,1
4,6,0.37890625,0.1171875,0.5,0.55078125,1,1
4,6,0.5234375,0.16015625,0.6640625,0.6484375,1,1
4,6,0.5234375,0.16015625,0.6640625,0.6484375,3,1
4,6,0.625,0.203125,0.7109375,0.609375,1,1
4,6,0.625,0.203125,0.7109375,0.609375,3,1
4,6,0.6953125,0.18359375,0.78125,0.671875,1,1
4,6,0.6953125,0.18359375,0.78125,0.671875,3,1
4,6,0.765625,0.20703125,0.83203125,0.59375,1,1
4,6,0.765625,0.20703125,0.83203125,0.59375,3,1
4,6,0.8515625,0.234375,0.97265625,0.59375,1,1
4,6,0.8515625,0.234375,0.97265625,0.59375,3,1
4,7,0.83984375,0.22265625,0.95703125,0.578125,1,1
4,7,0.83984375,0.22265625,0.95703125,0.578125,3,1
4,7,0.75390625,0.19921875,0.83203125,0.60546875,1,1
4,7,0.75390625,0.19921875,0.83203125,0.60546875,3,1
4,7,0.68359375,0.18359375,0.77734375,0.625,1,1
4,7,0.68359375,0.18359375,0.77734375,0.625,3,1
4,7,0.62109375,0.21484375,0.71875,0.64453125,1,1
4,7,0.62109375,0.21484375,0.71875,0.64453125,3,1
4,7,0.52734375,0.1875,0.6640625,0.6953125,1,1
4,7,0.52734375,0.1875,0.6640625,0.6953125,3,1
4,7,0.38671875,0.1328125,0.5,0.53515625,1,1
4,7,0.38671875,0.1328125,0.5,0.53515625,3,1
4,7,0.22265625,0.171875,0.34765625,0.62890625,1,1
4,7,0.22265625,0.171875,0.34765625,0.62890625,3,1
4,7,0.140625,0.20703125,0.23828125,0.6484375,1,1
4,7,0.140625,0.20703125,0.23828125,0.6484375,3,1
4,7,0.015625,0.24609375,0.08984375,0.6171875,1,1
4,7,0.015625,0.24609375,0.08984375,0.6171875,3,1
4,7,0.06640625,0.21875,0.15625,0.66796875,1,1
4,7,0.06640625,0.21875,0.15625,0.66796875,3,1
5,2,0.14453125,0.23828125,0.296875,0.63671875,1,1
5,2,0.14453125,0.23828125,0.296875,0.63671875,3,1
5,2,0.2421875,0.16796875,0.40234375,0.37890625,1,1
5,2,0.03515625,0.28125,0.10546875,0.51953125,1,1
5,2,0.4609375,0.23828125,0.703125,0.51171875,1,1
5,2,0.6796875,0.18359375,0.796875,0.53515625,1,1
5,2,0.75390625,0.20703125,0.87109375,0.578125,1,1
5,2,0.75390625,0.20703125,0.87109375,0.578125,3,1
5,2,0.83203125,0.21875,0.97265625,0.60546875,1,1
5,2,0.83203125,0.21875,0.97265625,0.60546875,3,1
5,3,0.16015625,0.2421875,0.32421875,0.62109375,1,1
5,3,0.16015625,0.2421875,0.32421875,0.62109375,3,1
5,3,0.48046875,0.22265625,0.75390625,0.53515625,1,1
5,3,0.671875,0.171875,0.78515625,0.4921875,1,1
5,3,0.7578125,0.203125,0.8671875,0.57421875,1,1
5,3,0.7578125,0.203125,0.8671875,0.57421875,3,1
5,3,0.83203125,0.2109375,0.92578125,0.55859375,1,1
5,3,0.83203125,0.2109375,0.92578125,0.55859375,3,1
5,4,0.15234375,0.234375,0.30078125,0.640625,1,1
5,4,0.15234375,0.234375,0.30078125,0.640625,3,1
5,4,0.28515625,0.18359375,0.40234375,0.47265625,1,1
5,4,0.4375,0.171875,0.5,0.546875,1,1
5,4,0.52734375,0.21875,0.7421875,0.53515625,1,1
5,4,0.6796875,0.16015625,0.82421875,0.5390625,1,1
5,4,0.6796875,0.16015625,0.82421875,0.5390625,3,1
5,4,0.74609375,0.10546875,0.875,0.640625,1,1
5,4,0.74609375,0.10546875,0.875,0.640625,3,1
5,4,0.83984375,0.22265625,0.91796875,0.640625,1,1
5,4,0.83984375,0.22265625,0.91796875,0.640625,3,1
5,4,0.890625,0.25,0.9609375,0.5,1,1
5,5,0.1484375,0.21875,0.29296875,0.65625,1,1
5,5,0.1484375,0.21875,0.29296875,0.65625,3,1
5,5,0.31640625,0.17578125,0.40234375,0.47265625,1,1
5,5,0.43359375,0.1484375,0.50390625,0.4921875,1,1
5,5,0.5390625,0.234375,0.75390625,0.53125,1,1
5,5,0.75,0.1640625,0.875,0.62109375,1,1
5,5,0.83203125,0.2109375,0.92578125,0.609375,1,1
5,5,0.83203125,0.2109375,0.92578125,0.609375,3,1
5,5,0.8828125,0.25390625,0.96875,0.5234375,1,1
5,6,0.14453125,0.23828125,0.296875,0.6171875,1,1
5,6,0.14453125,0.23828125,0.296875,0.6171875,3,1
5,6,0.3125,0.171875,0.44921875,0.5859375,1,1
5,6,0.3125,0.171875,0.44921875,0.5859375,3,1
5,6,0.43359375,0.12109375,0.53515625,0.55859375,1,1
5,6,0.43359375,0.12109375,0.53515625,0.55859375,3,1
5,6,0.5390625,0.23828125,0.75,0.5390625,1,1
5,6,0.64453125,0.1328125,0.78125,0.39453125,1,1
5,6,0.7578125,0.203125,0.87890625,0.59765625,1,1
5,6,0.7578125,0.203125,0.87890625,0.59765625,3,1
5,6,0.8203125,0.21484375,0.9296875,0.53125,1,1
5,6,0.8203125,0.21484375,0.9296875,0.53125,3,1
5,6,0.88671875,0.234375,0.9765625,0.55859375,1,1
5,7,0.140625,0.2109375,0.3046875,0.62890625,1,1
5,7,0.140625,0.2109375,0.3046875,0.62890625,3,1
5,7,0.31640625,0.18359375,0.40625,0.47265625,1,1
5,7,0.4296875,0.15234375,0.58203125,0.5,1,1
5,7,0.546875,0.23828125,0.75390625,0.51171875,1,1
5,7,0.59765625,0.14453125,0.7421875,0.28125,1,1
5,7,0.7578125,0.20703125,0.87890625,0.578125,1,1
5,7,0.83203125,0.234375,0.93359375,0.5703125,1,1
5,7,0.83203125,0.234375,0.93359375,0.5703125,3,1
5,7,0.87890625,0.24609375,0.96484375,0.50390625,1,1
6,2,0.734375,0.1953125,0.90625,0.62109375,1,1
6,2,0.734375,0.1953125,0.90625,0.62109375,3,1
6,2,0.59765625,0.125,0.7265625,0.29296875,1,1
6,2,0.55859375,0.1875,0.7109375,0.48828125,1,1
6,2,0.46484375,0.23046875,0.62109375,0.59765625,1,1
6,2,0.36328125,0.1328125,0.48046875,0.6640625,1,1
6,2,0.21875,0.19140625,0.328125,0.62890625,1,1
6,2,0.125,0.27734375,0.2109375,0.625,1,1
6,2,0.125,0.27734375,0.2109375,0.625,3,1
6,2,0.078125,0.265625,0.140625,0.6640625,1,1
6,2,0.078125,0.265625,0.140625,0.6640625,3,1
6,3,0.08203125,0.26171875,0.16015625,0.63671875,1,1
6,3,0.08203125,0.26171875,0.16015625,0.63671875,3,1
6,3,0.1328125,0.2421875,0.2265625,0.609375,1,1
6,3,0.1328125,0.2421875,0.2265625,0.609375,3,1
6,3,0.21484375,0.2265625,0.3203125,0.6015625,1,1
6,3,0.37109375,0.1484375,0.48828125,0.671875,1,1
6,3,0.4921875,0.18359375,0.62109375,0.62890625,1,1
6,3,0.4921875,0.18359375,0.62109375,0.62890625,3,1
6,3,0.59765625,0.203125,0.734375,0.55859375,1,1
6,3,0.7421875,0.1875,0.88671875,0.6015625,1,1
6,3,0.7421875,0.1875,0.88671875,0.6015625,3,1
6,4,0.08203125,0.24609375,0.16015625,0.640625,1,1
6,4,0.08203125,0.24609375,0.16015625,0.640625,3,1
6,4,0.140625,0.23046875,0.2265625,0.63671875,1,1
6,4,0.140625,0.23046875,0.2265625,0.63671875,3,1
6,4,0.22265625,0.21875,0.30859375,0.59765625,1,1
6,4,0.359375,0.18359375,0.4765625,0.64453125,1,1
6,4,0.359375,0.18359375,0.4765625,0.64453125,3,1
6,4,0.4609375,0.21875,0.62109375,0.62890625,1,1
6,4,0.4609375,0.21875,0.62109375,0.62890625,3,1
6,4,0.59765625,0.203125,0.7421875,0.625,1,1
6,4,0.59765625,0.203125,0.7421875,0.625,3,1
6,4,0.73828125,0.21875,0.88671875,0.59765625,1,1
6,4,0.73828125,0.21875,0.88671875,0.59765625,3,1
6,4,0.4609375,0.12109375,0.6640625,0.26171875,1,1
6,5,0.4296875,0.125,0.63671875,0.2578125,1,1
6,5,0.359375,0.15625,0.48046875,0.703125,1,1
6,5,0.359375,0.15625,0.48046875,0.703125,3,1
6,5,0.44921875,0.20703125,0.6328125,0.58984375,1,1
6,5,0.44921875,0.20703125,0.6328125,0.58984375,3,1
6,5,0.59375,0.21484375,0.75390625,0.609375,1,1
6,5,0.59375,0.21484375,0.75390625,0.609375,3,1
6,5,0.7421875,0.22265625,0.88671875,0.6171875,1,1
6,5,0.7421875,0.22265625,0.88671875,0.6171875,3,1
6,5,0.22265625,0.21875,0.328125,0.5390625,1,1
6,5,0.13671875,0.2265625,0.23046875,0.6328125,1,1
6,5,0.13671875,0.2265625,0.23046875,0.6328125,3,1
6,5,0.0703125,0.26171875,0.15625,0.640625,1,1
6,5,0.0703125,0.26171875,0.15625,0.640625,3,1
6,6,0.23828125,0.20703125,0.33203125,0.50390625,1,1
6,6,0.13671875,0.234375,0.234375,0.62109375,3,1
6,6,0.078125,0.23046875,0.15625,0.66015625,1,1
6,6,0.078125,0.23046875,0.15625,0.66015625,3,1
6,6,0.36328125,0.1484375,0.4609375,0.65625,1,1
6,6,0.36328125,0.1484375,0.4609375,0.65625,3,1
6,6,0.41796875,0.10546875,0.62890625,0.26171875,1,1
6,6,0.453125,0.20703125,0.625,0.6796875,1,1
6,6,0.453125,0.20703125,0.625,0.6796875,3,1
6,6,0.61328125,0.203125,0.75390625,0.640625,1,1
6,6,0.61328125,0.203125,0.75390625,0.640625,3,1
6,6,0.75,0.21875,0.8828125,0.5859375,1,1
6,6,0.75,0.21875,0.8828125,0.5859375,3,1
6,7,0.7421875,0.203125,0.90625,0.62890625,1,1
6,7,0.7421875,0.203125,0.90625,0.62890625,3,1
6,7,0.59765625,0.19140625,0.7421875,0.6796875,1,1
6,7,0.59765625,0.19140625,0.7421875,0.6796875,3,1
6,7,0.44140625,0.19921875,0.59375,0.65234375,1,1
6,7,0.44140625,0.19921875,0.59375,0.65234375,3,1
6,7,0.36328125,0.1796875,0.46484375,0.6796875,1,1
6,7,0.36328125,0.1796875,0.46484375,0.6796875,3,1
6,7,0.4453125,0.12890625,0.62890625,0.26171875,1,1
6,7,0.24609375,0.21484375,0.3359375,0.52734375,1,1
6,7,0.1171875,0.203125,0.234375,0.6484375,1,1
6,7,0.1171875,0.203125,0.234375,0.6484375,3,1
6,7,0.01953125,0.21875,0.12890625,0.65234375,1,1
6,7,0.01953125,0.21875,0.12890625,0.65234375,3,1
7,2,0.30859375,0.12890625,0.375,0.2265625,2,1
7,2,0.1796875,0.1796875,0.2421875,0.265625,2,1
7,2,0.0859375,0.21875,0.1640625,0.37109375,2,1
7,2,0.390625,0.203125,0.50390625,0.52734375,1,1
7,2,0.3828125,0.125,0.45703125,0.2890625,2,1
7,2,0.69140625,0.21875,0.875,0.625,1,1
7,2,0.69140625,0.21875,0.875,0.625,3,1
7,2,0.78515625,0.18359375,0.97265625,0.4375,1,1
7,3,0.08203125,0.234375,0.16796875,0.359375,2,1
7,3,0.08203125,0.234375,0.16796875,0.359375,5,1
7,3,0.3125,0.1328125,0.375,0.22265625,2,1
7,3,0.3125,0.1328125,0.375,0.22265625,5,1
7,3,0.1796875,0.18359375,0.24609375,0.2578125,2,1
7,3,0.1796875,0.18359375,0.24609375,0.2578125,5,1
7,3,0.390625,0.2109375,0.5,0.55859375,1,1
7,3,0.37890625,0.12890625,0.46484375,0.2890625,2,1
7,3,0.37890625,0.12890625,0.46484375,0.2890625,5,1
7,3,0.6875,0.2265625,0.87109375,0.61328125,1,1
7,3,0.6875,0.2265625,0.87109375,0.61328125,3,1
7,3,0.796875,0.21875,0.9609375,0.42578125,1,1
7,4,0.37890625,0.21484375,0.51171875,0.546875,1,1
7,4,0.30078125,0.125,0.37109375,0.2265625,2,1
7,4,0.171875,0.17578125,0.25,0.27734375,2,1
7,4,0.0859375,0.2109375,0.16796875,0.359375,2,1
7,4,0.6953125,0.2109375,0.87109375,0.62109375,1,1
7,4,0.6953125,0.2109375,0.87109375,0.62109375,3,1
7,4,0.796875,0.21484375,0.96875,0.4609375,1,1
7,5,0.3046875,0.1171875,0.37890625,0.23046875,2,1
7,5,0.3046875,0.1171875,0.37890625,0.23046875,3,1
7,5,0.1796875,0.16796875,0.25,0.28125,2,1
7,5,0.1796875,0.16796875,0.25,0.28125,3,1
7,5,0.07421875,0.2109375,0.16015625,0.36328125,2,1
7,5,0.07421875,0.2109375,0.16015625,0.36328125,3,1
7,5,0.390625,0.2109375,0.50390625,0.5546875,1,1
7,5,0.3984375,0.1328125,0.4765625,0.30078125,2,1
7,5,0.71484375,0.25390625,0.88671875,0.61328125,1,1
7,5,0.71484375,0.25390625,0.88671875,0.61328125,3,1
7,5,0.78515625,0.19921875,0.9765625,0.41796875,1,1
7,6,0.703125,0.23828125,0.8984375,0.6171875,1,1
7,6,0.703125,0.23828125,0.8984375,0.6171875,3,1
7,6,0.7890625,0.19140625,0.98046875,0.4375,1,1
7,6,0.37109375,0.18359375,0.5078125,0.53515625,1,1
7,6,0.3046875,0.1171875,0.375,0.23046875,2,1
7,6,0.3046875,0.1171875,0.375,0.23046875,5,1
7,6,0.171875,0.15625,0.25390625,0.27734375,2,1
7,6,0.171875,0.15625,0.25390625,0.27734375,5,1
7,6,0.0703125,0.19921875,0.16015625,0.36328125,2,1
7,6,0.0703125,0.19921875,0.16015625,0.36328125,5,1
7,7,0.078125,0.203125,0.1640625,0.35546875,2,1
7,7,0.078125,0.203125,0.1640625,0.35546875,5,1
7,7,0.18359375,0.16796875,0.24609375,0.26953125,2,1
7,7,0.18359375,0.16796875,0.24609375,0.26953125,5,1
7,7,0.296875,0.11328125,0.375,0.23046875,2,1
7,7,0.296875,0.11328125,0.375,0.23046875,5,1
7,7,0.40234375,0.203125,0.5078125,0.59375,1,1
7,7,0.3828125,0.125,0.46875,0.27734375,2,1
7,7,0.3828125,0.125,0.46875,0.27734375,5,1
7,7,0.6875,0.21875,0.8828125,0.62109375,1,1
7,7,0.6875,0.21875,0.8828125,0.62109375,3,1
7,7,0.77734375,0.16796875,0.97265625,0.4296875,1,1
8,2,0.74609375,0.125,0.84765625,0.33984375,1,1
8,2,0.375,0.13671875,0.47265625,0.2890625,2,1
8,2,0.375,0.13671875,0.47265625,0.2890625,5,1
8,2,0.2578125,0.18359375,0.34765625,0.31640625,2,1
8,2,0.2578125,0.18359375,0.34765625,0.31640625,5,1
8,2,0.14453125,0.16015625,0.24609375,0.328125,2,1
8,2,0.14453125,0.16015625,0.24609375,0.328125,5,1
8,2,0.078125,0.2109375,0.140625,0.3671875,2,1
8,2,0.078125,0.2109375,0.140625,0.3671875,5,1
8,2,0.01953125,0.26171875,0.07421875,0.3984375,2,1
8,2,0.01953125,0.26171875,0.07421875,0.3984375,5,1
8,2,0.28125,0.12109375,0.36328125,0.203125,2,1
8,2,0.28125,0.12109375,0.36328125,0.203125,5,1
8,3,0.71875,0.1015625,0.828125,0.32421875,1,1
8,3,0.3671875,0.125,0.46484375,0.3125,2,1
8,3,0.3671875,0.125,0.46484375,0.3125,5,1
8,3,0.25390625,0.18359375,0.34765625,0.33203125,2,1
8,3,0.25390625,0.18359375,0.34765625,0.33203125,5,1
8,3,0.15234375,0.19921875,0.24609375,0.33984375,2,1
8,3,0.15234375,0.19921875,0.24609375,0.33984375,5,1
8,3,0.07421875,0.203125,0.15234375,0.37890625,2,1
8,3,0.07421875,0.203125,0.15234375,0.37890625,5,1
8,3,0.01171875,0.25,0.078125,0.3984375,2,1
8,3,0.01171875,0.25,0.078125,0.3984375,5,1
8,3,0.27734375,0.140625,0.35546875,0.21875,2,1
8,3,0.27734375,0.140625,0.35546875,0.21875,5,1
8,4,0.71484375,0.09375,0.81640625,0.3046875,1,1
8,4,0.36328125,0.12109375,0.4765625,0.3125,2,1
8,4,0.36328125,0.12109375,0.4765625,0.3125,5,1
8,4,0.24609375,0.1796875,0.3515625,0.31640625,2,1
8,4,0.24609375,0.1796875,0.3515625,0.31640625,5,1
8,4,0.1484375,0.20703125,0.25,0.33984375,2,1
8,4,0.1484375,0.20703125,0.25,0.33984375,5,1
8,4,0.078125,0.2265625,0.15625,0.36328125,2,1
8,4,0.078125,0.2265625,0.15625,0.36328125,5,1
8,4,0.015625,0.25390625,0.078125,0.40625,2,1
8,4,0.015625,0.25390625,0.078125,0.40625,5,1
8,4,0.26171875,0.1171875,0.36328125,0.2109375,2,1
8,4,0.26171875,0.1171875,0.36328125,0.2109375,5,1
8,5,0.6953125,0.078125,0.7890625,0.28515625,1,1
8,5,0.359375,0.13671875,0.4609375,0.296875,2,1
8,5,0.359375,0.13671875,0.4609375,0.296875,5,1
8,5,0.25,0.18359375,0.34765625,0.31640625,2,1
8,5,0.25,0.18359375,0.34765625,0.31640625,5,1
8,5,0.14453125,0.19921875,0.25390625,0.34375,2,1
8,5,0.14453125,0.19921875,0.25390625,0.34375,5,1
8,5,0.08203125,0.2109375,0.15625,0.37109375,2,1
8,5,0.08203125,0.2109375,0.15625,0.37109375,5,1
8,5,0.01171875,0.265625,0.0703125,0.3984375,2,1
8,5,0.01171875,0.265625,0.0703125,0.3984375,5,1
8,5,0.27734375,0.12890625,0.36328125,0.21484375,2,1
8,5,0.27734375,0.12890625,0.36328125,0.21484375,5,1
8,6,0.68359375,0.07421875,0.78515625,0.27734375,1,1
8,6,0.37109375,0.12109375,0.46875,0.296875,2,1
8,6,0.37109375,0.12109375,0.46875,0.296875,5,1
8,6,0.26171875,0.15625,0.34765625,0.31640625,2,1
8,6,0.26171875,0.15625,0.34765625,0.31640625,5,1
8,6,0.15625,0.203125,0.25390625,0.3359375,2,1
8,6,0.15625,0.203125,0.25390625,0.3359375,5,1
8,6,0.078125,0.203125,0.1640625,0.36328125,2,1
8,6,0.078125,0.203125,0.1640625,0.36328125,5,1
8,6,0.0078125,0.23828125,0.07421875,0.3984375,2,1
8,6,0.0078125,0.23828125,0.07421875,0.3984375,5,1
8,7,0.65234375,0.0625,0.78125,0.2578125,1,1
8,7,0.35546875,0.12109375,0.46875,0.296875,2,1
8,7,0.35546875,0.12109375,0.46875,0.296875,5,1
8,7,0.265625,0.18359375,0.34765625,0.33203125,2,1
8,7,0.265625,0.18359375,0.34765625,0.33203125,5,1
8,7,0.15234375,0.19921875,0.24609375,0.34765625,2,1
8,7,0.15234375,0.19921875,0.24609375,0.34765625,5,1
8,7,0.07421875,0.21875,0.16015625,0.375,2,1
8,7,0.07421875,0.21875,0.16015625,0.375,5,1
9,2,0.3671875,0.1328125,0.453125,0.3203125,1,1
9,2,0.24609375,0.18359375,0.34765625,0.33203125,2,1
9,2,0.24609375,0.18359375,0.34765625,0.33203125,5,1
9,2,0.1640625,0.21484375,0.2421875,0.3515625,2,1
9,2,0.1640625,0.21484375,0.2421875,0.3515625,5,1
9,2,0.06640625,0.22265625,0.15234375,0.37890625,2,1
9,2,0.06640625,0.22265625,0.15234375,0.37890625,5,1
9,2,0.25,0.140625,0.3125,0.21875,2,1
9,3,0.35546875,0.12109375,0.44921875,0.33984375,1,1
9,3,0.24609375,0.1875,0.34375,0.33203125,2,1
9,3,0.24609375,0.1875,0.34375,0.33203125,5,1
9,3,0.15625,0.20703125,0.25,0.359375,2,1
9,3,0.15625,0.20703125,0.25,0.359375,5,1
9,3,0.05859375,0.2265625,0.16015625,0.38671875,2,1
9,3,0.05859375,0.2265625,0.16015625,0.38671875,5,1
9,3,0.1796875,0.1640625,0.25,0.25,2,1
9,3,0.265625,0.13671875,0.34765625,0.2265625,2,1
9,4,0.35546875,0.12109375,0.453125,0.33984375,1,1
9,4,0.25,0.17578125,0.33984375,0.33203125,2,1
9,4,0.25,0.17578125,0.33984375,0.33203125,5,1
9,4,0.16015625,0.19140625,0.24609375,0.359375,2,1
9,4,0.16015625,0.19140625,0.24609375,0.359375,5,1
9,4,0.0703125,0.234375,0.1640625,0.40234375,2,1
9,4,0.0703125,0.234375,0.1640625,0.40234375,5,1
9,5,0.35546875,0.1171875,0.453125,0.34375,1,1
9,5,0.25,0.1875,0.3515625,0.32421875,2,1
9,5,0.25,0.1875,0.3515625,0.32421875,5,1
9,5,0.15625,0.1953125,0.24609375,0.34765625,2,1
9,5,0.15625,0.1953125,0.24609375,0.34765625,5,1
9,5,0.0703125,0.234375,0.15234375,0.37109375,2,1
9,5,0.0703125,0.234375,0.15234375,0.37109375,5,1
9,6,0.37109375,0.12890625,0.45703125,0.33203125,1,1
9,6,0.2421875,0.16796875,0.3515625,0.3203125,2,1
9,6,0.2421875,0.16796875,0.3515625,0.3203125,5,1
9,6,0.16015625,0.203125,0.25,0.34765625,2,1
9,6,0.16015625,0.203125,0.25,0.34765625,5,1
9,6,0.06640625,0.21875,0.171875,0.3828125,2,1
9,6,0.06640625,0.21875,0.171875,0.3828125,5,1
9,7,0.35546875,0.11328125,0.453125,0.328125,1,1
9,7,0.25390625,0.16796875,0.34765625,0.3203125,2,1
9,7,0.25390625,0.16796875,0.34765625,0.3203125,5,1
9,7,0.15234375,0.18359375,0.25,0.33984375,2,1
9,7,0.15234375,0.18359375,0.25,0.33984375,5,1
9,7,0.0625,0.20703125,0.15625,0.37109375,2,1
9,7,0.0625,0.20703125,0.15625,0.37109375,5,1
10,2,0.58984375,0.19140625,0.75390625,0.546875,1,1
10,2,0.5078125,0.12109375,0.58203125,0.27734375,2,1
10,2,0.5078125,0.12109375,0.58203125,0.27734375,5,1
10,2,0.25390625,0.171875,0.37109375,0.32421875,2,1
10,2,0.25390625,0.171875,0.37109375,0.32421875,5,1
10,2,0.03125,0.25,0.1171875,0.375,2,1
10,2,0.03125,0.25,0.1171875,0.375,5,1
10,2,0.171875,0.1796875,0.23828125,0.265625,2,1
10,2,0.171875,0.1796875,0.23828125,0.265625,5,1
10,2,0.3125,0.13671875,0.37890625,0.20703125,2,1
10,2,0.3125,0.13671875,0.37890625,0.20703125,5,1
10,3,0.5859375,0.18359375,0.765625,0.546875,1,1
10,3,0.51953125,0.11328125,0.578125,0.28125,2,1
10,3,0.51953125,0.11328125,0.578125,0.28125,5,1
10,3,0.234375,0.203125,0.36328125,0.3203125,2,1
10,3,0.234375,0.203125,0.36328125,0.3203125,5,1
10,3,0.30859375,0.12890625,0.390625,0.19921875,2,1
10,3,0.30859375,0.12890625,0.390625,0.19921875,5,1
10,3,0.03515625,0.28515625,0.12109375,0.3828125,2,1
10,3,0.03515625,0.28515625,0.12109375,0.3828125,5,1
10,4,0.2421875,0.16796875,0.359375,0.33203125,2,1
10,4,0.2421875,0.16796875,0.359375,0.33203125,5,1
10,4,0.0234375,0.25,0.125,0.40234375,2,1
10,4,0.0234375,0.25,0.125,0.40234375,5,1
10,4,0.16796875,0.17578125,0.2421875,0.265625,2,1
10,4,0.16796875,0.17578125,0.2421875,0.265625,5,1
10,4,0.5234375,0.1171875,0.5859375,0.28125,2,1
10,4,0.5234375,0.1171875,0.5859375,0.28125,5,1
10,4,0.58203125,0.18359375,0.78515625,0.59765625,1,1
10,5,0.58203125,0.17578125,0.79296875,0.54296875,1,1
10,5,0.5234375,0.109375,0.5703125,0.27734375,2,1
10,5,0.5234375,0.109375,0.5703125,0.27734375,5,1
10,5,0.2578125,0.1953125,0.35546875,0.33203125,2,1
10,5,0.2578125,0.1953125,0.35546875,0.33203125,5,1
10,5,0.03125,0.25390625,0.11328125,0.38671875,2,1
10,5,0.03125,0.25390625,0.11328125,0.38671875,5,1
10,5,0.12109375,0.1953125,0.1875,0.27734375,2,1
10,5,0.12109375,0.1953125,0.1875,0.27734375,5,1
10,6,0.51953125,0.10546875,0.58203125,0.28125,2,1
10,6,0.51953125,0.10546875,0.58203125,0.28125,5,1
10,6,0.58203125,0.18359375,0.8203125,0.5703125,1,1
10,6,0.25390625,0.15625,0.35546875,0.33203125,2,1
10,6,0.25390625,0.15625,0.35546875,0.33203125,5,1
10,6,0.0390625,0.25,0.12890625,0.3984375,2,1
10,6,0.0390625,0.25,0.12890625,0.3984375,5,1
10,6,0.171875,0.171875,0.24609375,0.2734375,2,1
10,6,0.171875,0.171875,0.24609375,0.2734375,5,1
10,6,0.12890625,0.18359375,0.17578125,0.3046875,2,1
10,6,0.12890625,0.18359375,0.17578125,0.3046875,5,1
10,7,0.58203125,0.18359375,0.78515625,0.5546875,1,1
10,7,0.5234375,0.125,0.5703125,0.265625,2,1
10,7,0.5234375,0.125,0.5703125,0.265625,5,1
10,7,0.25,0.18359375,0.359375,0.328125,2,1
10,7,0.25,0.18359375,0.359375,0.328125,5,1
10,7,0.046875,0.26171875,0.109375,0.36328125,2,1
10,7,0.046875,0.26171875,0.109375,0.36328125,5,1
10,7,0.12109375,0.19140625,0.1796875,0.28515625,2,1
10,7,0.12109375,0.19140625,0.1796875,0.28515625,5,1
10,7,0.18359375,0.16015625,0.2421875,0.28125,2,1
10,7,0.18359375,0.16015625,0.2421875,0.28125,5,1
11,2,0.08984375,0.21484375,0.17578125,0.3671875,2,1
11,2,0.08984375,0.21484375,0.17578125,0.3671875,5,1
11,2,0.1796875,0.16796875,0.2421875,0.26953125,2,1
11,2,0.328125,0.1171875,0.46484375,0.328125,2,1
11,2,0.328125,0.1171875,0.46484375,0.328125,5,1
11,2,0.5234375,0.12109375,0.6171875,0.2890625,2,1
11,2,0.5234375,0.12109375,0.6171875,0.2890625,5,1
11,3,0.0859375,0.20703125,0.17578125,0.375,2,1
11,3,0.0859375,0.20703125,0.17578125,0.375,5,1
11,3,0.1796875,0.15625,0.25,0.2578125,2,1
11,3,0.1796875,0.15625,0.25,0.2578125,5,1
11,3,0.3046875,0.125,0.38671875,0.21484375,2,1
11,3,0.3046875,0.125,0.38671875,0.21484375,5,1
11,3,0.37109375,0.15234375,0.44921875,0.30859375,2,1
11,3,0.37109375,0.15234375,0.44921875,0.30859375,5,1
11,3,0.5234375,0.13671875,0.62109375,0.29296875,2,1
11,3,0.5234375,0.13671875,0.62109375,0.29296875,5,1
11,4,0.5234375,0.12109375,0.59375,0.28125,2,1
11,4,0.5234375,0.12109375,0.59375,0.28125,5,1
11,4,0.375,0.1328125,0.46484375,0.3046875,2,1
11,4,0.375,0.1328125,0.46484375,0.3046875,5,1
11,4,0.30078125,0.1328125,0.3671875,0.21875,2,1
11,4,0.30078125,0.1328125,0.3671875,0.21875,5,1
11,4,0.17578125,0.1640625,0.24609375,0.27734375,2,1
11,4,0.17578125,0.1640625,0.24609375,0.27734375,5,1
11,4,0.07421875,0.18359375,0.1640625,0.3515625,2,1
11,4,0.07421875,0.18359375,0.1640625,0.3515625,5,1
11,5,0.5234375,0.1015625,0.59765625,0.27734375,2,1
11,5,0.5234375,0.1015625,0.59765625,0.27734375,5,1
11,5,0.359375,0.14453125,0.46484375,0.30859375,2,1
11,5,0.359375,0.14453125,0.46484375,0.30859375,5,1
11,5,0.30859375,0.125,0.3671875,0.2109375,2,1
11,5,0.30859375,0.125,0.3671875,0.2109375,5,1
11,5,0.18359375,0.15625,0.23828125,0.26171875,2,1
11,5,0.18359375,0.15625,0.23828125,0.26171875,5,1
11,5,0.0625,0.19140625,0.171875,0.359375,2,1
11,5,0.0625,0.19140625,0.171875,0.359375,5,1
11,6,0.5234375,0.109375,0.6015625,0.296875,2,1
11,6,0.5234375,0.109375,0.6015625,0.296875,5,1
11,6,0.35546875,0.1328125,0.4765625,0.31640625,2,1
11,6,0.35546875,0.1328125,0.4765625,0.31640625,5,1
11,6,0.07421875,0.19921875,0.1796875,0.359375,2,1
11,6,0.07421875,0.19921875,0.1796875,0.359375,5,1
11,6,0.1796875,0.1484375,0.2578125,0.26953125,2,1
11,6,0.1796875,0.1484375,0.2578125,0.26953125,5,1
11,7,0.09375,0.2109375,0.1796875,0.3671875,2,1
11,7,0.09375,0.2109375,0.1796875,0.3671875,5,1
11,7,0.1796875,0.16015625,0.23828125,0.27734375,2,1
11,7,0.1796875,0.16015625,0.23828125,0.27734375,5,1
11,7,0.30078125,0.1328125,0.37890625,0.2109375,2,1
11,7,0.30078125,0.1328125,0.37890625,0.2109375,5,1
11,7,0.37109375,0.13671875,0.453125,0.30859375,2,1
11,7,0.37109375,0.13671875,0.453125,0.30859375,5,1
11,7,0.5234375,0.12890625,0.60546875,0.28125,2,1
11,7,0.5234375,0.12890625,0.60546875,0.28125,5,1
12,2,0.3984375,0.2265625,0.5859375,0.5234375,1,1
12,2,0.8125,0.2109375,0.98046875,0.53125,1,1
12,2,0.15625,0.28125,0.33984375,0.53515625,1,1
12,2,0.35546875,0.14453125,0.46875,0.2734375,2,1
12,2,0.27734375,0.07421875,0.36328125,0.15625,1,1
12,2,0.09375,0.22265625,0.1640625,0.35546875,2,1
12,2,0.09375,0.22265625,0.1640625,0.35546875,5,1
12,2,0.03125,0.23046875,0.09375,0.3828125,2,1
12,2,0.03125,0.23046875,0.09375,0.3828125,5,1
12,3,0.3984375,0.20703125,0.58203125,0.53125,1,1
12,3,0.14453125,0.26953125,0.32421875,0.515625,1,1
12,3,0.8125,0.18359375,0.9765625,0.48828125,1,1
12,3,0.37109375,0.16015625,0.46875,0.28125,2,1
12,3,0.37109375,0.16015625,0.46875,0.28125,5,1
12,3,0.08984375,0.2265625,0.171875,0.34765625,2,1
12,3,0.08984375,0.2265625,0.171875,0.34765625,5,1
12,3,0.0390625,0.23828125,0.09765625,0.37109375,2,1
12,3,0.0390625,0.23828125,0.09765625,0.37109375,5,1
12,4,0.3515625,0.12890625,0.453125,0.26953125,2,1
12,4,0.08984375,0.21875,0.1640625,0.34375,2,1
12,4,0.03515625,0.25,0.1015625,0.39453125,2,1
12,4,0.14453125,0.265625,0.35546875,0.4609375,1,1
12,4,0.40234375,0.21484375,0.57421875,0.54296875,1,1
12,4,0.81640625,0.203125,0.9765625,0.546875,1,1
12,4,0.29296875,0.08984375,0.3671875,0.16796875,1,1
12,5,0.39453125,0.2265625,0.59375,0.51953125,1,1
12,5,0.796875,0.23046875,0.9765625,0.55078125,1,1
12,5,0.359375,0.13671875,0.46484375,0.2890625,2,1
12,5,0.359375,0.13671875,0.46484375,0.2890625,5,1
12,5,0.26953125,0.05859375,0.37109375,0.1875,1,1
12,5,0.1484375,0.26953125,0.359375,0.5625,1,1
12,5,0.0859375,0.22265625,0.1640625,0.35546875,2,1
12,5,0.0859375,0.22265625,0.1640625,0.35546875,5,1
12,5,0.03125,0.24609375,0.10546875,0.37890625,2,1
12,5,0.03125,0.24609375,0.10546875,0.37890625,5,1
12,6,0.40234375,0.2265625,0.59765625,0.53125,1,1
12,6,0.79296875,0.203125,0.984375,0.55859375,1,1
12,6,0.37109375,0.13671875,0.453125,0.265625,2,1
12,6,0.37109375,0.13671875,0.453125,0.265625,5,1
12,6,0.140625,0.2734375,0.34375,0.54296875,1,1
12,6,0.09375,0.234375,0.15234375,0.3515625,2,1
12,6,0.09375,0.234375,0.15234375,0.3515625,5,1
12,6,0.03515625,0.25390625,0.08984375,0.37109375,2,1
12,6,0.03515625,0.25390625,0.08984375,0.37109375,5,1
12,6,0.28515625,0.08984375,0.37109375,0.19140625,1,1
12,7,0.390625,0.21875,0.59765625,0.546875,1,1
12,7,0.8125,0.1796875,0.98828125,0.56640625,1,1
12,7,0.3671875,0.140625,0.46484375,0.2734375,2,1
12,7,0.3671875,0.140625,0.46484375,0.2734375,5,1
12,7,0.1484375,0.2734375,0.3515625,0.53515625,1,1
12,7,0.08984375,0.20703125,0.16796875,0.375,2,1
12,7,0.08984375,0.20703125,0.16796875,0.375,5,1
12,7,0.03515625,0.21875,0.09765625,0.375,2,1
12,7,0.03515625,0.21875,0.09765625,0.375,5,1
12,7,0.2890625,0.0703125,0.3671875,0.203125,1,1
13,2,0.35546875,0.1640625,0.4609375,0.296875,2,1
13,2,0.35546875,0.1640625,0.4609375,0.296875,5,1
13,2,0.51953125,0.1171875,0.5859375,0.3046875,1,1
13,2,0.7734375,0.23046875,0.97265625,0.5234375,1,1
13,2,0.25390625,0.171875,0.34765625,0.3046875,2,1
13,2,0.25390625,0.171875,0.34765625,0.3046875,5,1
13,2,0.1640625,0.1875,0.23828125,0.33984375,2,1
13,2,0.1640625,0.1875,0.23828125,0.33984375,5,1
13,2,0.08984375,0.21484375,0.15625,0.3515625,2,1
13,2,0.08984375,0.21484375,0.15625,0.3515625,5,1
13,2,0.25,0.078125,0.33203125,0.1640625,1,1
13,2,0.03125,0.25,0.08203125,0.3671875,2,1
13,2,0.03125,0.25,0.08203125,0.3671875,5,1
13,3,0.78515625,0.2265625,0.96484375,0.5234375,1,1
13,3,0.51171875,0.09375,0.58984375,0.30859375,1,1
13,3,0.36328125,0.14453125,0.46484375,0.2890625,2,1
13,3,0.36328125,0.14453125,0.46484375,0.2890625,5,1
13,3,0.26171875,0.19140625,0.359375,0.3125,2,1
13,3,0.26171875,0.19140625,0.359375,0.3125,5,1
13,3,0.26171875,0.078125,0.33984375,0.17578125,1,1
13,3,0.16015625,0.18359375,0.2421875,0.34375,2,1
13,3,0.16015625,0.18359375,0.2421875,0.34375,5,1
13,3,0.0859375,0.1953125,0.15625,0.34765625,2,1
13,3,0.0859375,0.1953125,0.15625,0.34765625,5,1
13,3,0.03515625,0.23046875,0.08984375,0.3671875,2,1
13,3,0.03515625,0.23046875,0.08984375,0.3671875,5,1
13,4,0.7578125,0.23828125,0.9609375,0.515625,1,1
13,4,0.51953125,0.08984375,0.59765625,0.32421875,1,1
13,4,0.35546875,0.1328125,0.46484375,0.28515625,2,1
13,4,0.35546875,0.1328125,0.46484375,0.28515625,5,1
13,4,0.2421875,0.17578125,0.34375,0.3203125,2,1
13,4,0.2421875,0.17578125,0.34375,0.3203125,5,1
13,4,0.15234375,0.171875,0.23046875,0.33984375,2,1
13,4,0.15234375,0.171875,0.23046875,0.33984375,5,1
13,4,0.08984375,0.2109375,0.15625,0.34765625,2,1
13,4,0.08984375,0.2109375,0.15625,0.34765625,5,1
13,4,0.0234375,0.23828125,0.0859375,0.37890625,2,1
13,4,0.0234375,0.23828125,0.0859375,0.37890625,5,1
13,4,0.2734375,0.08984375,0.33203125,0.19140625,1,1
13,5,0.515625,0.109375,0.58984375,0.30078125,1,1
13,5,0.765625,0.21875,0.94140625,0.546875,1,1
13,5,0.37109375,0.16015625,0.47265625,0.3125,2,1
13,5,0.37109375,0.16015625,0.47265625,0.3125,5,1
13,5,0.25390625,0.16796875,0.35546875,0.3203125,2,1
13,5,0.25390625,0.16796875,0.35546875,0.3203125,5,1
13,5,0.16015625,0.203125,0.23828125,0.35546875,2,1
13,5,0.16015625,0.203125,0.23828125,0.35546875,5,1
13,5,0.078125,0.23046875,0.15625,0.3515625,2,1
13,5,0.078125,0.23046875,0.15625,0.3515625,5,1
13,5,0.03125,0.234375,0.08203125,0.37109375,2,1
13,5,0.03125,0.234375,0.08203125,0.37109375,5,1
13,5,0.26171875,0.08203125,0.33984375,0.1796875,5,1
13,5,0.26171875,0.08203125,0.33984375,0.1796875,1,1
13,6,0.26171875,0.09375,0.3359375,0.1875,1,1
13,6,0.26171875,0.09375,0.3359375,0.1875,5,1
13,6,0.15234375,0.18359375,0.23828125,0.34765625,2,1
13,6,0.15234375,0.18359375,0.23828125,0.34765625,5,1
13,6,0.07421875,0.2109375,0.14453125,0.36328125,2,1
13,6,0.07421875,0.2109375,0.14453125,0.36328125,5,1
13,6,0.03125,0.25390625,0.0859375,0.3984375,2,1
13,6,0.03125,0.25390625,0.0859375,0.3984375,5,1
13,6,0.2578125,0.15625,0.3515625,0.328125,2,1
13,6,0.2578125,0.15625,0.3515625,0.328125,5,1
13,6,0.3671875,0.13671875,0.46875,0.296875,2,1
13,6,0.3671875,0.13671875,0.46875,0.296875,5,1
13,6,0.515625,0.09375,0.58203125,0.30859375,1,1
13,6,0.7578125,0.2265625,0.94921875,0.49609375,1,1
13,7,0.7734375,0.2421875,0.95703125,0.5078125,1,1
13,7,0.51953125,0.09765625,0.59765625,0.3125,1,1
13,7,0.35546875,0.1484375,0.4765625,0.296875,2,1
13,7,0.35546875,0.1484375,0.4765625,0.296875,5,1
13,7,0.23828125,0.171875,0.34765625,0.32421875,2,1
13,7,0.23828125,0.171875,0.34765625,0.32421875,5,1
13,7,0.1484375,0.19140625,0.234375,0.33984375,2,1
13,7,0.1484375,0.19140625,0.234375,0.33984375,5,1
13,7,0.07421875,0.2421875,0.140625,0.3515625,2,1
13,7,0.07421875,0.2421875,0.140625,0.3515625,5,1
13,7,0.01953125,0.2578125,0.07421875,0.37109375,2,1
13,7,0.01953125,0.2578125,0.07421875,0.37109375,5,1
13,7,0.26953125,0.09765625,0.33203125,0.1640625,5,1
13,7,0.26953125,0.09765625,0.33203125,0.1640625,1,1
14,2,0.359375,0.125,0.46484375,0.30859375,2,1
14,2,0.359375,0.125,0.46484375,0.30859375,5,1
14,2,0.51953125,0.10546875,0.59375,0.2890625,2,1
14,2,0.51953125,0.10546875,0.59375,0.2890625,5,1
14,2,0.80078125,0.22265625,0.9765625,0.58203125,1,1
14,2,0.2265625,0.15625,0.34765625,0.3203125,2,1
14,2,0.2265625,0.15625,0.34765625,0.3203125,5,1
14,2,0.1484375,0.20703125,0.23046875,0.3515625,2,1
14,2,0.1484375,0.20703125,0.23046875,0.3515625,5,1
14,2,0.09765625,0.23828125,0.16015625,0.35546875,2,1
14,2,0.09765625,0.23828125,0.16015625,0.35546875,5,1
14,2,0.01953125,0.23828125,0.09375,0.375,2,1
14,2,0.01953125,0.23828125,0.09375,0.375,5,1
14,2,0.140625,0.10546875,0.234375,0.20703125,1,1
14,3,0.515625,0.10546875,0.59375,0.2890625,2,1
14,3,0.515625,0.10546875,0.59375,0.2890625,5,1
14,3,0.8125,0.21484375,0.98828125,0.5546875,1,1
14,3,0.35546875,0.12890625,0.45703125,0.296875,2,1
14,3,0.35546875,0.12890625,0.45703125,0.296875,5,1
14,3,0.2421875,0.16796875,0.34375,0.30859375,2,1
14,3,0.2421875,0.16796875,0.34375,0.30859375,5,1
14,3,0.16015625,0.203125,0.234375,0.3359375,2,1
14,3,0.16015625,0.203125,0.234375,0.3359375,5,1
14,3,0.08203125,0.234375,0.15234375,0.3515625,2,1
14,3,0.08203125,0.234375,0.15234375,0.3515625,5,1
14,3,0.03515625,0.25390625,0.0859375,0.375,2,1
14,3,0.03515625,0.25390625,0.0859375,0.375,5,1
14,3,0.140625,0.10546875,0.23828125,0.2109375,1,1
14,4,0.1328125,0.12109375,0.23046875,0.2109375,1,1
14,4,0.03125,0.23828125,0.09375,0.37109375,2,1
14,4,0.03125,0.23828125,0.09375,0.37109375,5,1
14,4,0.10546875,0.2265625,0.16796875,0.35546875,2,1
14,4,0.10546875,0.2265625,0.16796875,0.35546875,5,1
14,4,0.16015625,0.203125,0.25,0.34765625,2,1
14,4,0.16015625,0.203125,0.25,0.34765625,5,1
14,4,0.25390625,0.16796875,0.3515625,0.31640625,2,1
14,4,0.25390625,0.16796875,0.3515625,0.31640625,5,1
14,4,0.359375,0.1171875,0.46875,0.3125,2,1
14,4,0.359375,0.1171875,0.46875,0.3125,5,1
14,4,0.51953125,0.11328125,0.6015625,0.296875,2,1
14,4,0.51953125,0.11328125,0.6015625,0.296875,5,1
14,4,0.8046875,0.22265625,0.9921875,0.59375,1,1
14,5,0.8203125,0.23828125,0.9921875,0.55078125,1,1
14,5,0.5234375,0.09765625,0.60546875,0.28125,2,1
14,5,0.5234375,0.09765625,0.60546875,0.28125,5,1
14,5,0.375,0.12109375,0.46875,0.30078125,2,1
14,5,0.375,0.12109375,0.46875,0.30078125,5,1
14,5,0.2421875,0.15234375,0.35546875,0.3203125,2,1
14,5,0.2421875,0.15234375,0.35546875,0.3203125,5,1
14,5,0.15625,0.18359375,0.234375,0.33984375,2,1
14,5,0.15625,0.18359375,0.234375,0.33984375,5,1
14,5,0.08203125,0.24609375,0.1640625,0.36328125,2,1
14,5,0.08203125,0.24609375,0.1640625,0.36328125,5,1
14,5,0.02734375,0.265625,0.08203125,0.39453125,2,1
14,5,0.02734375,0.265625,0.08203125,0.39453125,5,1
14,5,0.14453125,0.125,0.23046875,0.2109375,1,1
14,6,0.37109375,0.1328125,0.45703125,0.30078125,2,1
14,6,0.37109375,0.1328125,0.45703125,0.30078125,5,1
14,6,0.5234375,0.1171875,0.60546875,0.27734375,2,1
14,6,0.5234375,0.1171875,0.60546875,0.27734375,5,1
14,6,0.8203125,0.20703125,0.98828125,0.56640625,1,1
14,6,0.25390625,0.16796875,0.3515625,0.31640625,2,1
14,6,0.25390625,0.16796875,0.3515625,0.31640625,5,1
14,6,0.15234375,0.20703125,0.2421875,0.32421875,2,1
14,6,0.15234375,0.20703125,0.2421875,0.32421875,5,1
14,6,0.0703125,0.234375,0.1484375,0.34765625,2,1
14,6,0.0703125,0.234375,0.1484375,0.34765625,5,1
14,6,0.0234375,0.2421875,0.078125,0.3671875,2,1
14,6,0.0234375,0.2421875,0.078125,0.3671875,5,1
14,6,0.140625,0.1015625,0.24609375,0.2109375,1,1
14,7,0.5234375,0.1171875,0.609375,0.2890625,2,1
14,7,0.5234375,0.1171875,0.609375,0.2890625,5,1
14,7,0.82421875,0.23046875,0.98828125,0.546875,1,1
14,7,0.37890625,0.15234375,0.48046875,0.2890625,2,1
14,7,0.37890625,0.15234375,0.48046875,0.2890625,5,1
14,7,0.25,0.16015625,0.35546875,0.30859375,2,1
14,7,0.25,0.16015625,0.35546875,0.30859375,5,1
14,7,0.16015625,0.19921875,0.23828125,0.33984375,2,1
14,7,0.16015625,0.19921875,0.23828125,0.33984375,5,1
14,7,0.1015625,0.1953125,0.15234375,0.359375,2,1
14,7,0.1015625,0.1953125,0.15234375,0.359375,5,1
14,7,0.0234375,0.234375,0.1015625,0.375,2,1
14,7,0.0234375,0.234375,0.1015625,0.375,5,1
14,7,0.15625,0.12109375,0.2265625,0.1953125,1,1
15,2,0.69921875,0.1171875,0.83984375,0.33984375,1,1
15,2,0.51171875,0.1171875,0.60546875,0.29296875,2,1
15,2,0.51171875,0.1171875,0.60546875,0.29296875,5,1
15,2,0.34375,0.1328125,0.46875,0.30078125,2,1
15,2,0.34375,0.1328125,0.46875,0.30078125,5,1
15,2,0.24609375,0.1328125,0.33203125,0.33203125,2,1
15,2,0.24609375,0.1328125,0.33203125,0.33203125,5,1
15,2,0.03515625,0.2421875,0.12109375,0.3828125,2,1
15,2,0.03515625,0.2421875,0.12109375,0.3828125,5,1
15,3,0.03515625,0.24609375,0.12109375,0.37890625,2,1
15,3,0.03515625,0.24609375,0.12109375,0.37890625,5,1
15,3,0.22265625,0.12109375,0.33203125,0.35546875,1,1
15,3,0.36328125,0.1171875,0.46875,0.3125,2,1
15,3,0.36328125,0.1171875,0.46875,0.3125,5,1
15,3,0.5234375,0.12109375,0.61328125,0.27734375,2,1
15,3,0.5234375,0.12109375,0.61328125,0.27734375,5,1
15,3,0.6875,0.1328125,0.83984375,0.34765625,1,1
15,3,0.15234375,0.1640625,0.2265625,0.25390625,2,1
15,3,0.15234375,0.1640625,0.2265625,0.25390625,5,1
15,4,0.359375,0.1484375,0.47265625,0.3046875,2,1
15,4,0.359375,0.1484375,0.47265625,0.3046875,5,1
15,4,0.234375,0.14453125,0.34765625,0.32421875,1,1
15,4,0.1640625,0.1796875,0.21875,0.2734375,2,1
15,4,0.1640625,0.1796875,0.21875,0.2734375,5,1
15,4,0.03125,0.26953125,0.125,0.37109375,2,1
15,4,0.03125,0.26953125,0.125,0.37109375,5,1
15,4,0.515625,0.1171875,0.59765625,0.27734375,2,1
15,4,0.515625,0.1171875,0.59765625,0.27734375,5,1
15,4,0.703125,0.12109375,0.859375,0.33984375,1,1
15,5,0.70703125,0.1171875,0.8515625,0.3515625,1,1
15,5,0.51953125,0.11328125,0.61328125,0.296875,2,1
15,5,0.51953125,0.11328125,0.61328125,0.296875,5,1
15,5,0.35546875,0.13671875,0.46875,0.3046875,2,1
15,5,0.35546875,0.13671875,0.46875,0.3046875,5,1
15,5,0.22265625,0.10546875,0.33984375,0.3515625,1,1
15,5,0.03125,0.25,0.11328125,0.3828125,2,1
15,5,0.03125,0.25,0.11328125,0.3828125,5,1
15,6,0.71875,0.1484375,0.83984375,0.3203125,1,1
15,6,0.51953125,0.109375,0.609375,0.28515625,2,1
15,6,0.51953125,0.109375,0.609375,0.28515625,5,1
15,6,0.35546875,0.1171875,0.4609375,0.30859375,2,1
15,6,0.35546875,0.1171875,0.4609375,0.30859375,5,1
15,6,0.21875,0.1015625,0.33203125,0.34375,1,1
15,6,0.02734375,0.25,0.11328125,0.37890625,2,1
15,6,0.02734375,0.25,0.11328125,0.37890625,5,1
15,7,0.71484375,0.1328125,0.84375,0.33984375,1,1
15,7,0.5234375,0.1171875,0.609375,0.296875,2,1
15,7,0.5234375,0.1171875,0.609375,0.296875,5,1
15,7,0.37109375,0.12890625,0.45703125,0.296875,2,1
15,7,0.37109375,0.12890625,0.45703125,0.296875,5,1
15,7,0.2421875,0.09765625,0.33984375,0.328125,1,1
15,7,0.03125,0.25390625,0.109375,0.37109375,2,1
15,7,0.03125,0.25390625,0.109375,0.37109375,5,1
16,2,0.35546875,0.16796875,0.46875,0.30859375,2,1
16,2,0.35546875,0.16796875,0.46875,0.30859375,5,1
16,2,0.51953125,0.125,0.60546875,0.30078125,2,1
16,2,0.51953125,0.125,0.60546875,0.30078125,5,1
16,2,0.24609375,0.15234375,0.3125,0.23828125,2,1
16,2,0.171875,0.1484375,0.234375,0.265625,2,1
16,3,0.3515625,0.171875,0.46484375,0.30078125,2,1
16,3,0.3515625,0.171875,0.46484375,0.30078125,5,1
16,3,0.51953125,0.1171875,0.6015625,0.2890625,2,1
16,3,0.51953125,0.1171875,0.6015625,0.2890625,5,1
16,3,0.2578125,0.16796875,0.30859375,0.2421875,2,1
16,3,0.2578125,0.16796875,0.30859375,0.2421875,5,1
16,3,0.19140625,0.1640625,0.24609375,0.265625,2,1
16,3,0.19140625,0.1640625,0.24609375,0.265625,5,1
16,4,0.3359375,0.16796875,0.46484375,0.33203125,2,1
16,4,0.3359375,0.16796875,0.46484375,0.33203125,5,1
16,4,0.51953125,0.125,0.6015625,0.28125,2,1
16,4,0.51953125,0.125,0.6015625,0.28125,5,1
16,4,0.23046875,0.1484375,0.31640625,0.23828125,2,1
16,4,0.23046875,0.1484375,0.31640625,0.23828125,5,1
16,4,0.15625,0.16796875,0.21875,0.25,2,1
16,4,0.15625,0.16796875,0.21875,0.25,5,1
16,5,0.33984375,0.16796875,0.4609375,0.31640625,2,1
16,5,0.33984375,0.16796875,0.4609375,0.31640625,5,1
16,5,0.51953125,0.1171875,0.59765625,0.28515625,2,1
16,5,0.51953125,0.1171875,0.59765625,0.28515625,5,1
16,5,0.24609375,0.1328125,0.31640625,0.23828125,2,1
16,5,0.24609375,0.1328125,0.31640625,0.23828125,5,1
16,5,0.16015625,0.16796875,0.234375,0.26171875,2,1
16,5,0.16015625,0.16796875,0.234375,0.26171875,5,1
16,6,0.51953125,0.11328125,0.6015625,0.28515625,2,1
16,6,0.51953125,0.11328125,0.6015625,0.28515625,5,1
16,6,0.34375,0.16796875,0.47265625,0.3203125,2,1
16,6,0.34375,0.16796875,0.47265625,0.3203125,5,1
16,6,0.22265625,0.13671875,0.31640625,0.234375,2,1
16,6,0.22265625,0.13671875,0.31640625,0.234375,5,1
16,6,0.15234375,0.16015625,0.21875,0.26171875,2,1
16,6,0.15234375,0.16015625,0.21875,0.26171875,5,1
16,7,0.3515625,0.1796875,0.47265625,0.328125,2,1
16,7,0.3515625,0.1796875,0.47265625,0.328125,5,1
16,7,0.5234375,0.11328125,0.59765625,0.2734375,2,1
16,7,0.5234375,0.11328125,0.59765625,0.2734375,5,1
16,7,0.25,0.1484375,0.32421875,0.24609375,2,1
16,7,0.25,0.1484375,0.32421875,0.24609375,5,1
16,7,0.171875,0.16015625,0.23046875,0.2578125,2,1
16,7,0.171875,0.16015625,0.23046875,0.2578125,5,1
17,2,0.23828125,0.1015625,0.33203125,0.34375,1,1
17,2,0.171875,0.171875,0.2265625,0.25,2,1
17,2,0.171875,0.171875,0.2265625,0.25,5,1
17,2,0.12109375,0.1953125,0.15625,0.2734375,2,1
17,2,0.3359375,0.1328125,0.37890625,0.20703125,2,1
17,3,0.234375,0.09765625,0.328125,0.35546875,1,1
17,3,0.3359375,0.12109375,0.37890625,0.20703125,2,1
17,3,0.16796875,0.15625,0.2265625,0.2734375,2,1
17,3,0.09765625,0.1875,0.15625,0.28515625,2,1
17,4,0.25,0.09765625,0.328125,0.3359375,1,1
17,4,0.34375,0.1328125,0.37890625,0.2265625,2,1
17,4,0.19140625,0.17578125,0.234375,0.2578125,2,1
17,4,0.13671875,0.1796875,0.18359375,0.27734375,2,1
17,5,0.24609375,0.11328125,0.33203125,0.34375,1,1
17,5,0.33984375,0.140625,0.375,0.21875,2,1
17,5,0.33984375,0.140625,0.375,0.21875,5,1
17,5,0.171875,0.16796875,0.23828125,0.26953125,2,1
17,5,0.12109375,0.1953125,0.171875,0.28515625,2,1
17,6,0.23828125,0.11328125,0.33203125,0.34375,1,1
17,6,0.3359375,0.1328125,0.3828125,0.2109375,2,1
17,6,0.16796875,0.16796875,0.234375,0.26171875,2,1
17,6,0.16796875,0.16796875,0.234375,0.26171875,5,1
17,6,0.109375,0.18359375,0.16015625,0.28125,2,1
17,6,0.109375,0.18359375,0.16015625,0.28125,5,1
17,7,0.2421875,0.12109375,0.3359375,0.33984375,1,1
17,7,0.33984375,0.13671875,0.38671875,0.21875,2,1
17,7,0.18359375,0.16796875,0.234375,0.26171875,2,1
17,7,0.12890625,0.1875,0.1796875,0.2734375,2,1
17,7,0.0859375,0.20703125,0.125,0.29296875,2,1
18,2,0.15234375,0.18359375,0.28125,0.33984375,2,1
18,2,0.1015625,0.2109375,0.14453125,0.29296875,2,1
18,3,0.15234375,0.1796875,0.27734375,0.3359375,2,1
18,4,0.1640625,0.1796875,0.26953125,0.33203125,2,1
18,4,0.1640625,0.1796875,0.26953125,0.33203125,5,1
18,5,0.140625,0.17578125,0.265625,0.3359375,2,1
18,6,0.1484375,0.16796875,0.2734375,0.3359375,2,1
18,6,0.1484375,0.16796875,0.2734375,0.3359375,5,1
18,7,0.16015625,0.171875,0.2734375,0.34375,2,1
18,7,0.16015625,0.171875,0.2734375,0.34375,5,1
20,2,0.80078125,0.20703125,0.921875,0.58984375,1,1
20,2,0.72265625,0.18359375,0.81640625,0.54296875,1,1
20,2,0.6484375,0.18359375,0.7265625,0.60546875,1,1
20,2,0.6484375,0.18359375,0.7265625,0.60546875,3,1
20,2,0.57421875,0.1640625,0.65625,0.62109375,1,1
20,2,0.57421875,0.1640625,0.65625,0.62109375,3,1
20,2,0.5234375,0.1640625,0.58984375,0.6171875,1,1
20,2,0.5234375,0.1640625,0.58984375,0.6171875,3,1
20,2,0.4375,0.203125,0.515625,0.609375,1,1
20,2,0.4375,0.203125,0.515625,0.609375,3,1
20,2,0.3515625,0.171875,0.4453125,0.6171875,1,1
20,2,0.3515625,0.171875,0.4453125,0.6171875,3,1
20,2,0.26171875,0.17578125,0.34375,0.6015625,1,1
20,2,0.26171875,0.17578125,0.34375,0.6015625,3,1
20,2,0.2109375,0.203125,0.2734375,0.6171875,1,1
20,2,0.2109375,0.203125,0.2734375,0.6171875,3,1
20,2,0.16015625,0.203125,0.21875,0.59765625,1,1
20,2,0.16015625,0.203125,0.21875,0.59765625,3,1
20,2,0.05078125,0.25,0.1484375,0.58984375,1,1
20,2,0.05078125,0.25,0.1484375,0.58984375,3,1
20,3,0.80859375,0.1953125,0.90234375,0.578125,1,1
20,3,0.71875,0.19921875,0.828125,0.55859375,1,1
20,3,0.65234375,0.21484375,0.73828125,0.609375,1,1
20,3,0.65234375,0.21484375,0.73828125,0.609375,3,1
20,3,0.57421875,0.1953125,0.67578125,0.6328125,1,1
20,3,0.57421875,0.1953125,0.67578125,0.6328125,3,1
20,3,0.51171875,0.15625,0.6015625,0.6171875,1,1
20,3,0.51171875,0.15625,0.6015625,0.6171875,3,1
20,3,0.4453125,0.20703125,0.53125,0.61328125,1,1
20,3,0.4453125,0.20703125,0.53125,0.61328125,3,1
20,3,0.3515625,0.1875,0.46484375,0.6171875,1,1
20,3,0.3515625,0.1875,0.46484375,0.6171875,3,1
20,3,0.27734375,0.20703125,0.3515625,0.6171875,1,1
20,3,0.27734375,0.20703125,0.3515625,0.6171875,3,1
20,3,0.19921875,0.18359375,0.27734375,0.62890625,1,1
20,3,0.19921875,0.18359375,0.27734375,0.62890625,3,1
20,3,0.1484375,0.20703125,0.2265625,0.6171875,1,1
20,3,0.1484375,0.20703125,0.2265625,0.6171875,3,1
20,3,0.05078125,0.26171875,0.14453125,0.609375,1,1
20,3,0.05078125,0.26171875,0.14453125,0.609375,3,1
20,4,0.79296875,0.20703125,0.8984375,0.60546875,1,1
20,4,0.79296875,0.20703125,0.8984375,0.60546875,3,1
20,4,0.71484375,0.2109375,0.828125,0.54296875,1,1
20,4,0.6484375,0.18359375,0.7421875,0.59765625,1,1
20,4,0.6484375,0.18359375,0.7421875,0.59765625,3,1
20,4,0.57421875,0.17578125,0.6640625,0.6484375,1,1
20,4,0.57421875,0.17578125,0.6640625,0.6484375,3,1
20,4,0.51953125,0.16796875,0.59375,0.640625,1,1
20,4,0.51953125,0.16796875,0.59375,0.640625,3,1
20,4,0.4375,0.1953125,0.53125,0.60546875,1,1
20,4,0.4375,0.1953125,0.53125,0.60546875,3,1
20,4,0.34765625,0.16796875,0.45703125,0.63671875,1,1
20,4,0.34765625,0.16796875,0.45703125,0.63671875,3,1
20,4,0.28125,0.1640625,0.359375,0.65234375,1,1
20,4,0.28125,0.1640625,0.359375,0.65234375,3,1
20,4,0.203125,0.1328125,0.28515625,0.64453125,1,1
20,4,0.203125,0.1328125,0.28515625,0.64453125,3,1
20,4,0.14453125,0.1640625,0.22265625,0.61328125,1,1
20,4,0.14453125,0.1640625,0.22265625,0.61328125,3,1
20,4,0.0390625,0.23828125,0.12890625,0.625,1,1
20,4,0.0390625,0.23828125,0.12890625,0.625,3,1
20,5,0.03125,0.2421875,0.125,0.609375,1,1
20,5,0.03125,0.2421875,0.125,0.609375,3,1
20,5,0.13671875,0.20703125,0.21875,0.625,1,1
20,5,0.13671875,0.20703125,0.21875,0.625,3,1
20,5,0.21875,0.17578125,0.28515625,0.640625,1,1
20,5,0.21875,0.17578125,0.28515625,0.640625,3,1
20,5,0.27734375,0.171875,0.3515625,0.640625,1,1
20,5,0.27734375,0.171875,0.3515625,0.640625,3,1
20,5,0.35546875,0.1953125,0.45703125,0.6328125,1,1
20,5,0.35546875,0.1953125,0.45703125,0.6328125,3,1
20,5,0.4375,0.203125,0.53125,0.62109375,1,1
20,5,0.4375,0.203125,0.53125,0.62109375,3,1
20,5,0.51171875,0.15625,0.59375,0.640625,1,1
20,5,0.51171875,0.15625,0.59375,0.640625,3,1
20,5,0.56640625,0.12890625,0.66015625,0.5859375,1,1
20,5,0.56640625,0.12890625,0.66015625,0.5859375,3,1
20,5,0.64453125,0.17578125,0.74609375,0.59375,1,1
20,5,0.64453125,0.17578125,0.74609375,0.59375,3,1
20,5,0.70703125,0.1484375,0.82421875,0.5,1,1
20,5,0.7890625,0.21875,0.87109375,0.57421875,1,1
20,5,0.7890625,0.21875,0.87109375,0.57421875,3,1
20,6,0.01953125,0.2421875,0.125,0.609375,1,1
20,6,0.01953125,0.2421875,0.125,0.609375,3,1
20,6,0.140625,0.203125,0.2265625,0.58984375,1,1
20,6,0.140625,0.203125,0.2265625,0.58984375,3,1
20,6,0.20703125,0.1640625,0.28515625,0.64453125,1,1
20,6,0.20703125,0.1640625,0.28515625,0.64453125,3,1
20,6,0.26953125,0.19140625,0.359375,0.609375,1,1
20,6,0.26953125,0.19140625,0.359375,0.609375,3,1
20,6,0.3515625,0.15234375,0.47265625,0.640625,1,1
20,6,0.3515625,0.15234375,0.47265625,0.640625,3,1
20,6,0.4140625,0.1171875,0.5390625,0.6171875,1,1
20,6,0.4140625,0.1171875,0.5390625,0.6171875,3,1
20,6,0.515625,0.16796875,0.59375,0.6328125,1,1
20,6,0.515625,0.16796875,0.59375,0.6328125,3,1
20,6,0.578125,0.1796875,0.68359375,0.62890625,1,1
20,6,0.578125,0.1796875,0.68359375,0.62890625,3,1
20,6,0.65234375,0.19140625,0.72265625,0.609375,1,1
20,6,0.65234375,0.19140625,0.72265625,0.609375,3,1
20,6,0.71875,0.1953125,0.82421875,0.5625,1,1
20,6,0.71875,0.1953125,0.82421875,0.5625,3,1
20,6,0.7890625,0.21875,0.88671875,0.57421875,1,1
20,6,0.7890625,0.21875,0.88671875,0.57421875,3,1
20,7,0.79296875,0.21875,0.890625,0.5859375,1,1
20,7,0.79296875,0.21875,0.890625,0.5859375,3,1
20,7,0.71875,0.19921875,0.828125,0.5078125,1,1
20,7,0.65234375,0.1875,0.73046875,0.59765625,1,1
20,7,0.65234375,0.1875,0.73046875,0.59765625,3,1
20,7,0.56640625,0.16796875,0.66015625,0.58984375,1,1
20,7,0.56640625,0.16796875,0.66015625,0.58984375,3,1
20,7,0.51953125,0.16796875,0.59765625,0.60546875,1,1
20,7,0.51953125,0.16796875,0.59765625,0.60546875,3,1
20,7,0.4375,0.21875,0.54296875,0.625,1,1
20,7,0.4375,0.21875,0.54296875,0.625,3,1
20,7,0.35546875,0.19140625,0.47265625,0.6484375,1,1
20,7,0.35546875,0.19140625,0.47265625,0.6484375,3,1
20,7,0.2734375,0.18359375,0.34765625,0.65625,1,1
20,7,0.2734375,0.18359375,0.34765625,0.65625,3,1
20,7,0.21875,0.21875,0.2890625,0.63671875,1,1
20,7,0.21875,0.21875,0.2890625,0.63671875,3,1
20,7,0.15625,0.19140625,0.23046875,0.62109375,1,1
20,7,0.15625,0.19140625,0.23046875,0.62109375,3,1
20,7,0.07421875,0.2109375,0.15234375,0.58984375,3,1
20,7,0.07421875,0.2109375,0.15234375,0.58984375,1,1
20,7,0.03125,0.23046875,0.12109375,0.6171875,1,1
20,7,0.03125,0.23046875,0.12109375,0.6171875,3,1
21,2,0.41015625,0.18359375,0.51171875,0.6484375,1,1
21,2,0.41015625,0.18359375,0.51171875,0.6484375,3,1
21,2,0.03125,0.24609375,0.07421875,0.61328125,1,1
21,2,0.03125,0.24609375,0.07421875,0.61328125,3,1
21,2,0.0703125,0.19921875,0.140625,0.62890625,1,1
21,2,0.0703125,0.19921875,0.140625,0.62890625,3,1
21,2,0.109375,0.21875,0.26953125,0.58984375,1,1
21,2,0.109375,0.21875,0.26953125,0.58984375,3,1
21,2,0.25,0.15625,0.38671875,0.671875,1,1
21,2,0.25,0.15625,0.38671875,0.671875,3,1
21,2,0.51953125,0.203125,0.6015625,0.64453125,1,1
21,2,0.51953125,0.203125,0.6015625,0.64453125,3,1
21,2,0.57421875,0.16015625,0.65625,0.62109375,1,1
21,2,0.57421875,0.16015625,0.65625,0.62109375,3,1
21,2,0.65234375,0.1875,0.72265625,0.63671875,1,1
21,2,0.65234375,0.1875,0.72265625,0.63671875,3,1
21,2,0.72265625,0.22265625,0.80078125,0.61328125,1,1
21,2,0.72265625,0.22265625,0.80078125,0.61328125,3,1
21,2,0.76953125,0.18359375,0.875,0.47265625,1,1
21,2,0.6640625,0.06640625,0.71875,0.1796875,1,1
21,2,0.6640625,0.06640625,0.71875,0.1796875,3,1
21,3,0.015625,0.22265625,0.07421875,0.609375,1,1
21,3,0.015625,0.22265625,0.07421875,0.609375,3,1
21,3,0.0859375,0.23828125,0.15234375,0.60546875,1,1
21,3,0.0859375,0.23828125,0.15234375,0.60546875,3,1
21,3,0.1484375,0.23046875,0.2265625,0.62890625,1,1
21,3,0.1484375,0.23046875,0.2265625,0.62890625,3,1
21,3,0.25390625,0.17578125,0.3671875,0.61328125,1,1
21,3,0.25390625,0.17578125,0.3671875,0.61328125,3,1
21,3,0.40234375,0.1875,0.515625,0.640625,1,1
21,3,0.40234375,0.1875,0.515625,0.640625,3,1
21,3,0.51953125,0.19921875,0.58984375,0.62890625,1,1
21,3,0.51953125,0.19921875,0.58984375,0.62890625,3,1
21,3,0.58203125,0.18359375,0.65625,0.6328125,1,1
21,3,0.58203125,0.18359375,0.65625,0.6328125,3,1
21,3,0.66015625,0.18359375,0.7421875,0.625,1,1
21,3,0.66015625,0.18359375,0.7421875,0.625,3,1
21,3,0.7265625,0.20703125,0.80078125,0.59375,1,1
21,3,0.7265625,0.20703125,0.80078125,0.59375,3,1
21,3,0.76953125,0.16796875,0.88671875,0.47265625,1,1
21,3,0.76953125,0.16796875,0.88671875,0.47265625,3,1
21,3,0.64453125,0.06640625,0.71484375,0.1796875,1,1
21,3,0.64453125,0.06640625,0.71484375,0.1796875,3,1
21,4,0.65234375,0.078125,0.71875,0.203125,1,1
21,4,0.78125,0.19921875,0.875,0.4609375,1,1
21,4,0.71875,0.203125,0.77734375,0.58203125,1,1
21,4,0.71875,0.203125,0.77734375,0.58203125,3,1
21,4,0.65234375,0.20703125,0.73828125,0.6171875,1,1
21,4,0.65234375,0.20703125,0.73828125,0.6171875,3,1
21,4,0.578125,0.20703125,0.66015625,0.6328125,1,1
21,4,0.578125,0.20703125,0.66015625,0.6328125,3,1
21,4,0.51953125,0.20703125,0.58984375,0.62890625,1,1
21,4,0.51953125,0.20703125,0.58984375,0.62890625,3,1
21,4,0.4140625,0.203125,0.5078125,0.6328125,1,1
21,4,0.4140625,0.203125,0.5078125,0.6328125,3,1
21,4,0.25,0.16015625,0.390625,0.6328125,1,1
21,4,0.25,0.16015625,0.390625,0.6328125,3,1
21,4,0.1484375,0.19921875,0.27734375,0.62890625,1,1
21,4,0.1484375,0.19921875,0.27734375,0.62890625,3,1
21,4,0.08203125,0.22265625,0.18359375,0.609375,1,1
21,4,0.08203125,0.22265625,0.18359375,0.609375,3,1
21,4,0.02734375,0.22265625,0.09765625,0.62109375,1,1
21,4,0.02734375,0.22265625,0.09765625,0.62109375,3,1
21,5,0.0234375,0.24609375,0.08203125,0.62890625,1,1
21,5,0.0234375,0.24609375,0.08203125,0.62890625,3,1
21,5,0.05859375,0.203125,0.140625,0.66015625,1,1
21,5,0.05859375,0.203125,0.140625,0.66015625,3,1
21,5,0.09765625,0.1796875,0.1953125,0.640625,1,1
21,5,0.09765625,0.1796875,0.1953125,0.640625,3,1
21,5,0.23046875,0.19140625,0.41015625,0.5859375,1,1
21,5,0.23046875,0.19140625,0.41015625,0.5859375,3,1
21,5,0.38671875,0.17578125,0.51953125,0.62109375,1,1
21,5,0.38671875,0.17578125,0.51953125,0.62109375,3,1
21,5,0.5234375,0.2109375,0.59375,0.65625,1,1
21,5,0.5234375,0.2109375,0.59375,0.65625,3,1
21,5,0.5703125,0.17578125,0.66015625,0.6328125,1,1
21,5,0.5703125,0.17578125,0.66015625,0.6328125,3,1
21,5,0.66796875,0.17578125,0.73046875,0.62109375,1,1
21,5,0.66796875,0.17578125,0.73046875,0.62109375,3,1
21,5,0.7265625,0.23046875,0.80859375,0.61328125,1,1
21,5,0.7265625,0.23046875,0.80859375,0.61328125,3,1
21,5,0.765625,0.1796875,0.87109375,0.47265625,1,1
21,5,0.65625,0.078125,0.7265625,0.16796875,1,1
21,6,0.02734375,0.25390625,0.09375,0.6171875,1,1
21,6,0.02734375,0.25390625,0.09375,0.6171875,3,1
21,6,0.06640625,0.23046875,0.14453125,0.62890625,1,1
21,6,0.06640625,0.23046875,0.14453125,0.62890625,3,1
21,6,0.1484375,0.203125,0.24609375,0.625,1,1
21,6,0.1484375,0.203125,0.24609375,0.625,3,1
21,6,0.265625,0.18359375,0.390625,0.62109375,1,1
21,6,0.265625,0.18359375,0.390625,0.62109375,3,1
21,6,0.40625,0.1953125,0.515625,0.6328125,1,1
21,6,0.40625,0.1953125,0.515625,0.6328125,3,1
21,6,0.5234375,0.203125,0.58984375,0.66015625,1,1
21,6,0.5234375,0.203125,0.58984375,0.66015625,3,1
21,6,0.578125,0.17578125,0.6640625,0.640625,1,1
21,6,0.578125,0.17578125,0.6640625,0.640625,3,1
21,6,0.671875,0.1796875,0.73828125,0.609375,1,1
21,6,0.671875,0.1796875,0.73828125,0.609375,3,1
21,6,0.7265625,0.21484375,0.8125,0.609375,1,1
21,6,0.7265625,0.21484375,0.8125,0.609375,3,1
21,6,0.76953125,0.1640625,0.8828125,0.50390625,1,1
21,6,0.76953125,0.1640625,0.8828125,0.50390625,3,1
21,6,0.64453125,0.0703125,0.71875,0.17578125,1,1
21,7,0.6484375,0.06640625,0.71875,0.1953125,1,1
21,7,0.69921875,0.1328125,0.8671875,0.24609375,1,1
21,7,0.78125,0.19140625,0.87890625,0.5,1,1
21,7,0.72265625,0.19140625,0.79296875,0.62109375,1,1
21,7,0.66015625,0.1953125,0.734375,0.64453125,1,1
21,7,0.66015625,0.1953125,0.734375,0.64453125,3,1
21,7,0.58203125,0.18359375,0.65625,0.6875,1,1
21,7,0.58203125,0.18359375,0.65625,0.6875,3,1
21,7,0.5234375,0.19921875,0.59375,0.703125,1,1
21,7,0.5234375,0.19921875,0.59375,0.703125,3,1
21,7,0.3828125,0.16796875,0.5078125,0.66015625,1,1
21,7,0.3828125,0.16796875,0.5078125,0.66015625,3,1
21,7,0.2578125,0.17578125,0.375,0.671875,1,1
21,7,0.2578125,0.17578125,0.375,0.671875,3,1
21,7,0.125,0.20703125,0.265625,0.65234375,1,1
21,7,0.125,0.20703125,0.265625,0.65234375,3,1
21,7,0.0546875,0.2265625,0.14453125,0.625,1,1
21,7,0.0546875,0.2265625,0.14453125,0.625,3,1
22,2,0.21875,0.21484375,0.35546875,0.62109375,1,1
22,2,0.21875,0.21484375,0.35546875,0.62109375,3,1
22,2,0.3828125,0.19140625,0.48046875,0.6015625,1,1
22,2,0.3828125,0.19140625,0.48046875,0.6015625,3,1
22,2,0.5234375,0.19921875,0.6015625,0.6328125,3,1
22,2,0.5234375,0.19921875,0.6015625,0.6328125,1,1
22,2,0.5859375,0.17578125,0.7109375,0.62890625,1,1
22,2,0.5859375,0.17578125,0.7109375,0.62890625,3,1
22,2,0.6640625,0.140625,0.765625,0.59765625,1,1
22,2,0.6640625,0.140625,0.765625,0.59765625,3,1
22,2,0.7421875,0.1796875,0.83984375,0.57421875,1,1
22,2,0.7421875,0.1796875,0.83984375,0.57421875,3,1
22,2,0.80078125,0.22265625,0.87109375,0.59765625,1,1
22,2,0.80078125,0.22265625,0.87109375,0.59765625,3,1
22,2,0.85546875,0.2421875,0.92578125,0.5546875,1,1
22,2,0.85546875,0.2421875,0.92578125,0.5546875,3,1
22,2,0.67578125,0.78125,0.67578125,0.78125,1,1
22,2,0.67578125,0.78125,0.67578125,0.78125,3,1
22,3,0.8515625,0.25,0.921875,0.58984375,1,1
22,3,0.8515625,0.25,0.921875,0.58984375,3,1
22,3,0.7421875,0.1875,0.8515625,0.6015625,1,1
22,3,0.7421875,0.1875,0.8515625,0.6015625,3,1
22,3,0.68359375,0.203125,0.78515625,0.625,1,1
22,3,0.68359375,0.203125,0.78515625,0.625,3,1
22,3,0.5859375,0.1875,0.71484375,0.62890625,1,1
22,3,0.5859375,0.1875,0.71484375,0.62890625,3,1
22,3,0.515625,0.21484375,0.609375,0.63671875,1,1
22,3,0.515625,0.21484375,0.609375,0.63671875,3,1
22,3,0.3984375,0.19921875,0.484375,0.62109375,1,1
22,3,0.3984375,0.19921875,0.484375,0.62109375,3,1
22,3,0.19921875,0.2265625,0.35546875,0.62109375,1,1
22,3,0.19921875,0.2265625,0.35546875,0.62109375,3,1
22,3,0.26171875,0.06640625,0.359375,0.1875,1,1
22,4,0.52734375,0.1171875,0.58984375,0.234375,1,1
22,4,0.26953125,0.07421875,0.3515625,0.20703125,1,1
22,4,0.39453125,0.171875,0.484375,0.609375,1,1
22,4,0.39453125,0.171875,0.484375,0.609375,3,1
22,4,0.203125,0.1953125,0.36328125,0.63671875,1,1
22,4,0.203125,0.1953125,0.36328125,0.63671875,3,1
22,4,0.515625,0.1953125,0.61328125,0.625,1,1
22,4,0.515625,0.1953125,0.61328125,0.625,3,1
22,4,0.59375,0.18359375,0.703125,0.58984375,1,1
22,4,0.59375,0.18359375,0.703125,0.58984375,3,1
22,4,0.68359375,0.17578125,0.7734375,0.58203125,1,1
22,4,0.68359375,0.17578125,0.7734375,0.58203125,3,1
22,4,0.74609375,0.18359375,0.86328125,0.58203125,1,1
22,4,0.74609375,0.18359375,0.86328125,0.58203125,3,1
22,4,0.8515625,0.23828125,0.92578125,0.56640625,1,1
22,4,0.8515625,0.23828125,0.92578125,0.56640625,3,1
22,5,0.84765625,0.23828125,0.9296875,0.57421875,1,1
22,5,0.84765625,0.23828125,0.9296875,0.57421875,3,1
22,5,0.79296875,0.21484375,0.875,0.578125,1,1
22,5,0.79296875,0.21484375,0.875,0.578125,3,1
22,5,0.73828125,0.1953125,0.82421875,0.6015625,1,1
22,5,0.73828125,0.1953125,0.82421875,0.6015625,3,1
22,5,0.6796875,0.2109375,0.765625,0.59765625,1,1
22,5,0.6796875,0.2109375,0.765625,0.59765625,3,1
22,5,0.59375,0.2265625,0.71875,0.62109375,1,1
22,5,0.59375,0.2265625,0.71875,0.62109375,3,1
22,5,0.515625,0.19921875,0.609375,0.65234375,1,1
22,5,0.515625,0.19921875,0.609375,0.65234375,3,1
22,5,0.3828125,0.1953125,0.484375,0.60546875,1,1
22,5,0.3828125,0.1953125,0.484375,0.60546875,3,1
22,5,0.203125,0.22265625,0.328125,0.609375,1,1
22,5,0.203125,0.22265625,0.328125,0.609375,3,1
22,6,0.38671875,0.203125,0.484375,0.578125,1,1
22,6,0.38671875,0.203125,0.484375,0.578125,3,1
22,6,0.203125,0.21875,0.34375,0.6171875,1,1
22,6,0.203125,0.21875,0.34375,0.6171875,3,1
22,6,0.515625,0.2109375,0.61328125,0.6171875,1,1
22,6,0.515625,0.2109375,0.61328125,0.6171875,3,1
22,6,0.5859375,0.17578125,0.7265625,0.609375,1,1
22,6,0.5859375,0.17578125,0.7265625,0.609375,3,1
22,6,0.6796875,0.1875,0.7734375,0.61328125,1,1
22,6,0.6796875,0.1875,0.7734375,0.61328125,3,1
22,6,0.7421875,0.1875,0.80859375,0.56640625,1,1
22,6,0.7421875,0.1875,0.80859375,0.56640625,3,1
22,6,0.796875,0.21484375,0.8671875,0.5390625,1,1
22,6,0.796875,0.21484375,0.8671875,0.5390625,3,1
22,6,0.8515625,0.234375,0.9375,0.546875,1,1
22,6,0.8515625,0.234375,0.9375,0.546875,3,1
22,6,0.27734375,0.078125,0.35546875,0.1875,1,1
22,7,0.85546875,0.23828125,0.92578125,0.5546875,1,1
22,7,0.85546875,0.23828125,0.92578125,0.5546875,3,1
22,7,0.796875,0.234375,0.87890625,0.58984375,1,1
22,7,0.796875,0.234375,0.87890625,0.58984375,3,1
22,7,0.74609375,0.20703125,0.828125,0.59375,1,1
22,7,0.74609375,0.20703125,0.828125,0.59375,3,1
22,7,0.67578125,0.1875,0.78125,0.61328125,1,1
22,7,0.67578125,0.1875,0.78125,0.61328125,3,1
22,7,0.5859375,0.203125,0.73046875,0.6484375,1,1
22,7,0.5859375,0.203125,0.73046875,0.6484375,3,1
22,7,0.5234375,0.1953125,0.61328125,0.64453125,1,1
22,7,0.5234375,0.1953125,0.61328125,0.64453125,3,1
22,7,0.39453125,0.203125,0.4921875,0.58984375,1,1
22,7,0.39453125,0.203125,0.4921875,0.58984375,3,1
22,7,0.18359375,0.2265625,0.34765625,0.625,1,1
22,7,0.18359375,0.2265625,0.34765625,0.625,3,1
22,7,0.27734375,0.0625,0.3515625,0.19921875,1,1
23,2,0.51953125,0.125,0.578125,0.25,2,1
23,2,0.3203125,0.22265625,0.5234375,0.65625,1,1
23,2,0.3203125,0.22265625,0.5234375,0.65625,3,1
23,2,0.5,0.203125,0.62109375,0.671875,1,1
23,2,0.5,0.203125,0.62109375,0.671875,3,1
23,2,0.58203125,0.18359375,0.69921875,0.64453125,1,1
23,2,0.58203125,0.18359375,0.69921875,0.64453125,3,1
23,2,0.3046875,0.06640625,0.390625,0.19921875,1,1
23,2,0.15234375,0.203125,0.23828125,0.33984375,2,1
23,2,0.24609375,0.19921875,0.3203125,0.31640625,2,1
23,2,0.05859375,0.2265625,0.12890625,0.4140625,1,1
23,2,0.2421875,0.08984375,0.30078125,0.16796875,1,1
23,2,0.4140625,0.12890625,0.47265625,0.2109375,2,1
23,3,0.58984375,0.19140625,0.6875,0.6171875,1,1
23,3,0.58984375,0.19140625,0.6875,0.6171875,3,1
23,3,0.51953125,0.2421875,0.61328125,0.69921875,2,1
23,3,0.3203125,0.2421875,0.515625,0.62109375,1,1
23,3,0.3203125,0.2421875,0.515625,0.62109375,3,1
23,3,0.16015625,0.20703125,0.23828125,0.33203125,2,1
23,3,0.16015625,0.20703125,0.23828125,0.33203125,5,1
23,3,0.0546875,0.23828125,0.12109375,0.40625,1,1
23,3,0.22265625,0.0703125,0.3203125,0.19921875,1,1
23,3,0.33203125,0.0625,0.39453125,0.1796875,1,1
23,3,0.37890625,0.15625,0.46875,0.22265625,2,1
23,3,0.51953125,0.12109375,0.58203125,0.2265625,2,1
23,3,0.51953125,0.12109375,0.58203125,0.2265625,5,1
23,4,0.515625,0.12890625,0.58984375,0.25,2,1
23,4,0.515625,0.12890625,0.58984375,0.25,5,1
23,4,0.59375,0.20703125,0.6796875,0.61328125,1,1
23,4,0.59375,0.20703125,0.6796875,0.61328125,3,1
23,4,0.5234375,0.25390625,0.609375,0.671875,1,1
23,4,0.5234375,0.25390625,0.609375,0.671875,3,1
23,4,0.32421875,0.2265625,0.515625,0.6328125,1,1
23,4,0.32421875,0.2265625,0.515625,0.6328125,3,1
23,4,0.40234375,0.1328125,0.46875,0.234375,2,1
23,4,0.31640625,0.05859375,0.390625,0.19140625,1,1
23,4,0.234375,0.1796875,0.32421875,0.296875,2,1
23,4,0.16015625,0.19921875,0.23046875,0.33984375,2,1
23,4,0.05078125,0.23046875,0.125,0.4140625,1,1
23,4,0.234375,0.06640625,0.31640625,0.1640625,1,1
23,5,0.32421875,0.06640625,0.390625,0.1796875,1,1
23,5,0.2421875,0.078125,0.3203125,0.1875,1,1
23,5,0.15625,0.1953125,0.23828125,0.34375,2,1
23,5,0.15625,0.1953125,0.23828125,0.34375,5,1
23,5,0.046875,0.234375,0.1328125,0.41015625,1,1
23,5,0.24609375,0.16796875,0.33984375,0.29296875,2,1
23,5,0.24609375,0.16796875,0.33984375,0.29296875,5,1
23,5,0.37890625,0.1484375,0.46875,0.26171875,2,1
23,5,0.37890625,0.1484375,0.46875,0.26171875,5,1
23,5,0.3359375,0.234375,0.53125,0.6015625,1,1
23,5,0.3359375,0.234375,0.53125,0.6015625,3,1
23,5,0.51953125,0.22265625,0.6171875,0.66015625,1,1
23,5,0.51953125,0.22265625,0.6171875,0.66015625,3,1
23,5,0.578125,0.1953125,0.70703125,0.62109375,1,1
23,5,0.578125,0.1953125,0.70703125,0.62109375,3,1
23,6,0.0546875,0.23828125,0.12890625,0.4140625,1,1
23,6,0.1484375,0.1953125,0.2421875,0.328125,2,1
23,6,0.1484375,0.1953125,0.2421875,0.328125,5,1
23,6,0.25390625,0.16796875,0.34375,0.3203125,2,1
23,6,0.25390625,0.16796875,0.34375,0.3203125,5,1
23,6,0.22265625,0.08203125,0.31640625,0.16015625,1,1
23,6,0.31640625,0.05859375,0.39453125,0.1796875,1,1
23,6,0.37109375,0.1484375,0.47265625,0.26171875,2,1
23,6,0.37109375,0.1484375,0.47265625,0.26171875,5,1
23,6,0.32421875,0.2421875,0.51953125,0.6171875,1,1
23,6,0.32421875,0.2421875,0.51953125,0.6171875,3,1
23,6,0.49609375,0.2109375,0.61328125,0.6328125,1,1
23,6,0.49609375,0.2109375,0.61328125,0.6328125,3,1
23,6,0.59375,0.203125,0.67578125,0.59765625,1,1
23,6,0.59375,0.203125,0.67578125,0.59765625,3,1
23,6,0.5234375,0.125,0.59375,0.2578125,2,1
23,6,0.5234375,0.125,0.59375,0.2578125,5,1
23,7,0.578125,0.18359375,0.69921875,0.63671875,1,1
23,7,0.578125,0.18359375,0.69921875,0.63671875,3,1
23,7,0.48046875,0.21875,0.62890625,0.63671875,1,1
23,7,0.48046875,0.21875,0.62890625,0.63671875,3,1
23,7,0.32421875,0.2421875,0.52734375,0.640625,1,1
23,7,0.32421875,0.2421875,0.52734375,0.640625,3,1
23,7,0.25390625,0.1796875,0.3359375,0.3125,2,1
23,7,0.25390625,0.1796875,0.3359375,0.3125,5,1
23,7,0.1484375,0.203125,0.23828125,0.328125,2,1
23,7,0.37890625,0.12109375,0.453125,0.23828125,2,1
23,7,0.30859375,0.0625,0.37890625,0.1796875,1,1
23,7,0.05859375,0.25,0.13671875,0.42578125,1,1
24,2,0.3984375,0.03125,0.5,0.19921875,1,1
24,2,0.2734375,0.0625,0.3671875,0.23046875,1,1
24,2,0.16796875,0.1171875,0.265625,0.2578125,1,1
24,3,0.17578125,0.109375,0.2734375,0.25390625,1,1
24,3,0.265625,0.0703125,0.3671875,0.20703125,1,1
24,3,0.38671875,0.04296875,0.49609375,0.203125,1,1
24,4,0.39453125,0.03515625,0.49609375,0.1953125,1,1
24,4,0.26171875,0.08203125,0.36328125,0.21484375,1,1
24,4,0.16796875,0.1015625,0.265625,0.2578125,1,1
24,4,0.078125,0.14453125,0.16015625,0.27734375,1,1
24,5,0.1015625,0.140625,0.16015625,0.28515625,1,1
24,5,0.171875,0.109375,0.21484375,0.2578125,1,1
24,5,0.19140625,0.1171875,0.26953125,0.23046875,1,1
24,5,0.26953125,0.08203125,0.35546875,0.2109375,1,1
24,5,0.38671875,0.05078125,0.49609375,0.19140625,1,1
24,6,0.390625,0.0625,0.5,0.19921875,1,1
24,6,0.2734375,0.08203125,0.3671875,0.21484375,1,1
24,6,0.1796875,0.08203125,0.27734375,0.2578125,1,1
24,6,0.08984375,0.1328125,0.1640625,0.26953125,1,1
24,7,0.08984375,0.125,0.16796875,0.28125,1,1
24,7,0.1875,0.09765625,0.27734375,0.265625,1,1
24,7,0.26953125,0.0546875,0.3671875,0.23828125,1,1
24,7,0.38671875,0.046875,0.49609375,0.22265625,1,1
25,2,0.34765625,0.22265625,0.4765625,0.60546875,1,1
25,2,0.34765625,0.22265625,0.4765625,0.60546875,3,1
25,2,0.0546875,0.28125,0.12109375,0.6328125,1,1
25,2,0.0546875,0.28125,0.12109375,0.6328125,3,1
25,2,0.55078125,0.18359375,0.73828125,0.59765625,1,1
25,2,0.55078125,0.18359375,0.73828125,0.59765625,3,1
25,2,0.23046875,0.09375,0.296875,0.203125,1,1
25,2,0.09375,0.25,0.2265625,0.609375,1,1
25,2,0.09375,0.25,0.2265625,0.609375,3,1
25,3,0.54296875,0.17578125,0.74609375,0.6328125,1,1
25,3,0.54296875,0.17578125,0.74609375,0.6328125,3,1
25,3,0.34765625,0.20703125,0.47265625,0.61328125,1,1
25,3,0.34765625,0.20703125,0.47265625,0.61328125,3,1
25,3,0.09765625,0.27734375,0.25,0.640625,1,1
25,3,0.09765625,0.27734375,0.25,0.640625,3,1
25,3,0.046875,0.28515625,0.125,0.6640625,1,1
25,3,0.046875,0.28515625,0.125,0.6640625,3,1
25,3,0.21875,0.1015625,0.2890625,0.17578125,1,1
25,3,0.39453125,0.1015625,0.46484375,0.18359375,2,1
25,3,0.30859375,0.11328125,0.3671875,0.1875,2,1
25,4,0.54296875,0.1875,0.75,0.6171875,1,1
25,4,0.54296875,0.1875,0.75,0.6171875,3,1
25,4,0.34375,0.21484375,0.46484375,0.60546875,1,1
25,4,0.34375,0.21484375,0.46484375,0.60546875,3,1
25,4,0.09375,0.26953125,0.2578125,0.59765625,1,1
25,4,0.09375,0.26953125,0.2578125,0.59765625,3,1
25,4,0.0546875,0.265625,0.12109375,0.66015625,1,1
25,4,0.0546875,0.265625,0.12109375,0.66015625,3,1
25,4,0.40625,0.11328125,0.46484375,0.1953125,2,1
25,4,0.296875,0.10546875,0.37890625,0.203125,2,1
25,4,0.2265625,0.109375,0.2890625,0.2109375,1,1
25,5,0.34375,0.23046875,0.484375,0.62109375,1,1
25,5,0.34375,0.23046875,0.484375,0.62109375,3,1
25,5,0.546875,0.19140625,0.7421875,0.60546875,1,1
25,5,0.546875,0.19140625,0.7421875,0.60546875,3,1
25,5,0.09765625,0.265625,0.26171875,0.62890625,1,1
25,5,0.09765625,0.265625,0.26171875,0.62890625,3,1
25,5,0.046875,0.2890625,0.125,0.65234375,1,1
25,5,0.046875,0.2890625,0.125,0.65234375,3,1
25,5,0.40234375,0.1015625,0.4609375,0.19921875,1,1
25,5,0.40234375,0.1015625,0.4609375,0.19921875,3,1
25,5,0.31640625,0.08984375,0.3828125,0.2109375,1,1
25,5,0.31640625,0.08984375,0.3828125,0.2109375,3,1
25,5,0.22265625,0.08203125,0.29296875,0.21484375,1,1
25,5,0.22265625,0.08203125,0.29296875,0.21484375,3,1
25,6,0.54296875,0.1875,0.734375,0.6015625,1,1
25,6,0.54296875,0.1875,0.734375,0.6015625,3,1
25,6,0.328125,0.2265625,0.47265625,0.6484375,1,1
25,6,0.328125,0.2265625,0.47265625,0.6484375,3,1
25,6,0.10546875,0.26953125,0.25,0.61328125,1,1
25,6,0.10546875,0.26953125,0.25,0.61328125,3,1
25,6,0.0390625,0.26953125,0.125,0.6328125,1,1
25,6,0.0390625,0.26953125,0.125,0.6328125,3,1
25,6,0.29296875,0.1328125,0.359375,0.21484375,2,1
25,6,0.390625,0.10546875,0.48046875,0.2109375,2,1
25,7,0.39453125,0.1171875,0.46875,0.2109375,2,1
25,7,0.33203125,0.20703125,0.4765625,0.6171875,1,1
25,7,0.33203125,0.20703125,0.4765625,0.6171875,3,1
25,7,0.55859375,0.1953125,0.74609375,0.6171875,1,1
25,7,0.55859375,0.1953125,0.74609375,0.6171875,3,1
25,7,0.10546875,0.26953125,0.25,0.62890625,1,1
25,7,0.10546875,0.26953125,0.25,0.62890625,3,1
25,7,0.0546875,0.265625,0.12109375,0.640625,1,1
25,7,0.0546875,0.265625,0.12109375,0.640625,3,1
25,7,0.29296875,0.12890625,0.3671875,0.1953125,2,1
26,2,0.3828125,0.046875,0.4453125,0.140625,1,1
26,2,0.359375,0.1484375,0.47265625,0.3046875,2,1
26,2,0.5234375,0.09765625,0.578125,0.19140625,2,1
26,2,0.25390625,0.16796875,0.33203125,0.30859375,2,1
26,2,0.16796875,0.18359375,0.24609375,0.34375,2,1
26,2,0.07421875,0.21875,0.16015625,0.38671875,1,1
26,3,0.05859375,0.21875,0.1640625,0.38671875,1,1
26,3,0.171875,0.2109375,0.23828125,0.34375,2,1
26,3,0.26171875,0.16015625,0.34765625,0.3203125,2,1
26,3,0.359375,0.140625,0.46484375,0.30078125,2,1
26,3,0.37890625,0.0390625,0.44921875,0.1640625,1,1
26,3,0.51953125,0.10546875,0.58984375,0.24609375,2,1
26,4,0.5234375,0.09765625,0.58984375,0.24609375,2,1
26,4,0.35546875,0.140625,0.46875,0.296875,2,1
26,4,0.3828125,0.03515625,0.4453125,0.16015625,1,1
26,4,0.24609375,0.17578125,0.33203125,0.30859375,2,1
26,4,0.16796875,0.1796875,0.23828125,0.33203125,2,1
26,4,0.0625,0.22265625,0.16015625,0.38671875,1,1
26,5,0.06640625,0.234375,0.16796875,0.3984375,1,1
26,5,0.16015625,0.18359375,0.23828125,0.33203125,2,1
26,5,0.25,0.16796875,0.3359375,0.31640625,2,1
26,5,0.375,0.13671875,0.4609375,0.29296875,2,1
26,5,0.3828125,0.0625,0.4453125,0.1640625,1,1
26,5,0.5234375,0.09375,0.57421875,0.19921875,2,1
26,6,0.51953125,0.0859375,0.58984375,0.234375,2,1
26,6,0.34375,0.15234375,0.48046875,0.3046875,2,1
26,6,0.38671875,0.05859375,0.453125,0.1484375,1,1
26,6,0.25390625,0.16796875,0.33203125,0.31640625,2,1
26,6,0.16015625,0.1875,0.23828125,0.3203125,2,1
26,6,0.05859375,0.21875,0.16796875,0.40234375,1,1
26,7,0.0546875,0.2265625,0.171875,0.39453125,1,1
26,7,0.1796875,0.19921875,0.23828125,0.37890625,2,1
26,7,0.25390625,0.16796875,0.3359375,0.31640625,2,1
26,7,0.359375,0.15234375,0.47265625,0.28515625,2,1
26,7,0.38671875,0.05859375,0.44921875,0.16015625,1,1
26,7,0.51953125,0.0859375,0.58203125,0.22265625,2,1
24,3,0.08203125,0.1328125,0.16015625,0.28515625,1,1
25,2,0.08984375,0.14453125,0.19140625,0.234375,1,1
27,2,0.80859375,0.21875,0.90234375,0.58984375,1,1
27,2,0.80859375,0.21875,0.90234375,0.58984375,3,1
27,2,0.734375,0.18359375,0.84375,0.5078125,1,1
27,2,0.66796875,0.1640625,0.80078125,0.62109375,1,1
27,2,0.66796875,0.1640625,0.80078125,0.62109375,3,1
27,2,0.609375,0.2109375,0.71484375,0.59375,1,1
27,2,0.609375,0.2109375,0.71484375,0.59375,3,1
27,2,0.515625,0.19140625,0.59765625,0.60546875,1,1
27,2,0.515625,0.19140625,0.59765625,0.60546875,3,1
27,2,0.4375,0.21875,0.52734375,0.609375,1,1
27,2,0.4375,0.21875,0.52734375,0.609375,3,1
27,2,0.30859375,0.15234375,0.42578125,0.5078125,1,1
27,2,0.23046875,0.2421875,0.30078125,0.62890625,1,1
27,2,0.23046875,0.2421875,0.30078125,0.62890625,3,1
27,2,0.109375,0.2265625,0.21875,0.625,1,1
27,2,0.109375,0.2265625,0.21875,0.625,3,1
27,2,0.015625,0.2265625,0.1171875,0.625,1,1
27,2,0.015625,0.2265625,0.1171875,0.625,3,1
27,3,0.0078125,0.26953125,0.11328125,0.6328125,1,1
27,3,0.0078125,0.26953125,0.11328125,0.6328125,3,1
27,3,0.0859375,0.2265625,0.1640625,0.63671875,1,1
27,3,0.0859375,0.2265625,0.1640625,0.63671875,3,1
27,3,0.14453125,0.16015625,0.234375,0.57421875,1,1
27,3,0.14453125,0.16015625,0.234375,0.57421875,3,1
27,3,0.20703125,0.21875,0.3125,0.64453125,1,1
27,3,0.20703125,0.21875,0.3125,0.64453125,3,1
27,3,0.3125,0.15234375,0.42578125,0.4296875,1,1
27,3,0.421875,0.203125,0.53125,0.6015625,1,1
27,3,0.421875,0.203125,0.53125,0.6015625,3,1
27,3,0.515625,0.19140625,0.62109375,0.6171875,1,1
27,3,0.515625,0.19140625,0.62109375,0.6171875,3,1
27,3,0.59765625,0.1875,0.7265625,0.6015625,1,1
27,3,0.59765625,0.1875,0.7265625,0.6015625,3,1
27,3,0.67578125,0.19140625,0.80859375,0.58984375,1,1
27,3,0.67578125,0.19140625,0.80859375,0.58984375,3,1
27,3,0.7421875,0.171875,0.83203125,0.53125,1,1
27,3,0.7421875,0.171875,0.83203125,0.53125,3,1
27,3,0.8203125,0.234375,0.91796875,0.52734375,1,1
27,4,0.8125,0.22265625,0.92578125,0.53125,1,1
27,4,0.7421875,0.2109375,0.84765625,0.53125,1,1
27,4,0.6875,0.21484375,0.8046875,0.625,1,1
27,4,0.6875,0.21484375,0.8046875,0.625,3,1
27,4,0.60546875,0.2265625,0.7265625,0.62890625,1,1
27,4,0.60546875,0.2265625,0.7265625,0.62890625,3,1
27,4,0.515625,0.18359375,0.60546875,0.63671875,1,1
27,4,0.515625,0.18359375,0.60546875,0.63671875,3,1
27,4,0.4140625,0.203125,0.52734375,0.65234375,1,1
27,4,0.4140625,0.203125,0.52734375,0.65234375,3,1
27,4,0.30859375,0.17578125,0.4296875,0.49609375,1,1
27,4,0.203125,0.21484375,0.296875,0.60546875,1,1
27,4,0.203125,0.21484375,0.296875,0.60546875,3,1
27,4,0.10546875,0.203125,0.22265625,0.59765625,1,1
27,4,0.10546875,0.203125,0.22265625,0.59765625,3,1
27,4,0.01171875,0.25,0.11328125,0.5859375,1,1
27,4,0.01171875,0.25,0.11328125,0.5859375,3,1
27,5,0.0234375,0.26953125,0.125,0.6328125,1,1
27,5,0.0234375,0.26953125,0.125,0.6328125,3,1
27,5,0.08984375,0.21875,0.2109375,0.6484375,1,1
27,5,0.08984375,0.21875,0.2109375,0.6484375,3,1
27,5,0.20703125,0.2421875,0.30859375,0.62890625,1,1
27,5,0.20703125,0.2421875,0.30859375,0.62890625,3,1
27,5,0.3125,0.15234375,0.4375,0.45703125,1,1
27,5,0.3125,0.15234375,0.4375,0.45703125,3,1
27,5,0.421875,0.19140625,0.53515625,0.6015625,1,1
27,5,0.421875,0.19140625,0.53515625,0.6015625,3,1
27,5,0.51953125,0.19140625,0.61328125,0.62890625,1,1
27,5,0.51953125,0.19140625,0.61328125,0.62890625,3,1
27,5,0.60546875,0.1875,0.734375,0.6015625,1,1
27,5,0.60546875,0.1875,0.734375,0.6015625,3,1
27,5,0.6875,0.18359375,0.78515625,0.6171875,1,1
27,5,0.6875,0.18359375,0.78515625,0.6171875,3,1
27,5,0.74609375,0.1875,0.84375,0.52734375,1,1
27,5,0.74609375,0.1875,0.84375,0.52734375,3,1
27,5,0.81640625,0.22265625,0.91796875,0.5078125,1,1
27,5,0.81640625,0.22265625,0.91796875,0.5078125,3,1
27,6,0.8046875,0.21875,0.9140625,0.53515625,1,1
27,6,0.8046875,0.21875,0.9140625,0.53515625,3,1
27,6,0.734375,0.203125,0.84375,0.55078125,1,1
27,6,0.734375,0.203125,0.84375,0.55078125,3,1
27,6,0.6875,0.203125,0.796875,0.6171875,1,1
27,6,0.6875,0.203125,0.796875,0.6171875,3,1
27,6,0.59375,0.1953125,0.7265625,0.62890625,1,1
27,6,0.59375,0.1953125,0.7265625,0.62890625,3,1
27,6,0.5234375,0.19140625,0.6015625,0.6171875,1,1
27,6,0.5234375,0.19140625,0.6015625,0.6171875,3,1
27,6,0.4296875,0.19140625,0.53515625,0.62890625,1,1
27,6,0.4296875,0.19140625,0.53515625,0.62890625,3,1
27,6,0.296875,0.1171875,0.4296875,0.5,1,1
27,6,0.296875,0.1171875,0.4296875,0.5,3,1
27,6,0.203125,0.2109375,0.30078125,0.6171875,1,1
27,6,0.203125,0.2109375,0.30078125,0.6171875,3,1
27,6,0.0859375,0.19921875,0.20703125,0.609375,1,1
27,6,0.0859375,0.19921875,0.20703125,0.609375,3,1
27,6,0.015625,0.2734375,0.1171875,0.609375,1,1
27,6,0.015625,0.2734375,0.1171875,0.609375,3,1
27,7,0.796875,0.22265625,0.9140625,0.52734375,1,1
27,7,0.796875,0.22265625,0.9140625,0.52734375,3,1
27,7,0.73046875,0.18359375,0.83984375,0.5390625,1,1
27,7,0.73046875,0.18359375,0.83984375,0.5390625,3,1
27,7,0.68359375,0.22265625,0.796875,0.62890625,1,1
27,7,0.68359375,0.22265625,0.796875,0.62890625,3,1
27,7,0.6015625,0.19140625,0.73046875,0.62890625,1,1
27,7,0.6015625,0.19140625,0.73046875,0.62890625,3,1
27,7,0.515625,0.18359375,0.59765625,0.6484375,1,1
27,7,0.515625,0.18359375,0.59765625,0.6484375,3,1
27,7,0.4296875,0.19140625,0.51953125,0.625,1,1
27,7,0.4296875,0.19140625,0.51953125,0.625,3,1
27,7,0.2890625,0.1484375,0.4296875,0.51953125,1,1
27,7,0.2890625,0.1484375,0.4296875,0.51953125,3,1
27,7,0.21484375,0.234375,0.3046875,0.64453125,1,1
27,7,0.21484375,0.234375,0.3046875,0.64453125,3,1
27,7,0.12109375,0.21875,0.203125,0.59375,1,1
27,7,0.12109375,0.21875,0.203125,0.59375,3,1
27,7,0.0390625,0.25390625,0.1171875,0.59765625,1,1
27,7,0.0390625,0.25390625,0.1171875,0.59765625,3,1
27,7,0.0078125,0.26171875,0.06640625,0.6171875,1,1
27,7,0.0078125,0.26171875,0.06640625,0.6171875,3,1
28,2,0.515625,0.1796875,0.609375,0.671875,1,1
28,2,0.515625,0.1796875,0.609375,0.671875,3,1
28,2,0.640625,0.1953125,0.79296875,0.63671875,1,1
28,2,0.73046875,0.16015625,0.84375,0.58203125,1,1
28,2,0.73046875,0.16015625,0.84375,0.58203125,3,1
28,2,0.80859375,0.2265625,0.87109375,0.55859375,1,1
28,2,0.80859375,0.2265625,0.87109375,0.55859375,3,1
28,2,0.84765625,0.20703125,0.95703125,0.515625,1,1
28,2,0.41015625,0.15234375,0.5,0.515625,1,1
28,2,0.30078125,0.19140625,0.3984375,0.546875,1,1
28,2,0.140625,0.2109375,0.28515625,0.53515625,1,1
28,2,0.01171875,0.29296875,0.12109375,0.61328125,1,1
28,2,0.2734375,0.15625,0.3359375,0.30859375,2,1
28,3,0.25390625,0.15625,0.33203125,0.3046875,2,1
28,3,0.15234375,0.2734375,0.30078125,0.546875,1,1
28,3,0.01171875,0.29296875,0.1171875,0.61328125,1,1
28,3,0.01171875,0.29296875,0.1171875,0.61328125,3,1
28,3,0.33203125,0.15234375,0.41796875,0.59375,1,1
28,3,0.37109375,0.09375,0.5,0.48828125,1,1
28,3,0.5234375,0.18359375,0.61328125,0.6328125,1,1
28,3,0.5234375,0.18359375,0.61328125,0.6328125,3,1
28,3,0.64453125,0.2109375,0.7890625,0.63671875,1,1
28,3,0.64453125,0.2109375,0.7890625,0.63671875,3,1
28,3,0.7265625,0.15234375,0.86328125,0.5625,1,1
28,3,0.8359375,0.19921875,0.9453125,0.50390625,1,1
28,4,0.828125,0.2109375,0.953125,0.52734375,1,1
28,4,0.75,0.203125,0.83984375,0.49609375,1,1
28,4,0.6484375,0.19921875,0.78125,0.61328125,1,1
28,4,0.5234375,0.171875,0.62890625,0.62109375,1,1
28,4,0.5234375,0.171875,0.62890625,0.62109375,3,1
28,4,0.421875,0.1328125,0.5,0.43359375,1,1
28,4,0.32421875,0.203125,0.40625,0.66015625,1,1
28,4,0.32421875,0.203125,0.40625,0.66015625,3,1
28,4,0.16796875,0.2421875,0.3125,0.50390625,1,1
28,4,0.015625,0.265625,0.12109375,0.62109375,1,1
28,4,0.28125,0.15625,0.33984375,0.3046875,2,1
28,4,0.16796875,0.2109375,0.2421875,0.296875,2,1
31,2,0.7890625,0.19140625,0.96484375,0.54296875,1,1
31,2,0.51953125,0.171875,0.625,0.625,1,1
31,2,0.2578125,0.25390625,0.421875,0.6484375,1,1
31,2,0.2578125,0.25390625,0.421875,0.6484375,3,1
31,2,0.65625,0.04296875,0.73828125,0.18359375,1,1
31,2,0.41015625,0.1171875,0.47265625,0.21875,2,1
31,2,0.41015625,0.1171875,0.47265625,0.21875,5,1
31,2,0.23828125,0.09375,0.31640625,0.1640625,1,1
31,2,0.08203125,0.25390625,0.16796875,0.3671875,2,1
31,2,0.08203125,0.25390625,0.16796875,0.3671875,5,1
31,2,0.1875,0.17578125,0.23828125,0.2578125,2,1
31,2,0.1875,0.17578125,0.23828125,0.2578125,5,1
31,4,0.7890625,0.203125,0.953125,0.53515625,1,1
31,4,0.65625,0.0625,0.73046875,0.16796875,1,1
31,4,0.51953125,0.17578125,0.62109375,0.5625,1,1
31,4,0.26171875,0.23828125,0.421875,0.64453125,1,1
31,4,0.26171875,0.23828125,0.421875,0.64453125,3,1
31,4,0.08203125,0.25390625,0.1640625,0.359375,2,1
31,4,0.08203125,0.25390625,0.1640625,0.359375,5,1
31,4,0.17578125,0.16796875,0.2421875,0.2734375,2,1
31,4,0.2265625,0.08203125,0.3125,0.20703125,1,1
31,4,0.4140625,0.109375,0.47265625,0.21484375,2,1
31,4,0.4140625,0.109375,0.47265625,0.21484375,5,1
31,3,0.51953125,0.16796875,0.625,0.62109375,1,1
31,3,0.25390625,0.23828125,0.4375,0.6484375,1,1
31,3,0.25390625,0.23828125,0.4375,0.6484375,3,1
31,3,0.80078125,0.19921875,0.96875,0.5546875,1,1
31,3,0.65625,0.0390625,0.7421875,0.1640625,1,1
31,3,0.4140625,0.1015625,0.47265625,0.2109375,2,1
31,3,0.4140625,0.1015625,0.47265625,0.2109375,5,1
31,3,0.23828125,0.09375,0.328125,0.16796875,1,1
31,3,0.078125,0.23828125,0.1796875,0.375,2,1
31,3,0.078125,0.23828125,0.1796875,0.375,5,1
31,3,0.17578125,0.16796875,0.2265625,0.26953125,2,1
31,3,0.17578125,0.16796875,0.2265625,0.26953125,5,1
31,5,0.51953125,0.16796875,0.609375,0.5,1,1
31,5,0.265625,0.24609375,0.421875,0.6328125,1,1
31,5,0.80078125,0.21484375,0.95703125,0.52734375,1,1
31,5,0.66015625,0.04296875,0.7421875,0.16796875,1,1
31,5,0.3984375,0.1171875,0.47265625,0.21875,2,1
31,5,0.3984375,0.1171875,0.47265625,0.21875,5,1
31,5,0.22265625,0.09765625,0.31640625,0.16015625,1,1
31,5,0.078125,0.234375,0.1640625,0.3671875,2,1
31,5,0.078125,0.234375,0.1640625,0.3671875,5,1
31,5,0.18359375,0.17578125,0.234375,0.26171875,2,1
31,5,0.18359375,0.17578125,0.234375,0.26171875,5,1
31,6,0.28125,0.23828125,0.40234375,0.5859375,1,1
31,6,0.51953125,0.16796875,0.61328125,0.484375,1,1
31,6,0.65234375,0.03515625,0.74609375,0.17578125,1,1
31,6,0.78515625,0.1875,0.95703125,0.5078125,1,1
31,6,0.40234375,0.109375,0.46875,0.2109375,2,1
31,6,0.40234375,0.109375,0.46875,0.2109375,5,1
31,6,0.23046875,0.09375,0.3203125,0.16015625,1,1
31,6,0.078125,0.2421875,0.16796875,0.35546875,2,1
31,6,0.078125,0.2421875,0.16796875,0.35546875,5,1
31,6,0.19140625,0.18359375,0.23828125,0.265625,2,1
31,6,0.19140625,0.18359375,0.23828125,0.265625,5,1
31,7,0.2734375,0.2265625,0.390625,0.5390625,1,1
31,7,0.640625,0.04296875,0.734375,0.1640625,1,1
31,7,0.78515625,0.203125,0.9609375,0.5546875,1,1
31,7,0.515625,0.16796875,0.58984375,0.44921875,1,1
31,7,0.41015625,0.10546875,0.48046875,0.21875,2,1
31,7,0.41015625,0.10546875,0.48046875,0.21875,5,1
31,7,0.23046875,0.08984375,0.3203125,0.21484375,1,1
31,7,0.078125,0.24609375,0.17578125,0.3671875,2,1
31,7,0.078125,0.24609375,0.17578125,0.3671875,5,1
31,7,0.1640625,0.171875,0.23046875,0.265625,2,1
31,7,0.1640625,0.171875,0.23046875,0.265625,5,1
32,2,0.33203125,0.23046875,0.52734375,0.63671875,1,1
32,2,0.33203125,0.23046875,0.52734375,0.63671875,3,1
32,2,0.3984375,0.0859375,0.47265625,0.203125,2,1
32,2,0.3984375,0.0859375,0.47265625,0.203125,5,1
32,2,0.25390625,0.12109375,0.3203125,0.25,2,1
32,2,0.25390625,0.12109375,0.3203125,0.25,5,1
32,2,0.171875,0.15234375,0.24609375,0.28125,2,1
32,2,0.171875,0.15234375,0.24609375,0.28125,5,1
32,2,0.0859375,0.171875,0.15234375,0.2890625,1,1
32,3,0.0859375,0.1484375,0.15234375,0.296875,1,1
32,3,0.16796875,0.1640625,0.234375,0.2734375,2,1
32,3,0.16796875,0.1640625,0.234375,0.2734375,5,1
32,3,0.25390625,0.1328125,0.32421875,0.24609375,2,1
32,3,0.25390625,0.1328125,0.32421875,0.24609375,5,1
32,3,0.40625,0.10546875,0.46875,0.1953125,2,1
32,3,0.40625,0.10546875,0.46875,0.1953125,5,1
32,3,0.33203125,0.2421875,0.5234375,0.6484375,1,1
32,3,0.33203125,0.2421875,0.5234375,0.6484375,3,1
32,4,0.3359375,0.24609375,0.53515625,0.640625,1,1
32,4,0.3359375,0.24609375,0.53515625,0.640625,3,1
32,4,0.41015625,0.10546875,0.48046875,0.20703125,2,1
32,4,0.41015625,0.10546875,0.48046875,0.20703125,5,1
32,4,0.2578125,0.11328125,0.3359375,0.25390625,2,1
32,4,0.15234375,0.12109375,0.2421875,0.27734375,2,1
32,4,0.15234375,0.12109375,0.2421875,0.27734375,5,1
32,4,0.08984375,0.15234375,0.140625,0.27734375,1,1
32,4,0.08984375,0.15234375,0.140625,0.27734375,5,1
32,5,0.0859375,0.17578125,0.14453125,0.30859375,1,1
32,5,0.0859375,0.17578125,0.14453125,0.30859375,5,1
32,5,0.15234375,0.15625,0.23046875,0.27734375,2,1
32,5,0.15234375,0.15625,0.23046875,0.27734375,5,1
32,5,0.24609375,0.125,0.32421875,0.23828125,2,1
32,5,0.24609375,0.125,0.32421875,0.23828125,5,1
32,5,0.390625,0.08203125,0.47265625,0.203125,2,1
32,5,0.390625,0.08203125,0.47265625,0.203125,5,1
32,5,0.33203125,0.23828125,0.5234375,0.62890625,1,1
32,5,0.33203125,0.23828125,0.5234375,0.62890625,3,1
29,2,0.515625,0.203125,0.6171875,0.6796875,1,1
29,2,0.515625,0.203125,0.6171875,0.6796875,3,1
29,2,0.3671875,0.12109375,0.453125,0.328125,1,1
29,2,0.0703125,0.234375,0.234375,0.50390625,1,1
29,2,0.00390625,0.28515625,0.08984375,0.62109375,1,1
29,2,0.00390625,0.28515625,0.08984375,0.62109375,3,1
29,2,0.51953125,0.11328125,0.58984375,0.23828125,2,1
29,3,0.5234375,0.1171875,0.5859375,0.25,2,1
29,3,0.5234375,0.1171875,0.5859375,0.25,5,1
29,3,0.5234375,0.2109375,0.60546875,0.671875,1,1
29,3,0.5234375,0.2109375,0.60546875,0.671875,3,1
29,3,0.34765625,0.09375,0.46484375,0.3359375,1,1
29,3,0.0703125,0.23828125,0.22265625,0.55078125,1,1
29,3,0.01171875,0.296875,0.078125,0.62890625,1,1
29,3,0.01171875,0.296875,0.078125,0.62890625,3,1
29,4,0.0078125,0.2890625,0.07421875,0.64453125,1,1
29,4,0.0078125,0.2890625,0.07421875,0.64453125,3,1
29,4,0.078125,0.25,0.16796875,0.60546875,1,1
29,4,0.078125,0.25,0.16796875,0.60546875,3,1
29,4,0.36328125,0.09765625,0.453125,0.32421875,1,1
29,4,0.51953125,0.09375,0.5859375,0.23828125,2,1
29,4,0.51953125,0.09375,0.5859375,0.23828125,5,1
29,4,0.51953125,0.2109375,0.61328125,0.71875,1,1
29,4,0.51953125,0.2109375,0.61328125,0.71875,3,1
29,5,0.5234375,0.20703125,0.6171875,0.67578125,1,1
29,5,0.5234375,0.20703125,0.6171875,0.67578125,3,1
29,5,0.3671875,0.08203125,0.47265625,0.34375,1,1
29,5,0.52734375,0.11328125,0.60546875,0.24609375,2,1
29,5,0.52734375,0.11328125,0.60546875,0.24609375,5,1
29,5,0.0703125,0.2734375,0.16015625,0.60546875,1,1
29,5,0.0703125,0.2734375,0.16015625,0.60546875,3,1
29,5,0.0078125,0.28515625,0.0625,0.62890625,1,1
29,5,0.0078125,0.28515625,0.0625,0.62890625,3,1
29,6,0.359375,0.1015625,0.453125,0.3046875,1,1
29,6,0.078125,0.26953125,0.1796875,0.60546875,1,1
29,6,0.078125,0.26953125,0.1796875,0.60546875,3,1
29,6,0.01171875,0.296875,0.08203125,0.64453125,1,1
29,6,0.01171875,0.296875,0.08203125,0.64453125,3,1
29,6,0.5234375,0.2109375,0.625,0.6484375,1,1
29,6,0.5234375,0.2109375,0.625,0.6484375,3,1
29,6,0.51953125,0.09765625,0.60546875,0.2421875,2,1
29,6,0.51953125,0.09765625,0.60546875,0.2421875,5,1
29,7,0.359375,0.125,0.44921875,0.32421875,1,1
29,7,0.5234375,0.1015625,0.6015625,0.22265625,2,1
29,7,0.5234375,0.22265625,0.6171875,0.671875,1,1
29,7,0.5234375,0.22265625,0.6171875,0.671875,3,1
29,7,0.05859375,0.29296875,0.1640625,0.62109375,1,1
29,7,0.05859375,0.29296875,0.1640625,0.62109375,3,1
29,7,0.00390625,0.29296875,0.0859375,0.6171875,1,1
29,7,0.00390625,0.29296875,0.0859375,0.6171875,3,1
30,2,0.5546875,0.2109375,0.734375,0.6796875,1,1
30,2,0.5546875,0.2109375,0.734375,0.6796875,3,1
30,2,0.28125,0.21875,0.4140625,0.640625,1,1
30,2,0.28125,0.21875,0.4140625,0.640625,3,1
30,2,0.1171875,0.25390625,0.21484375,0.640625,1,1
30,2,0.1171875,0.25390625,0.21484375,0.640625,3,1
30,2,0.24609375,0.1171875,0.328125,0.3203125,1,1
30,2,0.3671875,0.078125,0.46484375,0.30078125,1,1
30,2,0.515625,0.10546875,0.58203125,0.2890625,2,1
30,2,0.515625,0.10546875,0.58203125,0.2890625,5,1
30,2,0.68359375,0.19921875,0.8515625,0.58203125,1,1
30,2,0.68359375,0.19921875,0.8515625,0.58203125,3,1
30,2,0.796875,0.22265625,0.9375,0.58984375,1,1
30,2,0.796875,0.22265625,0.9375,0.58984375,3,1
30,3,0.12109375,0.265625,0.2265625,0.63671875,1,1
30,3,0.12109375,0.265625,0.2265625,0.63671875,3,1
30,3,0.23046875,0.1171875,0.3359375,0.3359375,1,1
30,3,0.23046875,0.1171875,0.3359375,0.3359375,3,1
30,3,0.2734375,0.21484375,0.421875,0.71484375,1,1
30,3,0.2734375,0.21484375,0.421875,0.71484375,3,1
30,3,0.37109375,0.09375,0.46875,0.31640625,2,1
30,3,0.51953125,0.125,0.58203125,0.2734375,2,1
30,3,0.51953125,0.125,0.58203125,0.2734375,5,1
30,3,0.55078125,0.203125,0.7421875,0.66015625,1,1
30,3,0.55078125,0.203125,0.7421875,0.66015625,3,1
30,3,0.69140625,0.20703125,0.84765625,0.58203125,1,1
30,3,0.69140625,0.20703125,0.84765625,0.58203125,3,1
30,3,0.796875,0.2265625,0.94140625,0.54296875,1,1
30,3,0.796875,0.2265625,0.94140625,0.54296875,3,1
30,4,0.7890625,0.2109375,0.94140625,0.578125,1,1
30,4,0.7890625,0.2109375,0.94140625,0.578125,3,1
30,4,0.69140625,0.20703125,0.83203125,0.61328125,1,1
30,4,0.69140625,0.20703125,0.83203125,0.61328125,3,1
30,4,0.5390625,0.1953125,0.734375,0.66015625,1,1
30,4,0.5390625,0.1953125,0.734375,0.66015625,3,1
30,4,0.51953125,0.12890625,0.58984375,0.2890625,2,1
30,4,0.51953125,0.12890625,0.58984375,0.2890625,5,1
30,4,0.26953125,0.23828125,0.3984375,0.609375,1,1
30,4,0.11328125,0.24609375,0.21875,0.64453125,1,1
30,4,0.11328125,0.24609375,0.21875,0.64453125,3,1
30,4,0.23828125,0.10546875,0.33203125,0.328125,1,1
30,4,0.375,0.08203125,0.47265625,0.3203125,1,1
30,5,0.37109375,0.1015625,0.45703125,0.328125,1,1
30,5,0.26171875,0.22265625,0.40234375,0.5625,1,1
30,5,0.234375,0.125,0.33203125,0.328125,1,1
30,5,0.1171875,0.21484375,0.21875,0.6640625,1,1
30,5,0.1171875,0.21484375,0.21875,0.6640625,3,1
30,5,0.515625,0.10546875,0.578125,0.2734375,2,1
30,5,0.515625,0.10546875,0.578125,0.2734375,5,1
30,5,0.55078125,0.19921875,0.7421875,0.640625,1,1
30,5,0.55078125,0.19921875,0.7421875,0.640625,3,1
30,5,0.6953125,0.2109375,0.8359375,0.57421875,1,1
30,5,0.6953125,0.2109375,0.8359375,0.57421875,3,1
30,5,0.80078125,0.23046875,0.9375,0.5625,1,1
30,5,0.80078125,0.23046875,0.9375,0.5625,3,1
30,6,0.79296875,0.234375,0.9375,0.59765625,1,1
30,6,0.79296875,0.234375,0.9375,0.59765625,3,1
30,6,0.6796875,0.203125,0.828125,0.62109375,1,1
30,6,0.6796875,0.203125,0.828125,0.62109375,3,1
30,6,0.54296875,0.19140625,0.71484375,0.69140625,1,1
30,6,0.54296875,0.19140625,0.71484375,0.69140625,3,1
30,6,0.51171875,0.1015625,0.578125,0.265625,2,1
30,6,0.51171875,0.1015625,0.578125,0.265625,5,1
30,6,0.3671875,0.0546875,0.4609375,0.3046875,1,1
30,6,0.26953125,0.23828125,0.40625,0.6015625,1,1
30,6,0.1015625,0.23046875,0.2265625,0.64453125,1,1
30,6,0.1015625,0.23046875,0.2265625,0.64453125,3,1
30,6,0.23046875,0.12109375,0.34375,0.296875,1,1
30,7,0.5546875,0.19921875,0.7265625,0.66015625,1,1
30,7,0.5546875,0.19921875,0.7265625,0.66015625,3,1
30,7,0.6953125,0.171875,0.83203125,0.59375,1,1
30,7,0.6953125,0.171875,0.83203125,0.59375,3,1
30,7,0.8046875,0.2109375,0.9453125,0.57421875,1,1
30,7,0.8046875,0.2109375,0.9453125,0.57421875,3,1
30,7,0.515625,0.1015625,0.5859375,0.26953125,2,1
30,7,0.515625,0.1015625,0.5859375,0.26953125,5,1
30,7,0.375,0.08203125,0.46875,0.30078125,1,1
30,7,0.27734375,0.22265625,0.40234375,0.546875,1,1
30,7,0.1171875,0.24609375,0.234375,0.6328125,1,1
30,7,0.1171875,0.24609375,0.234375,0.6328125,3,1
30,7,0.23828125,0.11328125,0.33984375,0.3203125,1,1
32,6,0.33203125,0.234375,0.52734375,0.61328125,1,1
32,6,0.33203125,0.234375,0.52734375,0.61328125,3,1
32,6,0.41015625,0.09765625,0.484375,0.203125,2,1
32,6,0.41015625,0.09765625,0.484375,0.203125,5,1
32,6,0.2578125,0.140625,0.31640625,0.23828125,2,1
32,6,0.2578125,0.140625,0.31640625,0.23828125,5,1
32,6,0.16015625,0.15625,0.24609375,0.26953125,2,1
32,6,0.16015625,0.15625,0.24609375,0.26953125,5,1
32,6,0.08203125,0.13671875,0.14453125,0.28515625,1,1
32,7,0.09375,0.1796875,0.1484375,0.2890625,1,1
32,7,0.16796875,0.17578125,0.23046875,0.265625,2,1
32,7,0.16796875,0.17578125,0.23046875,0.265625,5,1
32,7,0.2578125,0.15234375,0.328125,0.234375,2,1
32,7,0.2578125,0.15234375,0.328125,0.234375,5,1
32,7,0.39453125,0.10546875,0.4921875,0.23046875,2,1
32,7,0.33203125,0.234375,0.5234375,0.609375,1,1
32,7,0.33203125,0.234375,0.5234375,0.609375,3,1
33,2,0.0390625,0.25,0.14453125,0.41796875,1,1
33,2,0.171875,0.16015625,0.234375,0.25,2,1
33,2,0.171875,0.16015625,0.234375,0.25,5,1
33,2,0.24609375,0.1328125,0.32421875,0.2421875,2,1
33,2,0.24609375,0.1328125,0.32421875,0.2421875,5,1
33,3,0.26171875,0.15234375,0.33203125,0.2421875,2,1
33,3,0.26171875,0.15234375,0.33203125,0.2421875,5,1
33,3,0.17578125,0.15625,0.23828125,0.28515625,2,1
33,3,0.17578125,0.15625,0.23828125,0.28515625,5,1
33,3,0.03515625,0.2109375,0.12890625,0.42578125,1,1
33,4,0.25390625,0.12890625,0.32421875,0.23828125,2,1
33,4,0.25390625,0.12890625,0.32421875,0.23828125,5,1
33,4,0.17578125,0.16015625,0.23828125,0.2734375,2,1
33,4,0.17578125,0.16015625,0.23828125,0.2734375,5,1
33,4,0.04296875,0.2265625,0.13671875,0.39453125,1,1
33,5,0.04296875,0.23828125,0.12890625,0.390625,1,1
33,5,0.16796875,0.15625,0.23828125,0.265625,2,1
33,5,0.16796875,0.15625,0.23828125,0.265625,5,1
33,5,0.25,0.12890625,0.32421875,0.2578125,2,1
33,5,0.25,0.12890625,0.32421875,0.2578125,5,1
33,6,0.046875,0.23828125,0.125,0.3984375,1,1
33,6,0.1640625,0.15234375,0.23828125,0.25390625,2,1
33,6,0.1640625,0.15234375,0.23828125,0.25390625,5,1
33,6,0.25390625,0.140625,0.31640625,0.2421875,2,1
33,6,0.25390625,0.140625,0.31640625,0.2421875,5,1
33,7,0.02734375,0.2421875,0.1328125,0.4140625,1,1
33,7,0.12109375,0.18359375,0.17578125,0.30078125,2,1
33,7,0.12109375,0.18359375,0.17578125,0.30078125,5,1
33,7,0.1875,0.1484375,0.23828125,0.26171875,2,1
33,7,0.1875,0.1484375,0.23828125,0.26171875,5,1
33,7,0.26171875,0.140625,0.3203125,0.234375,2,1
33,7,0.26171875,0.140625,0.3203125,0.234375,5,1
34,2,0.01953125,0.29296875,0.14453125,0.625,1,1
34,2,0.01953125,0.29296875,0.14453125,0.625,3,1
34,2,0.171875,0.16015625,0.234375,0.26171875,2,1
34,2,0.171875,0.16015625,0.234375,0.26171875,5,1
34,2,0.24609375,0.125,0.31640625,0.24609375,2,1
34,2,0.24609375,0.125,0.31640625,0.24609375,5,1
34,2,0.10546875,0.1796875,0.15625,0.296875,2,1
34,2,0.10546875,0.1796875,0.15625,0.296875,5,1
34,3,0.11328125,0.19140625,0.171875,0.29296875,2,1
34,3,0.11328125,0.19140625,0.171875,0.29296875,5,1
34,3,0.01171875,0.24609375,0.12890625,0.6171875,1,1
34,3,0.01171875,0.24609375,0.12890625,0.6171875,3,1
34,3,0.1796875,0.13671875,0.23828125,0.26171875,2,1
34,3,0.1796875,0.13671875,0.23828125,0.26171875,5,1
34,3,0.26171875,0.1328125,0.328125,0.2578125,2,1
34,3,0.26171875,0.1328125,0.328125,0.2578125,5,1
34,4,0.25,0.1328125,0.33984375,0.23828125,2,1
34,4,0.16796875,0.1484375,0.23828125,0.27734375,2,1
34,4,0.109375,0.203125,0.16015625,0.2890625,2,1
34,4,0.02734375,0.2734375,0.13671875,0.64453125,1,1
34,4,0.02734375,0.2734375,0.13671875,0.64453125,3,1
34,5,0.0390625,0.30078125,0.140625,0.625,1,1
34,5,0.0390625,0.30078125,0.140625,0.625,3,1
34,5,0.10546875,0.23046875,0.171875,0.31640625,2,1
34,5,0.10546875,0.23046875,0.171875,0.31640625,5,1
34,5,0.171875,0.17578125,0.23828125,0.2734375,2,1
34,5,0.25,0.12109375,0.33203125,0.25390625,2,1
34,6,0.25,0.1328125,0.328125,0.23828125,2,1
34,6,0.16015625,0.15234375,0.24609375,0.30078125,2,1
34,6,0.0703125,0.21875,0.15625,0.32421875,2,1
34,6,0.03515625,0.3046875,0.16015625,0.66796875,1,1
34,6,0.03515625,0.3046875,0.16015625,0.66796875,3,1
34,7,0.015625,0.296875,0.13671875,0.65234375,1,1
34,7,0.015625,0.296875,0.13671875,0.65234375,3,1
34,7,0.11328125,0.21484375,0.1796875,0.3203125,2,1
34,7,0.171875,0.16015625,0.23828125,0.2578125,2,1
34,7,0.171875,0.16015625,0.23828125,0.2578125,5,1
34,7,0.26171875,0.13671875,0.33984375,0.2578125,2,1
34,7,0.26171875,0.13671875,0.33984375,0.2578125,5,1
35,2,0.2421875,0.140625,0.3359375,0.24609375,2,1
35,2,0.2421875,0.140625,0.3359375,0.24609375,5,1
35,2,0.171875,0.14453125,0.23828125,0.26171875,2,1
35,2,0.171875,0.14453125,0.23828125,0.26171875,5,1
35,2,0.07421875,0.2265625,0.1640625,0.359375,2,1
35,2,0.07421875,0.2265625,0.1640625,0.359375,5,1
35,2,0.01171875,0.234375,0.0859375,0.390625,1,1
35,2,0.80859375,0.21875,0.9765625,0.58984375,1,1
35,2,0.80859375,0.21875,0.9765625,0.58984375,3,1
35,3,0.81640625,0.21484375,0.98046875,0.5859375,1,1
35,3,0.81640625,0.21484375,0.98046875,0.5859375,3,1
35,3,0.24609375,0.12890625,0.33203125,0.24609375,2,1
35,3,0.24609375,0.12890625,0.33203125,0.24609375,5,1
35,3,0.1796875,0.15625,0.24609375,0.265625,2,1
35,3,0.1796875,0.15625,0.24609375,0.265625,5,1
35,3,0.09375,0.23046875,0.16015625,0.359375,2,1
35,3,0.09375,0.23046875,0.16015625,0.359375,5,1
35,3,0.015625,0.234375,0.0859375,0.41015625,1,1
35,4,0.80859375,0.22265625,0.984375,0.59765625,1,1
35,4,0.25390625,0.125,0.33984375,0.2421875,2,1
35,4,0.25390625,0.125,0.33984375,0.2421875,5,1
35,4,0.17578125,0.15234375,0.2421875,0.2578125,2,1
35,4,0.17578125,0.15234375,0.2421875,0.2578125,5,1
35,4,0.0859375,0.21875,0.1640625,0.375,2,1
35,4,0.015625,0.20703125,0.07421875,0.3984375,1,1
35,5,0.01171875,0.21484375,0.0859375,0.3828125,1,1
35,5,0.1015625,0.23046875,0.1640625,0.37109375,2,1
35,5,0.17578125,0.140625,0.25,0.2578125,2,1
35,5,0.17578125,0.140625,0.25,0.2578125,5,1
35,5,0.2421875,0.140625,0.33203125,0.23828125,2,1
35,5,0.2421875,0.140625,0.33203125,0.23828125,5,1
35,5,0.8046875,0.22265625,0.98046875,0.58203125,1,1
35,6,0.8125,0.2109375,0.98046875,0.5703125,1,1
35,6,0.2421875,0.125,0.33203125,0.25,2,1
35,6,0.16015625,0.13671875,0.24609375,0.25390625,2,1
35,6,0.0859375,0.24609375,0.17578125,0.37109375,2,1
35,6,0.0078125,0.22265625,0.0859375,0.421875,1,1
35,7,0.01171875,0.22265625,0.0859375,0.39453125,1,1
35,7,0.08984375,0.2265625,0.1796875,0.36328125,2,1
35,7,0.1640625,0.12890625,0.25,0.26171875,2,1
35,7,0.23828125,0.1328125,0.33984375,0.25390625,2,1
35,7,0.80078125,0.1953125,0.98046875,0.56640625,1,1
36,2,0.3671875,0.1015625,0.46484375,0.3125,2,1
36,2,0.33984375,0.06640625,0.39453125,0.19140625,1,1
36,2,0.2421875,0.13671875,0.33984375,0.24609375,2,1
36,2,0.2421875,0.13671875,0.33984375,0.24609375,5,1
36,2,0.09765625,0.203125,0.16796875,0.2734375,2,1
36,2,0.09765625,0.203125,0.16796875,0.2734375,5,1
36,2,0.02734375,0.2421875,0.1015625,0.37890625,2,1
36,2,0.02734375,0.2421875,0.1015625,0.37890625,5,1
36,2,0.55078125,0.13671875,0.66796875,0.42578125,1,1
36,2,0.51953125,0.0859375,0.5546875,0.32421875,1,1
36,2,0.5390625,0.0390625,0.625,0.140625,1,1
36,2,0.6484375,0.14453125,0.796875,0.4140625,1,1
36,2,0.71484375,0.06640625,0.78515625,0.2265625,1,1
36,3,0.375,0.12109375,0.47265625,0.3046875,2,1
36,3,0.24609375,0.15625,0.33984375,0.234375,2,1
36,3,0.24609375,0.15625,0.33984375,0.234375,5,1
36,3,0.1015625,0.19140625,0.19140625,0.30078125,2,1
36,3,0.1015625,0.19140625,0.19140625,0.30078125,5,1
36,3,0.0234375,0.26171875,0.09765625,0.37890625,2,1
36,3,0.34765625,0.0546875,0.3984375,0.18359375,1,1
36,3,0.5546875,0.14453125,0.64453125,0.453125,1,1
36,3,0.64453125,0.10546875,0.78515625,0.390625,1,1
36,3,0.69140625,0.0546875,0.7734375,0.1953125,1,1
36,3,0.53515625,0.04296875,0.61328125,0.13671875,1,1
36,3,0.5234375,0.08984375,0.56640625,0.3125,1,1
50,7,0.6796875,0.19140625,0.83203125,0.625,1,1
50,7,0.6796875,0.19140625,0.83203125,0.625,3,1
50,7,0.74609375,0.15625,0.90625,0.4609375,1,1
50,7,0.60546875,0.22265625,0.69140625,0.62890625,1,1
50,7,0.60546875,0.22265625,0.69140625,0.62890625,3,1
50,7,0.52734375,0.18359375,0.61328125,0.65625,1,1
50,7,0.52734375,0.18359375,0.61328125,0.65625,3,1
50,7,0.44140625,0.17578125,0.5078125,0.62890625,1,1
50,7,0.44140625,0.17578125,0.5078125,0.62890625,3,1
50,7,0.37890625,0.19140625,0.45703125,0.6484375,1,1
50,7,0.37890625,0.19140625,0.45703125,0.6484375,3,1
50,7,0.2734375,0.203125,0.38671875,0.66015625,1,1
50,7,0.2734375,0.203125,0.38671875,0.66015625,3,1
50,7,0.16796875,0.203125,0.26953125,0.65625,1,1
50,7,0.16796875,0.203125,0.26953125,0.65625,3,1
50,7,0.1328125,0.2265625,0.1953125,0.65234375,1,1
50,7,0.1328125,0.2265625,0.1953125,0.65234375,3,1
50,7,0.078125,0.18359375,0.1640625,0.62890625,1,1
50,7,0.078125,0.18359375,0.1640625,0.62890625,3,1
50,7,0.0078125,0.25390625,0.09375,0.66015625,1,1
50,7,0.0078125,0.25390625,0.09375,0.66015625,3,1
49,6,0.4609375,0.203125,0.61328125,0.609375,1,1
49,6,0.3203125,0.25,0.4609375,0.62109375,1,1
49,6,0.59375,0.1796875,0.84765625,0.4453125,1,1
49,6,0.59375,0.1796875,0.84765625,0.4453125,5,1
49,6,0.375,0.12109375,0.45703125,0.29296875,2,1
49,6,0.375,0.12109375,0.45703125,0.29296875,5,1
49,6,0.26171875,0.1640625,0.34765625,0.328125,2,1
49,6,0.26171875,0.1640625,0.34765625,0.328125,5,1
49,6,0.16015625,0.171875,0.24609375,0.34375,2,1
49,6,0.16015625,0.171875,0.24609375,0.34375,5,1
49,6,0.1015625,0.1796875,0.16796875,0.39453125,1,1
49,6,0.03125,0.2109375,0.109375,0.41015625,1,1
49,5,0.37109375,0.11328125,0.4609375,0.28125,2,1
49,5,0.37109375,0.11328125,0.4609375,0.28125,5,1
49,5,0.32421875,0.23046875,0.45703125,0.62890625,1,1
49,5,0.32421875,0.23046875,0.45703125,0.62890625,3,1
49,5,0.46484375,0.1953125,0.61328125,0.62890625,1,1
49,5,0.46484375,0.1953125,0.61328125,0.62890625,3,1
49,5,0.58984375,0.1953125,0.85546875,0.47265625,1,1
49,5,0.58984375,0.1953125,0.85546875,0.47265625,5,1
49,5,0.25,0.171875,0.33203125,0.3046875,2,1
49,5,0.25,0.171875,0.33203125,0.3046875,5,1
49,5,0.14453125,0.171875,0.2421875,0.34765625,2,1
49,5,0.10546875,0.1796875,0.16796875,0.3984375,1,1
49,5,0.03125,0.19921875,0.1015625,0.40234375,1,1
49,4,0.578125,0.1796875,0.87109375,0.46484375,1,1
49,4,0.453125,0.20703125,0.6171875,0.60546875,1,1
49,4,0.3203125,0.21875,0.4609375,0.6171875,1,1
49,4,0.375,0.10546875,0.44921875,0.265625,2,1
49,4,0.375,0.10546875,0.44921875,0.265625,5,1
49,4,0.265625,0.14453125,0.33984375,0.30859375,2,1
49,4,0.265625,0.14453125,0.33984375,0.30859375,5,1
49,4,0.16796875,0.15625,0.25,0.33984375,2,1
49,4,0.16796875,0.15625,0.25,0.33984375,5,1
49,4,0.09765625,0.18359375,0.16796875,0.38671875,1,1
49,4,0.04296875,0.1953125,0.09375,0.4140625,1,1
49,3,0.31640625,0.2421875,0.46484375,0.62890625,1,1
49,3,0.45703125,0.1875,0.609375,0.6171875,1,1
49,3,0.59375,0.16015625,0.86328125,0.4765625,1,1
49,3,0.375,0.11328125,0.46484375,0.296875,2,1
49,3,0.375,0.11328125,0.46484375,0.296875,5,1
49,3,0.26171875,0.13671875,0.34765625,0.3046875,2,1
49,3,0.26171875,0.13671875,0.34765625,0.3046875,5,1
49,3,0.16015625,0.171875,0.25390625,0.3515625,2,1
49,3,0.16015625,0.171875,0.25390625,0.3515625,5,1
49,3,0.09375,0.16796875,0.171875,0.39453125,1,1
49,3,0.01953125,0.19921875,0.09375,0.40234375,1,1
49,2,0.03125,0.20703125,0.1015625,0.390625,1,1
49,2,0.08984375,0.1484375,0.171875,0.37109375,1,1
49,2,0.1640625,0.18359375,0.25,0.34765625,2,1
49,2,0.1640625,0.18359375,0.25,0.34765625,5,1
49,2,0.2578125,0.15234375,0.33203125,0.296875,2,1
49,2,0.2578125,0.15234375,0.33203125,0.296875,5,1
49,2,0.35546875,0.0859375,0.4609375,0.2890625,2,1
49,2,0.35546875,0.0859375,0.4609375,0.2890625,5,1
49,2,0.3203125,0.21875,0.5,0.5703125,1,1
49,2,0.46875,0.17578125,0.60546875,0.625,1,1
49,2,0.578125,0.1953125,0.859375,0.4765625,1,1
47,7,0.25390625,0.19140625,0.34765625,0.31640625,2,1
47,7,0.15625,0.1953125,0.234375,0.3359375,2,1
47,7,0.08203125,0.234375,0.1484375,0.359375,2,1
47,7,0.0234375,0.23828125,0.08203125,0.3671875,2,1
47,7,0.3984375,0.10546875,0.47265625,0.22265625,2,1
47,6,0.390625,0.11328125,0.48046875,0.21875,2,1
47,6,0.265625,0.16796875,0.375,0.3203125,2,1
47,6,0.171875,0.18359375,0.25,0.3359375,2,1
47,6,0.08203125,0.20703125,0.16796875,0.3671875,2,1
47,6,0.015625,0.2421875,0.078125,0.36328125,2,1
47,5,0.3984375,0.1015625,0.4765625,0.21875,2,1
47,5,0.25390625,0.16796875,0.359375,0.3125,2,1
47,5,0.16015625,0.19921875,0.24609375,0.32421875,2,1
47,5,0.08984375,0.21875,0.15625,0.359375,2,1
47,5,0.01171875,0.22265625,0.08984375,0.359375,2,1
47,4,0.390625,0.0859375,0.4921875,0.234375,2,1
47,4,0.25390625,0.14453125,0.3671875,0.3125,2,1
47,4,0.25390625,0.14453125,0.3671875,0.3125,5,1
47,4,0.1640625,0.203125,0.23828125,0.32421875,2,1
47,4,0.1640625,0.203125,0.23828125,0.32421875,5,1
47,4,0.078125,0.203125,0.15234375,0.3515625,2,1
47,4,0.078125,0.203125,0.15234375,0.3515625,5,1
47,4,0.00390625,0.22265625,0.07421875,0.3828125,2,1
47,4,0.00390625,0.22265625,0.07421875,0.3828125,5,1
47,3,0.40234375,0.1171875,0.47265625,0.21484375,2,1
47,3,0.40234375,0.1171875,0.47265625,0.21484375,5,1
47,3,0.25,0.171875,0.37109375,0.3203125,2,1
47,3,0.25,0.171875,0.37109375,0.3203125,5,1
47,3,0.17578125,0.19140625,0.2421875,0.3359375,2,1
47,3,0.17578125,0.19140625,0.2421875,0.3359375,5,1
47,3,0.078125,0.1953125,0.16796875,0.36328125,2,1
47,3,0.078125,0.1953125,0.16796875,0.36328125,5,1
47,3,0.0234375,0.25,0.07421875,0.38671875,2,1
47,3,0.0234375,0.25,0.07421875,0.38671875,5,1
47,2,0.40234375,0.1015625,0.47265625,0.21484375,2,1
47,2,0.40234375,0.1015625,0.47265625,0.21484375,5,1
47,2,0.25,0.14453125,0.3515625,0.3125,2,1
47,2,0.25,0.14453125,0.3515625,0.3125,5,1
47,2,0.16796875,0.18359375,0.2421875,0.33203125,2,1
47,2,0.16796875,0.18359375,0.2421875,0.33203125,5,1
47,2,0.0859375,0.22265625,0.16796875,0.36328125,2,1
47,2,0.0859375,0.22265625,0.16796875,0.36328125,5,1
47,2,0.0234375,0.25,0.0859375,0.38671875,2,1
47,2,0.0234375,0.25,0.0859375,0.38671875,5,1
46,7,0.38671875,0.0546875,0.46875,0.20703125,1,1
46,7,0.17578125,0.203125,0.25390625,0.3359375,2,1
46,7,0.078125,0.203125,0.16015625,0.3515625,2,1
46,7,0.01171875,0.234375,0.0703125,0.3828125,2,1
46,7,0.12890625,0.1328125,0.2109375,0.203125,1,1
46,6,0.1328125,0.1484375,0.20703125,0.2265625,1,1
46,6,0.35546875,0.046875,0.48828125,0.22265625,1,1
46,6,0.16796875,0.20703125,0.25390625,0.33203125,2,1
46,6,0.16796875,0.20703125,0.25390625,0.33203125,5,1
46,6,0.08984375,0.2109375,0.16015625,0.359375,2,1
46,6,0.08984375,0.2109375,0.16015625,0.359375,5,1
46,6,0.0,0.23046875,0.0703125,0.41796875,1,1
46,5,0.1640625,0.19921875,0.25,0.3515625,2,1
46,5,0.1640625,0.19921875,0.25,0.3515625,5,1
46,5,0.08203125,0.1953125,0.1484375,0.34375,2,1
46,5,0.08203125,0.1953125,0.1484375,0.34375,5,1
46,5,0.0,0.23046875,0.06640625,0.40625,1,1
46,5,0.12109375,0.125,0.1953125,0.21875,1,1
46,5,0.33984375,0.04296875,0.47265625,0.19921875,1,1
46,4,0.35546875,0.05078125,0.4765625,0.2109375,1,1
46,4,0.16796875,0.1875,0.24609375,0.3359375,2,1
46,4,0.16796875,0.1875,0.24609375,0.3359375,5,1
46,4,0.0859375,0.19921875,0.15625,0.359375,2,1
46,4,0.0859375,0.19921875,0.15625,0.359375,5,1
46,4,0.12109375,0.125,0.1875,0.21484375,1,1
46,4,0.0,0.24609375,0.07421875,0.39453125,1,1
46,3,0.0,0.234375,0.0625,0.41015625,1,1
46,3,0.0859375,0.19921875,0.16015625,0.34765625,2,1
46,3,0.0859375,0.19921875,0.16015625,0.34765625,5,1
46,3,0.16796875,0.1875,0.2421875,0.3125,2,1
46,3,0.16796875,0.1875,0.2421875,0.3125,5,1
46,3,0.3671875,0.04296875,0.48046875,0.21484375,1,1
46,2,0.359375,0.05078125,0.48046875,0.2265625,1,1
46,2,0.16796875,0.18359375,0.25390625,0.32421875,2,1
46,2,0.16796875,0.18359375,0.25390625,0.32421875,5,1
46,2,0.08203125,0.18359375,0.15234375,0.35546875,2,1
46,2,0.08203125,0.18359375,0.15234375,0.35546875,5,1
46,2,0.0,0.22265625,0.0625,0.39453125,1,1
45,7,0.5234375,0.1875,0.73828125,0.55859375,1,1
45,7,0.265625,0.1875,0.37890625,0.6171875,1,1
45,7,0.265625,0.1875,0.37890625,0.6171875,3,1
45,7,0.1953125,0.11328125,0.27734375,0.17578125,1,1
45,7,0.08203125,0.20703125,0.29296875,0.4921875,1,1
45,7,0.00390625,0.2890625,0.12890625,0.51953125,1,1
45,7,0.09375,0.18359375,0.26171875,0.27734375,1,1
45,6,0.51953125,0.17578125,0.765625,0.57421875,1,1
45,6,0.28125,0.19140625,0.38671875,0.6484375,1,1
45,6,0.1015625,0.2421875,0.296875,0.48046875,1,1
45,6,0.0234375,0.26953125,0.10546875,0.5625,1,1
45,6,0.1640625,0.17578125,0.28125,0.28125,1,1
45,6,0.08203125,0.1484375,0.1640625,0.2578125,1,1
45,6,0.1796875,0.09375,0.28125,0.17578125,1,1
45,5,0.5234375,0.1796875,0.76953125,0.546875,1,1
45,5,0.28125,0.1796875,0.39453125,0.609375,1,1
45,5,0.0546875,0.23828125,0.3046875,0.53515625,1,1
45,5,0.01171875,0.28125,0.1171875,0.4921875,1,1
45,5,0.15625,0.10546875,0.25390625,0.19921875,1,1
45,5,0.12109375,0.1796875,0.26171875,0.2890625,1,1
45,4,0.5234375,0.171875,0.77734375,0.5703125,1,1
45,4,0.27734375,0.20703125,0.390625,0.58203125,1,1
45,4,0.078125,0.24609375,0.2890625,0.54296875,1,1
45,4,0.01171875,0.23828125,0.1640625,0.47265625,1,1
45,4,0.1484375,0.15625,0.27734375,0.2734375,1,1
45,4,0.15234375,0.05859375,0.26171875,0.19140625,1,1
45,3,0.15625,0.1171875,0.2421875,0.17578125,1,1
45,3,0.0703125,0.23828125,0.2890625,0.5234375,1,1
45,3,0.28125,0.1875,0.3671875,0.625,1,1
45,3,0.51953125,0.1796875,0.796875,0.51171875,1,1
45,3,0.01171875,0.234375,0.0859375,0.50390625,1,1
45,2,0.00390625,0.2734375,0.125,0.46484375,1,1
45,2,0.07421875,0.1875,0.2890625,0.546875,1,1
45,2,0.2734375,0.19140625,0.36328125,0.625,1,1
45,2,0.5234375,0.1796875,0.765625,0.54296875,1,1
45,2,0.16015625,0.1015625,0.2421875,0.1875,1,1
44,7,0.375,0.078125,0.46484375,0.38671875,1,1
44,7,0.2421875,0.16796875,0.35546875,0.33203125,2,1
44,7,0.078125,0.21875,0.171875,0.37109375,2,1
44,7,0.65625,0.04296875,0.7265625,0.16796875,1,1
44,7,0.46484375,0.03515625,0.5703125,0.140625,1,1
44,6,0.65625,0.04296875,0.7265625,0.1953125,1,1
44,6,0.45703125,0.03515625,0.5703125,0.14453125,1,1
44,6,0.3671875,0.0625,0.45703125,0.359375,1,1
44,6,0.23828125,0.15234375,0.3515625,0.33203125,2,1
44,6,0.08203125,0.21484375,0.16796875,0.375,2,1
44,6,0.01953125,0.234375,0.07421875,0.375,1,1
44,5,0.4609375,0.01953125,0.55078125,0.16015625,1,1
44,5,0.66796875,0.05859375,0.734375,0.18359375,1,1
44,5,0.3671875,0.0859375,0.4609375,0.359375,1,1
44,5,0.25,0.15234375,0.34765625,0.32421875,2,1
44,5,0.25,0.15234375,0.34765625,0.32421875,5,1
44,5,0.0859375,0.2109375,0.1875,0.37890625,2,1
44,5,0.0859375,0.2109375,0.1875,0.37890625,5,1
44,5,0.09765625,0.13671875,0.1796875,0.23828125,1,1
44,5,0.0078125,0.20703125,0.0703125,0.390625,1,1
44,4,0.109375,0.14453125,0.19140625,0.25390625,1,1
44,4,0.078125,0.20703125,0.171875,0.359375,2,1
44,4,0.078125,0.20703125,0.171875,0.359375,5,1
44,4,0.2578125,0.1640625,0.34375,0.31640625,2,1
44,4,0.2578125,0.1640625,0.34375,0.31640625,5,1
44,4,0.375,0.08203125,0.46875,0.33984375,1,1
44,4,0.45703125,0.02734375,0.56640625,0.16015625,2,1
44,4,0.66796875,0.046875,0.75,0.21484375,1,1
44,4,0.01171875,0.2265625,0.07421875,0.39453125,1,1
44,3,0.0078125,0.2109375,0.078125,0.375,1,1
44,3,0.0859375,0.21484375,0.1640625,0.3359375,2,1
44,3,0.2421875,0.16015625,0.3515625,0.3203125,2,1
44,3,0.359375,0.09375,0.4609375,0.3671875,1,1
44,3,0.453125,0.01953125,0.5703125,0.171875,1,1
44,3,0.6640625,0.03515625,0.71875,0.1640625,1,1
44,3,0.09375,0.12890625,0.17578125,0.203125,1,1
44,2,0.0859375,0.21875,0.16015625,0.34765625,2,1
44,2,0.01171875,0.25390625,0.06640625,0.38671875,1,1
44,2,0.1171875,0.1328125,0.19921875,0.2109375,2,1
44,2,0.25390625,0.171875,0.3515625,0.30859375,2,1
44,2,0.38671875,0.0859375,0.47265625,0.375,1,1
44,2,0.45703125,0.03515625,0.5625,0.15625,1,1
44,2,0.66015625,0.0390625,0.7265625,0.19140625,1,1
43,7,0.640625,0.046875,0.73046875,0.17578125,1,1
43,7,0.28125,0.07421875,0.36328125,0.20703125,1,1
43,7,0.1640625,0.1875,0.25390625,0.328125,2,1
43,7,0.07421875,0.19921875,0.14453125,0.37109375,2,1
43,7,0.40234375,0.09765625,0.4609375,0.23046875,2,1
43,7,0.40234375,0.09765625,0.4609375,0.23046875,5,1
43,6,0.39453125,0.09375,0.46484375,0.21875,2,1
43,6,0.39453125,0.09375,0.46484375,0.21875,5,1
43,6,0.265625,0.06640625,0.359375,0.203125,1,1
43,6,0.1484375,0.18359375,0.234375,0.3359375,5,1
43,6,0.1484375,0.18359375,0.234375,0.3359375,2,1
43,6,0.0625,0.20703125,0.140625,0.37109375,2,1
43,6,0.0625,0.20703125,0.140625,0.37109375,5,1
43,6,0.640625,0.05078125,0.7265625,0.19140625,1,1
43,5,0.6328125,0.05078125,0.71875,0.19140625,1,1
43,5,0.3984375,0.109375,0.45703125,0.21875,2,1
43,5,0.3984375,0.109375,0.45703125,0.21875,5,1
43,5,0.39453125,0.15234375,0.39453125,0.16015625,2,1
43,5,0.2734375,0.0546875,0.37109375,0.203125,1,1
43,5,0.1640625,0.18359375,0.265625,0.34375,2,1
43,5,0.1640625,0.18359375,0.265625,0.34375,5,1
43,5,0.0703125,0.19921875,0.1640625,0.390625,2,1
43,5,0.0703125,0.19921875,0.1640625,0.390625,5,1
43,4,0.08203125,0.21875,0.16015625,0.36328125,2,1
43,4,0.08203125,0.21875,0.16015625,0.36328125,5,1
43,4,0.1484375,0.20703125,0.234375,0.34375,2,1
43,4,0.1484375,0.20703125,0.234375,0.34375,5,1
43,4,0.28125,0.05859375,0.3671875,0.1875,1,1
43,4,0.3828125,0.10546875,0.46484375,0.23828125,2,1
43,4,0.3828125,0.10546875,0.46484375,0.23828125,5,1
43,4,0.6328125,0.05078125,0.76953125,0.18359375,1,1
43,3,0.6328125,0.04296875,0.73046875,0.17578125,1,1
43,3,0.38671875,0.1015625,0.46875,0.234375,2,1
43,3,0.265625,0.07421875,0.36328125,0.2421875,1,1
43,3,0.15625,0.1875,0.2421875,0.328125,2,1
43,3,0.0703125,0.22265625,0.1484375,0.375,2,1
43,2,0.08984375,0.19921875,0.15625,0.375,2,1
43,2,0.1640625,0.16796875,0.23828125,0.359375,2,1
43,2,0.26171875,0.05078125,0.36328125,0.26953125,1,1
43,2,0.40234375,0.10546875,0.46875,0.23828125,2,1
43,2,0.62890625,0.05078125,0.72265625,0.1875,1,1
42,7,0.390625,0.1171875,0.46875,0.21875,2,1
42,7,0.25390625,0.17578125,0.37109375,0.3203125,2,1
42,7,0.06640625,0.21484375,0.13671875,0.37109375,2,1
42,7,0.23046875,0.08203125,0.31640625,0.1484375,1,1
42,6,0.2265625,0.0703125,0.30859375,0.16015625,1,1
42,6,0.2421875,0.15625,0.375,0.32421875,2,1
42,6,0.3828125,0.10546875,0.47265625,0.26171875,1,1
42,6,0.125,0.1953125,0.2109375,0.38671875,1,1
42,6,0.05859375,0.234375,0.14453125,0.3515625,2,1
42,5,0.21875,0.09375,0.31640625,0.19140625,1,1
42,5,0.25,0.16796875,0.36328125,0.33203125,2,1
42,5,0.39453125,0.1015625,0.47265625,0.21875,2,1
42,5,0.1328125,0.1953125,0.21875,0.39453125,1,1
42,5,0.07421875,0.234375,0.1484375,0.3671875,2,1
42,5,0.12890625,0.1484375,0.19140625,0.21484375,1,1
42,4,0.2265625,0.08984375,0.3125,0.16015625,1,1
42,4,0.2578125,0.1875,0.3671875,0.328125,2,1
42,4,0.3984375,0.1015625,0.46875,0.2265625,2,1
42,4,0.14453125,0.2109375,0.203125,0.36328125,2,1
42,4,0.07421875,0.23046875,0.15234375,0.35546875,2,1
42,4,0.0234375,0.2734375,0.078125,0.421875,2,1
42,3,0.3828125,0.0859375,0.46484375,0.21875,2,1
42,3,0.25,0.15234375,0.3515625,0.30859375,2,1
42,3,0.21875,0.0859375,0.29296875,0.17578125,2,1
42,3,0.12890625,0.14453125,0.19921875,0.22265625,1,1
42,3,0.078125,0.2109375,0.140625,0.36328125,2,1
42,2,0.234375,0.1484375,0.3515625,0.31640625,2,1
42,2,0.22265625,0.08203125,0.3046875,0.16796875,1,1
42,2,0.38671875,0.1171875,0.4609375,0.2109375,2,1
42,2,0.13671875,0.2109375,0.20703125,0.40234375,1,1
42,2,0.07421875,0.2265625,0.1484375,0.359375,2,1
42,2,0.1328125,0.14453125,0.19140625,0.21875,1,1
41,7,0.25390625,0.1640625,0.34375,0.3125,2,1
41,7,0.25390625,0.1640625,0.34375,0.3125,5,1
41,7,0.15234375,0.1953125,0.2421875,0.34375,2,1
41,7,0.15234375,0.1953125,0.2421875,0.34375,5,1
41,7,0.0390625,0.25390625,0.109375,0.38671875,2,1
41,7,0.0390625,0.25390625,0.109375,0.38671875,5,1
41,7,0.12109375,0.15234375,0.17578125,0.25390625,1,1
41,7,0.30078125,0.08203125,0.390625,0.21484375,1,1
36,4,0.64453125,0.14453125,0.7734375,0.390625,1,1
36,4,0.5546875,0.140625,0.640625,0.45703125,1,1
36,4,0.359375,0.12109375,0.47265625,0.3203125,2,1
36,4,0.359375,0.12109375,0.47265625,0.3203125,5,1
36,4,0.234375,0.1328125,0.33203125,0.24609375,2,1
36,4,0.234375,0.1328125,0.33203125,0.24609375,5,1
36,4,0.10546875,0.18359375,0.171875,0.3046875,2,1
36,4,0.10546875,0.18359375,0.171875,0.3046875,5,1
36,4,0.04296875,0.26953125,0.08984375,0.37890625,2,1
36,4,0.04296875,0.26953125,0.08984375,0.37890625,5,1
36,4,0.3515625,0.06640625,0.3984375,0.17578125,1,1
36,4,0.5234375,0.08984375,0.5546875,0.29296875,2,1
36,4,0.5234375,0.08984375,0.5546875,0.29296875,5,1
36,4,0.71484375,0.06640625,0.76953125,0.2109375,1,1
36,5,0.640625,0.12109375,0.76171875,0.40234375,1,1
36,5,0.5546875,0.140625,0.63671875,0.4609375,1,1
36,5,0.5234375,0.08984375,0.56640625,0.30859375,1,1
36,5,0.375,0.12890625,0.4765625,0.30859375,2,1
36,5,0.375,0.12890625,0.4765625,0.30859375,5,1
36,5,0.2421875,0.1328125,0.33984375,0.21875,2,1
36,5,0.2421875,0.1328125,0.33984375,0.21875,5,1
36,5,0.34375,0.05859375,0.3984375,0.2109375,1,1
36,5,0.09765625,0.19921875,0.1796875,0.28125,2,1
36,5,0.09765625,0.19921875,0.1796875,0.28125,5,1
36,5,0.02734375,0.26171875,0.08984375,0.37890625,2,1
36,5,0.02734375,0.26171875,0.08984375,0.37890625,5,1
36,5,0.5390625,0.0390625,0.62109375,0.1328125,1,1
36,5,0.71875,0.08203125,0.796875,0.21875,1,1
36,6,0.5625,0.13671875,0.64453125,0.4609375,1,1
36,6,0.640625,0.11328125,0.77734375,0.390625,1,1
36,6,0.53515625,0.046875,0.6484375,0.171875,1,1
36,6,0.515625,0.08203125,0.54296875,0.30078125,2,1
36,6,0.515625,0.08203125,0.54296875,0.30078125,5,1
36,6,0.375,0.09765625,0.47265625,0.31640625,2,1
36,6,0.33203125,0.0625,0.40234375,0.1875,1,1
36,6,0.24609375,0.1328125,0.32421875,0.25,2,1
36,6,0.24609375,0.1328125,0.32421875,0.25,5,1
36,6,0.10546875,0.18359375,0.18359375,0.29296875,2,1
36,6,0.015625,0.2421875,0.09765625,0.38671875,2,1
36,6,0.015625,0.2421875,0.09765625,0.38671875,5,1
36,6,0.71484375,0.06640625,0.7890625,0.19921875,1,1
36,7,0.3828125,0.1171875,0.46875,0.29296875,2,1
36,7,0.23828125,0.1328125,0.328125,0.25,2,1
36,7,0.23828125,0.1328125,0.328125,0.25,5,1
36,7,0.1015625,0.21484375,0.1640625,0.28125,2,1
36,7,0.1015625,0.21484375,0.1640625,0.28125,5,1
36,7,0.03125,0.265625,0.10546875,0.3828125,2,1
36,7,0.03125,0.265625,0.10546875,0.3828125,5,1
36,7,0.34375,0.0703125,0.3984375,0.20703125,1,1
36,7,0.5625,0.12890625,0.640625,0.41015625,1,1
36,7,0.64453125,0.10546875,0.76953125,0.40625,1,1
36,7,0.70703125,0.05859375,0.765625,0.1875,1,1
36,7,0.51953125,0.08984375,0.56640625,0.31640625,1,1
37,2,0.69140625,0.1953125,0.87890625,0.5859375,1,1
37,2,0.59765625,0.04296875,0.73046875,0.1796875,1,1
37,2,0.7890625,0.21484375,0.9609375,0.50390625,1,1
37,2,0.51953125,0.12109375,0.58984375,0.30078125,2,1
37,2,0.37109375,0.10546875,0.47265625,0.3125,1,1
37,2,0.2421875,0.15234375,0.3359375,0.30078125,2,1
37,2,0.2421875,0.15234375,0.3359375,0.30078125,5,1
37,2,0.1796875,0.21875,0.234375,0.32421875,2,1
37,2,0.265625,0.07421875,0.3515625,0.1484375,1,1
37,2,0.05078125,0.26171875,0.21484375,0.59375,1,1
37,2,0.05078125,0.26171875,0.21484375,0.59375,3,1
37,3,0.70703125,0.20703125,0.8828125,0.609375,1,1
37,3,0.70703125,0.20703125,0.8828125,0.609375,3,1
37,3,0.6015625,0.03515625,0.73828125,0.1875,1,1
37,3,0.51953125,0.125,0.5859375,0.3046875,2,1
37,3,0.51953125,0.125,0.5859375,0.3046875,5,1
37,3,0.36328125,0.1015625,0.45703125,0.29296875,1,1
37,3,0.2421875,0.1640625,0.328125,0.32421875,2,1
37,3,0.16796875,0.21484375,0.24609375,0.3515625,2,1
37,3,0.16796875,0.21484375,0.24609375,0.3515625,5,1
37,3,0.046875,0.2578125,0.17578125,0.5859375,1,1
37,3,0.046875,0.2578125,0.17578125,0.5859375,3,1
37,3,0.79296875,0.18359375,0.94921875,0.484375,1,1
37,3,0.2421875,0.0859375,0.328125,0.1875,1,1
37,4,0.59765625,0.03515625,0.72265625,0.1953125,1,1
37,4,0.51953125,0.1328125,0.59765625,0.30859375,2,1
37,4,0.51953125,0.1328125,0.59765625,0.30859375,5,1
37,4,0.69140625,0.21875,0.875,0.61328125,1,1
37,4,0.69140625,0.21875,0.875,0.61328125,3,1
37,4,0.7890625,0.19140625,0.94921875,0.515625,1,1
37,4,0.3671875,0.1171875,0.46484375,0.28515625,2,1
37,4,0.25390625,0.1796875,0.34375,0.328125,2,1
37,4,0.1796875,0.203125,0.23828125,0.328125,2,1
37,4,0.23828125,0.07421875,0.328125,0.17578125,1,1
37,4,0.04296875,0.24609375,0.25,0.67578125,1,1
37,4,0.04296875,0.24609375,0.25,0.67578125,3,1
37,5,0.60546875,0.04296875,0.73046875,0.20703125,1,1
37,5,0.51953125,0.13671875,0.59375,0.2890625,2,1
37,5,0.51953125,0.13671875,0.59375,0.2890625,5,1
37,5,0.37109375,0.1171875,0.47265625,0.27734375,2,1
37,5,0.24609375,0.15625,0.34375,0.30859375,2,1
37,5,0.24609375,0.15625,0.34375,0.30859375,5,1
37,5,0.1796875,0.203125,0.23828125,0.328125,2,1
37,5,0.26171875,0.06640625,0.32421875,0.1484375,1,1
37,5,0.05859375,0.25390625,0.1953125,0.609375,1,1
37,5,0.05859375,0.25390625,0.1953125,0.609375,3,1
37,5,0.69140625,0.21484375,0.87109375,0.59765625,1,1
37,5,0.69140625,0.21484375,0.87109375,0.59765625,3,1
37,5,0.78515625,0.1875,0.9453125,0.484375,1,1
41,6,0.4140625,0.09765625,0.46875,0.21484375,2,1
41,6,0.2578125,0.18359375,0.34765625,0.3203125,2,1
41,6,0.15234375,0.21484375,0.234375,0.33984375,2,1
41,6,0.03125,0.265625,0.1015625,0.3828125,2,1
41,6,0.1328125,0.1484375,0.1796875,0.2421875,1,1
41,6,0.30078125,0.0859375,0.38671875,0.18359375,1,1
41,5,0.3046875,0.06640625,0.38671875,0.20703125,1,1
41,5,0.25,0.1875,0.34765625,0.3515625,2,1
41,5,0.41015625,0.10546875,0.47265625,0.23046875,2,1
41,5,0.1484375,0.20703125,0.23828125,0.3515625,2,1
41,5,0.0234375,0.25390625,0.08984375,0.375,2,1
41,5,0.12109375,0.140625,0.16796875,0.24609375,1,1
41,4,0.3046875,0.07421875,0.38671875,0.20703125,1,1
41,4,0.40625,0.109375,0.48046875,0.2265625,2,1
41,4,0.25,0.17578125,0.3515625,0.34765625,2,1
41,4,0.16015625,0.1953125,0.23046875,0.3359375,2,1
41,4,0.11328125,0.16015625,0.17578125,0.26171875,1,1
41,3,0.11328125,0.1484375,0.17578125,0.265625,1,1
41,3,0.02734375,0.26171875,0.09765625,0.390625,2,1
41,3,0.16796875,0.1953125,0.234375,0.3515625,2,1
41,3,0.24609375,0.18359375,0.3359375,0.3125,2,1
41,3,0.30078125,0.07421875,0.3671875,0.20703125,1,1
41,3,0.40625,0.09375,0.484375,0.23828125,2,1
41,3,0.40625,0.09375,0.484375,0.23828125,5,1
41,2,0.40234375,0.10546875,0.47265625,0.25390625,2,1
41,2,0.40234375,0.10546875,0.47265625,0.25390625,5,1
41,2,0.3125,0.0859375,0.38671875,0.20703125,1,1
41,2,0.24609375,0.171875,0.35546875,0.328125,2,1
41,2,0.24609375,0.171875,0.35546875,0.328125,5,1
41,2,0.16015625,0.19921875,0.2265625,0.3515625,2,1
41,2,0.16015625,0.19921875,0.2265625,0.3515625,5,1
41,2,0.03515625,0.24609375,0.09375,0.375,2,1
40,7,0.02734375,0.2734375,0.09375,0.3828125,2,1
40,7,0.09765625,0.2578125,0.15234375,0.34765625,2,1
40,7,0.1640625,0.21484375,0.23828125,0.328125,2,1
40,7,0.2421875,0.17578125,0.34375,0.3046875,2,1
40,7,0.36328125,0.17578125,0.46484375,0.27734375,2,1
40,7,0.27734375,0.08984375,0.3203125,0.1640625,1,1
40,6,0.2734375,0.08203125,0.328125,0.18359375,1,1
40,6,0.25,0.203125,0.3671875,0.30859375,2,1
40,6,0.37890625,0.171875,0.46875,0.31640625,2,1
40,6,0.16015625,0.203125,0.23046875,0.34765625,2,1
40,6,0.0859375,0.21875,0.1484375,0.37109375,2,1
40,6,0.03125,0.22265625,0.078125,0.375,2,1
40,5,0.36328125,0.15625,0.46875,0.3046875,2,1
40,5,0.24609375,0.16015625,0.34375,0.3125,2,1
40,5,0.1484375,0.1875,0.23046875,0.328125,2,1
40,5,0.078125,0.21875,0.140625,0.34375,2,1
40,5,0.01171875,0.21875,0.08984375,0.3828125,2,1
40,5,0.26953125,0.078125,0.32421875,0.15625,1,1
40,4,0.265625,0.0859375,0.31640625,0.18359375,1,1
40,4,0.25,0.1875,0.33203125,0.3125,2,1
40,4,0.37109375,0.15234375,0.453125,0.3046875,2,1
40,4,0.33203125,0.125,0.3671875,0.203125,2,1
40,4,0.1640625,0.1953125,0.23046875,0.3359375,2,1
40,4,0.0859375,0.21875,0.15234375,0.36328125,2,1
40,4,0.0390625,0.23046875,0.09375,0.3828125,2,1
40,3,0.37109375,0.15625,0.4609375,0.296875,2,1
40,3,0.24609375,0.17578125,0.34375,0.30078125,2,1
40,3,0.15625,0.19921875,0.23046875,0.3359375,2,1
40,3,0.08203125,0.234375,0.15234375,0.359375,2,1
40,3,0.03515625,0.25390625,0.08984375,0.3828125,2,1
40,3,0.2734375,0.09375,0.32421875,0.17578125,1,1
40,2,0.265625,0.078125,0.33203125,0.18359375,1,1
40,2,0.24609375,0.16796875,0.3515625,0.31640625,2,1
40,2,0.3671875,0.140625,0.44921875,0.3046875,2,1
40,2,0.16015625,0.1796875,0.234375,0.33203125,2,1
40,2,0.08203125,0.21875,0.15625,0.3671875,2,1
40,2,0.03515625,0.24609375,0.0859375,0.37890625,2,1
39,7,0.3828125,0.15234375,0.46875,0.3046875,2,1
39,7,0.24609375,0.1796875,0.3359375,0.3125,2,1
39,7,0.09375,0.23828125,0.16015625,0.37109375,2,1
39,7,0.03515625,0.25,0.08203125,0.375,2,1
39,7,0.1796875,0.16796875,0.23046875,0.265625,2,1
39,6,0.1796875,0.16796875,0.23046875,0.2578125,2,1
39,6,0.2578125,0.1875,0.34375,0.32421875,2,1
39,6,0.2578125,0.1875,0.34375,0.32421875,5,1
39,6,0.3671875,0.1484375,0.484375,0.2890625,2,1
39,6,0.3671875,0.1484375,0.484375,0.2890625,5,1
39,6,0.09375,0.2265625,0.16015625,0.36328125,2,1
39,6,0.09375,0.2265625,0.16015625,0.36328125,5,1
39,6,0.0234375,0.26171875,0.0859375,0.39453125,5,1
39,6,0.0234375,0.26171875,0.0859375,0.39453125,2,1
39,5,0.26171875,0.16796875,0.34375,0.31640625,2,1
39,5,0.26171875,0.16796875,0.34375,0.31640625,5,1
39,5,0.37109375,0.1484375,0.47265625,0.296875,2,1
39,5,0.37109375,0.1484375,0.47265625,0.296875,5,1
39,5,0.08984375,0.23046875,0.1640625,0.35546875,2,1
39,5,0.08984375,0.23046875,0.1640625,0.35546875,5,1
39,5,0.0390625,0.25390625,0.08203125,0.3828125,2,1
39,5,0.0390625,0.25390625,0.08203125,0.3828125,5,1
39,4,0.25390625,0.16796875,0.33984375,0.3125,2,1
39,4,0.25390625,0.16796875,0.33984375,0.3125,5,1
39,4,0.37109375,0.14453125,0.4765625,0.3046875,2,1
39,4,0.37109375,0.14453125,0.4765625,0.3046875,5,1
39,4,0.0859375,0.23046875,0.171875,0.37109375,2,1
39,4,0.0859375,0.23046875,0.171875,0.37109375,5,1
39,4,0.02734375,0.25390625,0.09765625,0.40625,2,1
39,4,0.02734375,0.25390625,0.09765625,0.40625,5,1
39,4,0.18359375,0.16015625,0.23828125,0.2578125,2,1
39,4,0.18359375,0.16015625,0.23828125,0.2578125,5,1
39,3,0.19140625,0.1640625,0.234375,0.25390625,2,1
39,3,0.19140625,0.1640625,0.234375,0.25390625,5,1
39,3,0.09375,0.21875,0.16015625,0.359375,2,1
39,3,0.09375,0.21875,0.16015625,0.359375,5,1
39,3,0.03515625,0.26171875,0.08984375,0.390625,2,1
39,3,0.03515625,0.26171875,0.08984375,0.390625,5,1
39,3,0.25390625,0.16015625,0.34375,0.3125,2,1
39,3,0.25390625,0.16015625,0.34375,0.3125,5,1
39,3,0.375,0.1328125,0.48046875,0.28125,2,1
39,3,0.375,0.1328125,0.48046875,0.28125,5,1
39,2,0.37109375,0.1328125,0.47265625,0.29296875,2,1
39,2,0.37109375,0.1328125,0.47265625,0.29296875,5,1
39,2,0.25390625,0.171875,0.34375,0.31640625,2,1
39,2,0.25390625,0.171875,0.34375,0.31640625,5,1
39,2,0.0859375,0.234375,0.16015625,0.35546875,2,1
39,2,0.0859375,0.234375,0.16015625,0.35546875,5,1
39,2,0.04296875,0.23828125,0.0859375,0.38671875,2,1
39,2,0.04296875,0.23828125,0.0859375,0.38671875,5,1
39,2,0.1796875,0.16015625,0.2421875,0.26953125,2,1
39,2,0.1796875,0.16015625,0.2421875,0.26953125,5,1
38,7,0.1640625,0.20703125,0.23828125,0.3359375,2,1
38,7,0.1640625,0.20703125,0.23828125,0.3359375,5,1
38,7,0.03125,0.26171875,0.09375,0.375,2,1
38,7,0.2578125,0.1640625,0.3671875,0.3125,2,1
38,7,0.2578125,0.1640625,0.3671875,0.3125,5,1
38,7,0.37890625,0.1484375,0.453125,0.31640625,2,1
38,7,0.29296875,0.0703125,0.36328125,0.15625,1,1
38,7,0.5390625,0.0390625,0.65234375,0.19140625,1,1
38,7,0.7734375,0.19921875,0.97265625,0.5546875,1,1
38,6,0.76953125,0.19140625,0.9765625,0.58984375,1,1
38,6,0.5234375,0.02734375,0.640625,0.1796875,1,1
38,6,0.359375,0.11328125,0.46875,0.296875,2,1
38,6,0.25390625,0.14453125,0.36328125,0.3359375,2,1
38,6,0.25390625,0.14453125,0.36328125,0.3359375,5,1
38,6,0.1640625,0.1953125,0.24609375,0.34765625,2,1
38,6,0.0234375,0.24609375,0.08984375,0.390625,2,1
38,6,0.10546875,0.17578125,0.1484375,0.3125,2,1
38,6,0.30859375,0.0703125,0.375,0.1484375,1,1
38,5,0.51953125,0.0390625,0.640625,0.1875,1,1
38,5,0.7890625,0.18359375,0.9765625,0.55859375,1,1
38,5,0.3671875,0.15234375,0.46484375,0.29296875,2,1
38,5,0.25,0.1484375,0.37109375,0.31640625,2,1
38,5,0.1640625,0.20703125,0.2421875,0.34765625,2,1
38,5,0.1640625,0.20703125,0.2421875,0.34765625,5,1
38,5,0.03125,0.23828125,0.08203125,0.37109375,2,1
38,5,0.09375,0.19140625,0.16015625,0.29296875,2,1
38,5,0.30078125,0.0703125,0.37890625,0.14453125,1,1
38,4,0.296875,0.078125,0.37890625,0.18359375,1,1
38,4,0.25390625,0.15625,0.37890625,0.3046875,2,1
38,4,0.25390625,0.15625,0.37890625,0.3046875,5,1
38,4,0.15234375,0.21484375,0.2421875,0.34375,2,1
38,4,0.04296875,0.24609375,0.09375,0.36328125,2,1
38,4,0.5234375,0.0390625,0.640625,0.203125,1,1
38,4,0.77734375,0.1953125,0.9765625,0.59375,1,1
38,3,0.76953125,0.18359375,0.96875,0.5703125,1,1
38,3,0.5234375,0.03515625,0.65234375,0.1875,1,1
38,3,0.359375,0.1328125,0.4765625,0.296875,2,1
38,3,0.23828125,0.1484375,0.36328125,0.3359375,2,1
38,3,0.23828125,0.1484375,0.36328125,0.3359375,5,1
38,3,0.140625,0.203125,0.2421875,0.34375,2,1
38,3,0.03125,0.265625,0.08203125,0.359375,2,1
38,3,0.08984375,0.19921875,0.13671875,0.29296875,2,1
38,3,0.30078125,0.08203125,0.36328125,0.13671875,1,1
38,2,0.296875,0.078125,0.375,0.17578125,1,1
38,2,0.23046875,0.1328125,0.3671875,0.30859375,2,1
38,2,0.3671875,0.15234375,0.484375,0.30078125,2,1
38,2,0.51953125,0.03515625,0.640625,0.203125,1,1
38,2,0.78125,0.203125,0.97265625,0.5625,1,1
38,2,0.15625,0.21875,0.2421875,0.3359375,2,1
38,2,0.03515625,0.26171875,0.08203125,0.3671875,2,1
38,2,0.09765625,0.20703125,0.15234375,0.30078125,2,1
37,7,0.0546875,0.26953125,0.203125,0.609375,1,1
37,7,0.0546875,0.26953125,0.203125,0.609375,3,1
37,7,0.69921875,0.203125,0.875,0.59765625,1,1
37,7,0.69921875,0.203125,0.875,0.59765625,3,1
37,7,0.78515625,0.15625,0.96875,0.51953125,1,1
37,7,0.6015625,0.03515625,0.734375,0.19921875,1,1
37,7,0.51953125,0.1171875,0.609375,0.28515625,2,1
37,7,0.51953125,0.1171875,0.609375,0.28515625,5,1
37,7,0.3828125,0.12109375,0.46484375,0.30859375,2,1
37,7,0.24609375,0.1640625,0.34375,0.3125,2,1
37,7,0.25,0.078125,0.33203125,0.15625,1,1
37,6,0.2265625,0.0859375,0.32421875,0.1875,1,1
37,6,0.25,0.1640625,0.3515625,0.34765625,2,1
37,6,0.37890625,0.11328125,0.47265625,0.28125,2,1
37,6,0.03515625,0.2421875,0.19140625,0.61328125,1,1
37,6,0.03515625,0.2421875,0.19140625,0.61328125,3,1
37,6,0.15234375,0.17578125,0.23046875,0.328125,2,1
37,6,0.5234375,0.1171875,0.59375,0.28515625,2,1
37,6,0.59375,0.02734375,0.73046875,0.21484375,1,1
37,6,0.69921875,0.22265625,0.875,0.6015625,1,1
37,6,0.69921875,0.22265625,0.875,0.6015625,3,1
37,6,0.80078125,0.1796875,0.9609375,0.5078125,1,1
74,2,0.77734375,0.21484375,0.9765625,0.55859375,1,1
74,2,0.68359375,0.0859375,0.79296875,0.265625,1,1
74,2,0.51953125,0.07421875,0.6171875,0.30859375,1,1
74,2,0.23046875,0.15625,0.35546875,0.3125,2,1
74,2,0.15625,0.125,0.2421875,0.24609375,1,1
74,2,0.28515625,0.08203125,0.3203125,0.171875,1,1
74,2,0.31640625,0.046875,0.375,0.16015625,1,1
74,2,0.1015625,0.15234375,0.1484375,0.28125,1,1
74,3,0.515625,0.0859375,0.61328125,0.32421875,1,1
74,3,0.6640625,0.08203125,0.78125,0.2734375,1,1
74,3,0.7890625,0.20703125,0.9765625,0.5859375,1,1
74,3,0.23828125,0.16015625,0.36328125,0.31640625,2,1
74,3,0.23828125,0.16015625,0.36328125,0.31640625,5,1
74,3,0.3203125,0.05078125,0.359375,0.16015625,1,1
74,3,0.26953125,0.0546875,0.3125,0.15625,1,1
74,3,0.15234375,0.12890625,0.2265625,0.265625,1,1
74,3,0.09765625,0.15234375,0.1484375,0.26171875,1,1
74,4,0.18359375,0.18359375,0.23046875,0.2734375,2,1
74,4,0.140625,0.12109375,0.21875,0.1875,1,1
74,4,0.25390625,0.171875,0.34375,0.35546875,2,1
74,4,0.25390625,0.171875,0.34375,0.35546875,5,1
74,4,0.27734375,0.09765625,0.31640625,0.1640625,1,1
74,4,0.31640625,0.05078125,0.375,0.15625,1,1
74,4,0.51953125,0.0859375,0.609375,0.3046875,1,1
74,4,0.6640625,0.078125,0.78125,0.2734375,1,1
74,4,0.78515625,0.22265625,0.9765625,0.5390625,1,1
74,5,0.78125,0.2109375,0.9765625,0.55078125,1,1
74,5,0.68359375,0.08203125,0.78125,0.25,1,1
74,5,0.515625,0.08203125,0.6328125,0.30859375,1,1
74,5,0.2578125,0.16796875,0.35546875,0.32421875,2,1
74,5,0.2578125,0.16796875,0.35546875,0.32421875,5,1
74,5,0.17578125,0.171875,0.234375,0.26171875,2,1
74,5,0.17578125,0.171875,0.234375,0.26171875,5,1
74,5,0.15625,0.11328125,0.2109375,0.1796875,1,1
74,5,0.28515625,0.078125,0.31640625,0.1796875,1,1
74,5,0.328125,0.07421875,0.37890625,0.17578125,1,1
74,6,0.3203125,0.06640625,0.37109375,0.171875,1,1
74,6,0.2734375,0.0703125,0.31640625,0.17578125,1,1
74,6,0.234375,0.1484375,0.34765625,0.3046875,2,1
74,6,0.234375,0.1484375,0.34765625,0.3046875,5,1
74,6,0.1796875,0.18359375,0.2265625,0.26953125,2,1
74,6,0.15234375,0.1171875,0.2109375,0.18359375,1,1
74,6,0.515625,0.08203125,0.61328125,0.3203125,1,1
74,6,0.68359375,0.06640625,0.77734375,0.265625,1,1
74,6,0.78515625,0.2109375,0.9765625,0.52734375,1,1
74,7,0.78125,0.21484375,0.984375,0.5546875,1,1
74,7,0.68359375,0.0859375,0.7890625,0.25390625,1,1
74,7,0.51953125,0.078125,0.61328125,0.3203125,1,1
74,7,0.25,0.171875,0.36328125,0.3046875,2,1
74,7,0.32421875,0.046875,0.37109375,0.1640625,1,1
74,7,0.2734375,0.078125,0.31640625,0.1640625,1,1
74,7,0.18359375,0.1875,0.25,0.2734375,1,1
74,7,0.1328125,0.11328125,0.21875,0.1796875,1,1
75,2,0.51953125,0.05078125,0.59375,0.18359375,1,1
75,2,0.71484375,0.21484375,0.83203125,0.58203125,1,1
75,2,0.71484375,0.21484375,0.83203125,0.58203125,3,1
75,2,0.59765625,0.17578125,0.703125,0.53515625,1,1
75,2,0.59765625,0.17578125,0.703125,0.53515625,3,1
75,2,0.4453125,0.203125,0.5390625,0.640625,1,1
75,2,0.4453125,0.203125,0.5390625,0.640625,3,1
75,2,0.3671875,0.203125,0.45703125,0.640625,1,1
75,2,0.3671875,0.203125,0.45703125,0.640625,3,1
75,2,0.29296875,0.22265625,0.3984375,0.640625,1,1
75,2,0.29296875,0.22265625,0.3984375,0.640625,3,1
75,2,0.19921875,0.20703125,0.28515625,0.61328125,1,1
75,2,0.16796875,0.23828125,0.24609375,0.6015625,1,1
75,2,0.16796875,0.23828125,0.24609375,0.6015625,3,1
75,2,0.125,0.26953125,0.18359375,0.59375,1,1
75,2,0.125,0.26953125,0.18359375,0.59375,3,1
75,2,0.0625,0.25390625,0.14453125,0.59765625,1,1
75,2,0.00390625,0.25390625,0.10546875,0.58984375,1,1
75,2,0.00390625,0.25390625,0.10546875,0.58984375,3,1
75,2,0.78125,0.17578125,0.94140625,0.52734375,1,1
75,3,0.796875,0.19921875,0.9296875,0.546875,1,1
75,3,0.72265625,0.2109375,0.828125,0.609375,1,1
75,3,0.72265625,0.2109375,0.828125,0.609375,3,1
75,3,0.59375,0.16015625,0.70703125,0.59765625,1,1
75,3,0.4296875,0.18359375,0.5390625,0.64453125,1,1
75,3,0.4296875,0.18359375,0.5390625,0.64453125,3,1
75,3,0.37890625,0.19140625,0.453125,0.6484375,1,1
75,3,0.37890625,0.19140625,0.453125,0.6484375,3,1
75,3,0.296875,0.21484375,0.3828125,0.640625,1,1
75,3,0.296875,0.21484375,0.3828125,0.640625,3,1
75,3,0.203125,0.203125,0.2890625,0.640625,1,1
75,3,0.203125,0.203125,0.2890625,0.640625,3,1
75,3,0.16796875,0.234375,0.2265625,0.63671875,1,1
75,3,0.16796875,0.234375,0.2265625,0.63671875,3,1
75,3,0.1171875,0.2421875,0.16796875,0.6328125,1,1
75,3,0.1171875,0.2421875,0.16796875,0.6328125,3,1
75,3,0.03515625,0.25,0.1484375,0.5859375,1,1
75,3,0.5234375,0.05078125,0.58203125,0.16015625,1,1
76,2,0.69140625,0.203125,0.79296875,0.60546875,1,1
76,2,0.69140625,0.203125,0.79296875,0.60546875,3,1
76,2,0.3359375,0.25390625,0.4765625,0.59765625,1,1
76,2,0.1953125,0.21484375,0.3203125,0.640625,1,1
76,2,0.1953125,0.21484375,0.3203125,0.640625,3,1
76,2,0.4375,0.1328125,0.61328125,0.32421875,1,1
76,2,0.375,0.15234375,0.4453125,0.296875,2,1
76,2,0.26953125,0.17578125,0.34765625,0.2890625,2,1
76,2,0.1640625,0.19921875,0.234375,0.31640625,2,1
76,2,0.04296875,0.21875,0.1484375,0.390625,1,1
76,2,0.56640625,0.03125,0.62109375,0.12109375,1,1
76,3,0.6875,0.21484375,0.78125,0.6171875,1,1
76,3,0.6875,0.21484375,0.78125,0.6171875,3,1
76,3,0.43359375,0.140625,0.625,0.3125,1,1
76,3,0.3359375,0.234375,0.46875,0.61328125,1,1
76,3,0.3359375,0.234375,0.46875,0.61328125,3,1
76,3,0.1875,0.23046875,0.3203125,0.609375,1,1
76,3,0.1875,0.23046875,0.3203125,0.609375,3,1
76,3,0.05859375,0.23828125,0.16015625,0.38671875,1,1
76,3,0.05859375,0.23828125,0.16015625,0.38671875,3,1
76,3,0.56640625,0.02734375,0.61328125,0.125,1,1
76,3,0.375,0.14453125,0.44140625,0.2734375,2,1
76,3,0.1796875,0.203125,0.22265625,0.3203125,2,1
76,4,0.6796875,0.203125,0.79296875,0.625,1,1
76,4,0.6796875,0.203125,0.79296875,0.625,3,1
76,4,0.328125,0.24609375,0.484375,0.609375,1,1
76,4,0.328125,0.24609375,0.484375,0.609375,3,1
76,4,0.20703125,0.23828125,0.30859375,0.6328125,1,1
76,4,0.20703125,0.23828125,0.30859375,0.6328125,3,1
76,4,0.05078125,0.2265625,0.15234375,0.375,1,1
76,4,0.17578125,0.20703125,0.2265625,0.32421875,2,1
76,4,0.26953125,0.18359375,0.33203125,0.30078125,2,1
76,4,0.3671875,0.15234375,0.44921875,0.296875,2,1
76,4,0.4296875,0.1171875,0.625,0.3515625,1,1
76,4,0.5625,0.03125,0.61328125,0.15234375,1,1
76,5,0.56640625,0.04296875,0.61328125,0.16015625,1,1
76,5,0.4296875,0.14453125,0.62109375,0.33984375,1,1
76,5,0.6875,0.20703125,0.78515625,0.609375,1,1
76,5,0.6875,0.20703125,0.78515625,0.609375,3,1
76,5,0.33203125,0.23828125,0.4765625,0.609375,1,1
76,5,0.33203125,0.23828125,0.4765625,0.609375,3,1
76,5,0.2109375,0.234375,0.31640625,0.625,1,1
76,5,0.2109375,0.234375,0.31640625,0.625,3,1
76,5,0.05078125,0.203125,0.1484375,0.3828125,1,1
76,5,0.171875,0.19140625,0.23046875,0.33984375,2,1
76,5,0.2734375,0.1640625,0.33203125,0.28515625,2,1
76,5,0.359375,0.14453125,0.4453125,0.28125,2,1
76,5,0.359375,0.14453125,0.4453125,0.28125,5,1
76,6,0.56640625,0.04296875,0.6171875,0.171875,1,1
76,6,0.4296875,0.1328125,0.61328125,0.33203125,1,1
76,6,0.6796875,0.203125,0.7890625,0.63671875,1,1
76,6,0.6796875,0.203125,0.7890625,0.63671875,3,1
76,6,0.33203125,0.2265625,0.4609375,0.640625,1,1
76,6,0.33203125,0.2265625,0.4609375,0.640625,3,1
76,6,0.203125,0.23046875,0.3046875,0.59375,1,1
76,6,0.203125,0.23046875,0.3046875,0.59375,3,1
76,6,0.04296875,0.22265625,0.14453125,0.375,1,1
76,6,0.16796875,0.21875,0.2265625,0.359375,2,1
76,6,0.16796875,0.21875,0.2265625,0.359375,5,1
76,6,0.2578125,0.16796875,0.33203125,0.3125,2,1
76,6,0.2578125,0.16796875,0.33203125,0.3125,5,1
76,6,0.3671875,0.13671875,0.4453125,0.2734375,2,1
76,6,0.3671875,0.13671875,0.4453125,0.2734375,5,1
76,6,0.47265625,0.03515625,0.5,0.12109375,1,1
76,7,0.5625,0.04296875,0.609375,0.1640625,1,1
76,7,0.4765625,0.04296875,0.49609375,0.12109375,1,1
76,7,0.4296875,0.140625,0.62109375,0.3125,1,1
76,7,0.6796875,0.20703125,0.796875,0.62890625,1,1
76,7,0.6796875,0.20703125,0.796875,0.62890625,3,1
76,7,0.33984375,0.25,0.46484375,0.60546875,1,1
76,7,0.33984375,0.25,0.46484375,0.60546875,3,1
76,7,0.18359375,0.22265625,0.3125,0.609375,1,1
76,7,0.18359375,0.22265625,0.3125,0.609375,3,1
76,7,0.05078125,0.24609375,0.16015625,0.390625,1,1
76,7,0.16796875,0.203125,0.234375,0.34375,2,1
76,7,0.26171875,0.1875,0.3359375,0.3125,2,1
76,7,0.359375,0.1328125,0.4453125,0.28515625,2,1
77,2,0.24609375,0.21484375,0.41015625,0.50390625,1,1
77,2,0.4140625,0.18359375,0.6484375,0.515625,1,1
77,2,0.51953125,0.03515625,0.6015625,0.16015625,1,1
77,2,0.078125,0.21484375,0.21484375,0.40625,1,1
77,2,0.00390625,0.30078125,0.11328125,0.56640625,1,1
77,2,0.31640625,0.1171875,0.39453125,0.19921875,2,1
77,3,0.40234375,0.203125,0.6484375,0.52734375,1,1
77,3,0.25390625,0.17578125,0.3984375,0.53125,1,1
77,3,0.0859375,0.2109375,0.203125,0.37890625,1,1
77,3,0.0234375,0.296875,0.11328125,0.515625,1,1
77,3,0.31640625,0.11328125,0.40234375,0.20703125,2,1
77,3,0.5234375,0.03125,0.62890625,0.15625,1,1
77,3,0.50390625,0.140625,0.609375,0.20703125,2,1
78,6,0.375,0.17578125,0.47265625,0.6328125,1,1
78,6,0.375,0.17578125,0.47265625,0.6328125,3,1
78,6,0.66796875,0.1953125,0.81640625,0.609375,1,1
78,6,0.66796875,0.1953125,0.81640625,0.609375,3,1
78,6,0.8203125,0.15234375,0.90234375,0.47265625,1,1
78,6,0.30859375,0.12109375,0.3828125,0.21875,2,1
78,6,0.1640625,0.18359375,0.27734375,0.3359375,2,1
78,6,0.109375,0.2265625,0.16015625,0.3515625,2,1
78,6,0.0390625,0.2109375,0.10546875,0.3984375,1,1
78,7,0.36328125,0.1875,0.46484375,0.6171875,1,1
78,7,0.36328125,0.1875,0.46484375,0.6171875,3,1
78,7,0.66796875,0.1875,0.8125,0.625,1,1
78,7,0.66796875,0.1875,0.8125,0.625,3,1
78,7,0.83203125,0.19921875,0.89453125,0.47265625,1,1
78,7,0.1640625,0.203125,0.25,0.34765625,2,1
78,7,0.1640625,0.203125,0.25,0.34765625,5,1
78,7,0.09375,0.203125,0.16015625,0.34765625,2,1
78,7,0.09375,0.203125,0.16015625,0.34765625,5,1
78,7,0.03125,0.19921875,0.09375,0.421875,1,1
78,7,0.3125,0.109375,0.3828125,0.2109375,2,1
78,7,0.3125,0.109375,0.3828125,0.2109375,5,1
79,2,0.29296875,0.1328125,0.375,0.234375,2,1
79,2,0.29296875,0.1328125,0.375,0.234375,5,1
79,2,0.05859375,0.25390625,0.23046875,0.5546875,1,1
79,3,0.28125,0.125,0.375,0.23046875,2,1
79,3,0.28125,0.125,0.375,0.23046875,5,1
79,3,0.05859375,0.25390625,0.234375,0.55859375,1,1
79,3,0.1953125,0.12890625,0.23046875,0.2265625,1,1
79,2,0.19140625,0.12109375,0.23828125,0.21875,1,1
79,4,0.29296875,0.125,0.375,0.23828125,2,1
79,4,0.29296875,0.125,0.375,0.23828125,5,1
79,4,0.078125,0.2578125,0.21875,0.54296875,1,1
79,4,0.1875,0.109375,0.23828125,0.21484375,1,1
79,5,0.1953125,0.1171875,0.25390625,0.24609375,1,1
79,5,0.296875,0.12890625,0.37890625,0.23828125,2,1
79,5,0.296875,0.12890625,0.37890625,0.23828125,5,1
79,5,0.046875,0.26171875,0.2265625,0.5234375,1,1
79,6,0.0625,0.25390625,0.21484375,0.5390625,1,1
79,6,0.1875,0.11328125,0.24609375,0.22265625,1,1
79,6,0.29296875,0.12109375,0.390625,0.25390625,2,1
79,6,0.29296875,0.12109375,0.390625,0.25390625,5,1
79,7,0.2890625,0.109375,0.3671875,0.2265625,2,1
79,7,0.1953125,0.1171875,0.25,0.25,1,1
79,7,0.0703125,0.23828125,0.20703125,0.546875,1,1
80,2,0.6640625,0.05859375,0.7734375,0.20703125,1,1
80,2,0.7421875,0.15234375,0.85546875,0.40625,1,1
80,2,0.15625,0.22265625,0.328125,0.66015625,1,1
80,2,0.15625,0.22265625,0.328125,0.66015625,3,1
80,2,0.0859375,0.26953125,0.1796875,0.41015625,1,1
80,2,0.0,0.3046875,0.0859375,0.640625,1,1
80,2,0.0,0.3046875,0.0859375,0.640625,3,1
75,4,0.72265625,0.20703125,0.83984375,0.59375,1,1
75,4,0.72265625,0.20703125,0.83984375,0.59375,3,1
75,4,0.6015625,0.171875,0.703125,0.59765625,1,1
75,4,0.6015625,0.171875,0.703125,0.59765625,3,1
75,4,0.78125,0.171875,0.89453125,0.45703125,1,1
75,4,0.44140625,0.19140625,0.53125,0.640625,1,1
75,4,0.44140625,0.19140625,0.53125,0.640625,3,1
75,4,0.375,0.21484375,0.4609375,0.6484375,1,1
75,4,0.375,0.21484375,0.4609375,0.6484375,3,1
75,4,0.29296875,0.20703125,0.390625,0.625,1,1
75,4,0.29296875,0.20703125,0.390625,0.625,3,1
75,4,0.203125,0.2109375,0.28125,0.62109375,1,1
75,4,0.203125,0.2109375,0.28125,0.62109375,3,1
75,4,0.1640625,0.20703125,0.23046875,0.6171875,1,1
75,4,0.1640625,0.20703125,0.23046875,0.6171875,3,1
75,4,0.125,0.2578125,0.18359375,0.61328125,1,1
75,4,0.125,0.2578125,0.18359375,0.61328125,3,1
75,4,0.05078125,0.23828125,0.140625,0.59375,1,1
75,4,0.05078125,0.23828125,0.140625,0.59375,3,1
75,4,0.515625,0.03515625,0.5703125,0.16015625,1,1
75,4,0.8671875,0.24609375,0.93359375,0.48828125,1,1
75,4,0.8671875,0.24609375,0.93359375,0.48828125,3,1
75,5,0.734375,0.22265625,0.8359375,0.59765625,1,1
75,5,0.734375,0.22265625,0.8359375,0.59765625,3,1
75,5,0.5703125,0.1875,0.70703125,0.55078125,1,1
75,5,0.44140625,0.19921875,0.5390625,0.640625,1,1
75,5,0.3671875,0.20703125,0.453125,0.6640625,1,1
75,5,0.3671875,0.20703125,0.453125,0.6640625,3,1
75,5,0.29296875,0.23046875,0.38671875,0.63671875,1,1
75,5,0.29296875,0.23046875,0.38671875,0.63671875,3,1
75,5,0.203125,0.21875,0.2890625,0.62890625,1,1
75,5,0.203125,0.21875,0.2890625,0.62890625,3,1
75,5,0.17578125,0.22265625,0.23828125,0.61328125,1,1
75,5,0.17578125,0.22265625,0.23828125,0.61328125,3,1
75,5,0.1171875,0.25,0.1875,0.62890625,1,1
75,5,0.1171875,0.25,0.1875,0.62890625,3,1
75,5,0.0390625,0.21875,0.1328125,0.6015625,1,1
75,5,0.0390625,0.21875,0.1328125,0.6015625,3,1
75,5,0.00390625,0.26953125,0.10546875,0.625,1,1
75,5,0.00390625,0.26953125,0.10546875,0.625,3,1
75,5,0.51953125,0.046875,0.5859375,0.16796875,1,1
75,5,0.796875,0.171875,0.88671875,0.453125,1,1
75,5,0.86328125,0.234375,0.9375,0.50390625,1,1
75,6,0.73828125,0.2109375,0.8359375,0.62109375,1,1
75,6,0.73828125,0.2109375,0.8359375,0.62109375,3,1
75,6,0.828125,0.203125,0.90625,0.4375,1,1
75,6,0.57421875,0.15234375,0.7109375,0.5078125,1,1
75,6,0.44140625,0.203125,0.53515625,0.6328125,1,1
75,6,0.37109375,0.21484375,0.46875,0.671875,1,1
75,6,0.37109375,0.21484375,0.46875,0.671875,3,1
75,6,0.2890625,0.23046875,0.39453125,0.63671875,1,1
75,6,0.2890625,0.23046875,0.39453125,0.63671875,3,1
75,6,0.21484375,0.22265625,0.28515625,0.60546875,1,1
75,6,0.21484375,0.22265625,0.28515625,0.60546875,3,1
75,6,0.15625,0.19921875,0.2265625,0.6328125,1,1
75,6,0.15625,0.19921875,0.2265625,0.6328125,3,1
75,6,0.046875,0.26171875,0.1484375,0.60546875,1,1
75,6,0.046875,0.26171875,0.1484375,0.60546875,3,1
75,6,0.51953125,0.0390625,0.578125,0.15625,1,1
75,6,0.51953125,0.0390625,0.578125,0.15625,3,1
75,7,0.515625,0.03515625,0.5859375,0.171875,1,1
75,7,0.60546875,0.14453125,0.7109375,0.53125,1,1
75,7,0.7265625,0.2109375,0.84375,0.6015625,1,1
75,7,0.7265625,0.2109375,0.84375,0.6015625,3,1
75,7,0.78125,0.15234375,0.87109375,0.4375,1,1
75,7,0.43359375,0.19140625,0.5390625,0.63671875,1,1
75,7,0.43359375,0.19140625,0.5390625,0.63671875,3,1
75,7,0.36328125,0.203125,0.46484375,0.66796875,1,1
75,7,0.36328125,0.203125,0.46484375,0.66796875,3,1
75,7,0.2890625,0.20703125,0.39453125,0.61328125,1,1
75,7,0.2890625,0.20703125,0.39453125,0.61328125,3,1
75,7,0.20703125,0.203125,0.296875,0.62109375,1,1
75,7,0.20703125,0.203125,0.296875,0.62109375,3,1
75,7,0.1640625,0.203125,0.23828125,0.625,1,1
75,7,0.1640625,0.203125,0.23828125,0.625,3,1
75,7,0.125,0.22265625,0.19140625,0.62109375,1,1
75,7,0.125,0.22265625,0.19140625,0.62109375,3,1
75,7,0.046875,0.26953125,0.1484375,0.57421875,1,1
75,7,0.046875,0.26953125,0.1484375,0.57421875,3,1
77,4,0.51953125,0.0390625,0.5625,0.15625,1,1
77,4,0.56640625,0.04296875,0.68359375,0.18359375,1,1
77,4,0.40234375,0.19921875,0.65234375,0.50390625,1,1
77,4,0.234375,0.19140625,0.3984375,0.48046875,1,1
77,4,0.078125,0.203125,0.20703125,0.4140625,1,1
77,4,0.32421875,0.11328125,0.3828125,0.1875,2,1
77,5,0.51953125,0.0390625,0.5625,0.1484375,1,1
77,5,0.6015625,0.046875,0.69140625,0.1796875,1,1
77,5,0.515625,0.1484375,0.62109375,0.25,2,1
77,5,0.41015625,0.21875,0.65625,0.57421875,1,1
77,5,0.2421875,0.18359375,0.3984375,0.53515625,1,1
77,5,0.078125,0.21875,0.22265625,0.41796875,1,1
77,5,0.01171875,0.296875,0.109375,0.59765625,1,1
77,5,0.01171875,0.296875,0.109375,0.59765625,3,1
77,5,0.3828125,0.1171875,0.453125,0.22265625,2,1
77,6,0.2421875,0.1953125,0.40234375,0.53125,1,1
77,6,0.03125,0.31640625,0.125,0.609375,1,1
77,6,0.08984375,0.20703125,0.21875,0.42578125,1,1
77,6,0.33203125,0.1328125,0.390625,0.1953125,2,1
77,6,0.41796875,0.1953125,0.640625,0.51953125,1,1
77,6,0.515625,0.02734375,0.57421875,0.14453125,1,1
77,6,0.625,0.046875,0.703125,0.2109375,1,1
77,7,0.66015625,0.0546875,0.72265625,0.203125,1,1
77,7,0.40625,0.1953125,0.6484375,0.53125,1,1
77,7,0.20703125,0.1875,0.390625,0.51171875,1,1
77,7,0.0234375,0.3046875,0.13671875,0.60546875,1,1
77,7,0.0234375,0.3046875,0.13671875,0.60546875,3,1
77,7,0.0859375,0.2265625,0.203125,0.40234375,1,1
77,7,0.5234375,0.1171875,0.61328125,0.234375,2,1
78,2,0.34375,0.18359375,0.47265625,0.6328125,1,1
78,2,0.34375,0.18359375,0.47265625,0.6328125,3,1
78,2,0.671875,0.18359375,0.8046875,0.5859375,1,1
78,2,0.671875,0.18359375,0.8046875,0.5859375,3,1
78,2,0.828125,0.1953125,0.89453125,0.3984375,1,1
78,2,0.16015625,0.203125,0.25,0.33203125,2,1
78,2,0.16015625,0.203125,0.25,0.33203125,5,1
78,2,0.08984375,0.2265625,0.1640625,0.3515625,2,1
78,2,0.08984375,0.2265625,0.1640625,0.3515625,5,1
78,2,0.0390625,0.234375,0.1015625,0.36328125,1,1
78,2,0.0390625,0.234375,0.1015625,0.36328125,5,1
78,2,0.31640625,0.1171875,0.38671875,0.203125,2,1
78,2,0.31640625,0.1171875,0.38671875,0.203125,5,1
78,3,0.30859375,0.1328125,0.3828125,0.21875,2,1
78,3,0.30859375,0.1328125,0.3828125,0.21875,5,1
78,3,0.171875,0.1953125,0.2578125,0.34375,2,1
78,3,0.171875,0.1953125,0.2578125,0.34375,5,1
78,3,0.10546875,0.234375,0.171875,0.3359375,2,1
78,3,0.10546875,0.234375,0.171875,0.3359375,5,1
78,3,0.03515625,0.20703125,0.1015625,0.3984375,1,1
78,3,0.36328125,0.22265625,0.4765625,0.6171875,1,1
78,3,0.36328125,0.22265625,0.4765625,0.6171875,3,1
78,3,0.66796875,0.1640625,0.80078125,0.59375,1,1
78,3,0.66796875,0.1640625,0.80078125,0.59375,3,1
78,3,0.8203125,0.19140625,0.88671875,0.421875,1,1
78,4,0.82421875,0.203125,0.8984375,0.44921875,1,1
78,4,0.66796875,0.1953125,0.80078125,0.57421875,1,1
78,4,0.66796875,0.1953125,0.80078125,0.57421875,3,1
78,4,0.359375,0.2109375,0.4765625,0.66015625,1,1
78,4,0.359375,0.2109375,0.4765625,0.66015625,3,1
78,4,0.15625,0.2109375,0.26953125,0.328125,2,1
78,4,0.15625,0.2109375,0.26953125,0.328125,5,1
78,4,0.0859375,0.22265625,0.15234375,0.35546875,2,1
78,4,0.0859375,0.22265625,0.15234375,0.35546875,5,1
78,4,0.0390625,0.21484375,0.1015625,0.43359375,1,1
78,4,0.3046875,0.1015625,0.3828125,0.2109375,2,1
78,4,0.3046875,0.1015625,0.3828125,0.2109375,5,1
78,5,0.3046875,0.09765625,0.3828125,0.23046875,2,1
78,5,0.3046875,0.09765625,0.3828125,0.23046875,5,1
78,5,0.3671875,0.2109375,0.4609375,0.6171875,1,1
78,5,0.3671875,0.2109375,0.4609375,0.6171875,3,1
78,5,0.6640625,0.1875,0.8046875,0.58984375,1,1
78,5,0.6640625,0.1875,0.8046875,0.58984375,3,1
78,5,0.8203125,0.19140625,0.890625,0.37890625,1,1
78,5,0.1640625,0.2109375,0.25,0.32421875,2,1
78,5,0.1640625,0.2109375,0.25,0.32421875,5,1
78,5,0.09765625,0.22265625,0.15625,0.34375,2,1
78,5,0.09765625,0.22265625,0.15625,0.34375,5,1
78,5,0.0390625,0.21875,0.08984375,0.39453125,1,1
80,3,0.7265625,0.1484375,0.84375,0.37890625,1,1
80,3,0.6484375,0.06640625,0.7734375,0.22265625,1,1
80,3,0.15625,0.23828125,0.32421875,0.62890625,1,1
80,3,0.15625,0.23828125,0.32421875,0.62890625,3,1
80,3,0.0703125,0.2578125,0.16015625,0.43359375,1,1
80,3,0.0,0.34765625,0.06640625,0.6171875,1,1
80,3,0.0,0.34765625,0.06640625,0.6171875,3,1
80,3,0.2265625,0.17578125,0.27734375,0.26953125,1,1
80,4,0.65234375,0.06640625,0.7734375,0.2109375,1,1
80,4,0.73828125,0.1640625,0.8515625,0.3671875,1,1
80,4,0.15234375,0.24609375,0.3671875,0.6171875,1,1
80,4,0.15234375,0.24609375,0.3671875,0.6171875,3,1
80,4,0.0,0.32421875,0.11328125,0.62109375,1,1
80,4,0.0,0.32421875,0.11328125,0.62109375,3,1
80,4,0.21484375,0.15234375,0.28125,0.26171875,1,1
80,4,0.07421875,0.24609375,0.13671875,0.390625,1,1
80,5,0.15625,0.234375,0.3359375,0.64453125,1,1
80,5,0.15625,0.234375,0.3359375,0.64453125,3,1
80,5,0.0,0.3203125,0.125,0.62109375,1,1
80,5,0.0,0.3203125,0.125,0.62109375,3,1
80,5,0.21875,0.17578125,0.28125,0.28515625,1,1
80,5,0.65625,0.06640625,0.7734375,0.234375,1,1
80,5,0.73828125,0.16015625,0.85546875,0.36328125,1,1
80,6,0.6484375,0.0625,0.77734375,0.23828125,1,1
80,6,0.74609375,0.16015625,0.85546875,0.40625,1,1
80,6,0.1328125,0.22265625,0.328125,0.67578125,1,1
80,6,0.1328125,0.22265625,0.328125,0.67578125,3,1
80,6,0.0,0.3359375,0.1015625,0.6171875,1,1
80,6,0.0,0.3359375,0.1015625,0.6171875,3,1
80,6,0.203125,0.16015625,0.27734375,0.265625,2,1
80,7,0.12109375,0.23046875,0.35546875,0.69140625,1,1
80,7,0.12109375,0.23046875,0.35546875,0.69140625,3,1
80,7,0.0,0.3203125,0.10546875,0.61328125,1,1
80,7,0.0,0.3203125,0.10546875,0.61328125,3,1
80,7,0.21484375,0.16796875,0.29296875,0.265625,1,1
80,7,0.66015625,0.0703125,0.78125,0.21875,1,1
80,7,0.734375,0.1484375,0.84375,0.40625,1,1
81,2,0.60546875,0.1171875,0.7109375,0.33984375,1,1
81,2,0.4921875,0.1953125,0.64453125,0.6484375,1,1
81,2,0.28515625,0.16796875,0.46875,0.5,1,1
81,2,0.046875,0.29296875,0.2265625,0.6328125,1,1
81,2,0.046875,0.29296875,0.2265625,0.6328125,3,1
81,2,0.1484375,0.140625,0.22265625,0.2421875,1,1
81,3,0.14453125,0.12890625,0.21875,0.2421875,1,1
81,3,0.046875,0.265625,0.234375,0.6328125,1,1
81,3,0.046875,0.265625,0.234375,0.6328125,3,1
81,3,0.2890625,0.13671875,0.46484375,0.6171875,1,1
81,3,0.2890625,0.13671875,0.46484375,0.6171875,3,1
81,3,0.49609375,0.19921875,0.640625,0.63671875,1,1
81,3,0.6171875,0.1171875,0.71875,0.34375,1,1
81,3,0.6640625,0.06640625,0.734375,0.16015625,1,1
81,4,0.68359375,0.06640625,0.71875,0.171875,1,1
81,4,0.61328125,0.10546875,0.72265625,0.37890625,1,1
81,4,0.48828125,0.19140625,0.60546875,0.609375,1,1
81,4,0.27734375,0.16015625,0.46875,0.55078125,1,1
81,4,0.0546875,0.25390625,0.2265625,0.6328125,1,1
81,4,0.1328125,0.12890625,0.22265625,0.23828125,1,1
81,5,0.1328125,0.125,0.21875,0.25390625,1,1
81,5,0.03125,0.25390625,0.21875,0.61328125,1,1
81,5,0.03125,0.25390625,0.21875,0.61328125,3,1
81,5,0.29296875,0.16796875,0.45703125,0.53515625,1,1
81,5,0.4921875,0.2109375,0.62109375,0.6171875,1,1
81,5,0.61328125,0.12109375,0.73046875,0.35546875,1,1
81,5,0.6796875,0.0703125,0.71875,0.16015625,1,1
81,6,0.67578125,0.05078125,0.71875,0.15234375,1,1
81,6,0.59765625,0.11328125,0.7265625,0.359375,1,1
81,6,0.484375,0.171875,0.59765625,0.59375,1,1
81,6,0.484375,0.171875,0.59765625,0.59375,3,1
81,6,0.26953125,0.140625,0.453125,0.55859375,1,1
81,6,0.04296875,0.265625,0.2265625,0.609375,1,1
81,6,0.04296875,0.265625,0.2265625,0.609375,3,1
81,7,0.04296875,0.27734375,0.23046875,0.63671875,1,1
81,7,0.04296875,0.27734375,0.23046875,0.63671875,3,1
81,7,0.2890625,0.1796875,0.4609375,0.546875,1,1
81,7,0.2890625,0.1796875,0.4609375,0.546875,3,1
81,7,0.49609375,0.20703125,0.609375,0.62109375,1,1
81,7,0.49609375,0.20703125,0.609375,0.62109375,3,1
81,7,0.60546875,0.10546875,0.72265625,0.34375,1,1
81,7,0.671875,0.0390625,0.73046875,0.1484375,1,1
82,2,0.34765625,0.203125,0.484375,0.62109375,1,1
82,2,0.34765625,0.203125,0.484375,0.62109375,3,1
82,2,0.80078125,0.171875,0.90625,0.4765625,1,1
82,2,0.16015625,0.21875,0.296875,0.640625,1,1
82,2,0.16015625,0.21875,0.296875,0.640625,3,1
82,2,0.02734375,0.265625,0.1484375,0.63671875,1,1
82,2,0.02734375,0.265625,0.1484375,0.63671875,3,1
82,2,0.1328125,0.16796875,0.21484375,0.32421875,1,1
82,3,0.1640625,0.23828125,0.296875,0.6484375,1,1
82,3,0.1640625,0.23828125,0.296875,0.6484375,3,1
82,3,0.34375,0.1953125,0.4765625,0.62109375,1,1
82,3,0.34375,0.1953125,0.4765625,0.62109375,3,1
82,3,0.8046875,0.18359375,0.90625,0.4296875,1,1
82,3,0.01953125,0.26171875,0.15234375,0.61328125,1,1
82,3,0.01953125,0.26171875,0.15234375,0.61328125,3,1
82,3,0.14453125,0.19140625,0.203125,0.33984375,1,1
82,4,0.33984375,0.21875,0.47265625,0.6328125,1,1
82,4,0.33984375,0.21875,0.47265625,0.6328125,3,1
82,4,0.78515625,0.16796875,0.91796875,0.46484375,1,1
82,4,0.1640625,0.2265625,0.29296875,0.62109375,1,1
82,4,0.1640625,0.2265625,0.29296875,0.62109375,3,1
82,4,0.03515625,0.26171875,0.15234375,0.62109375,1,1
82,4,0.03515625,0.26171875,0.15234375,0.62109375,3,1
82,4,0.13671875,0.171875,0.20703125,0.32421875,1,1
82,5,0.13671875,0.16796875,0.19921875,0.328125,1,1
82,5,0.0234375,0.26171875,0.15625,0.6328125,1,1
82,5,0.15234375,0.22265625,0.2734375,0.63671875,1,1
82,5,0.15234375,0.22265625,0.2734375,0.63671875,3,1
82,5,0.3359375,0.21484375,0.47265625,0.6484375,1,1
82,5,0.3359375,0.21484375,0.47265625,0.6484375,3,1
82,5,0.7890625,0.18359375,0.8984375,0.41796875,1,1
82,6,0.77734375,0.19921875,0.91015625,0.43359375,1,1
82,6,0.359375,0.2265625,0.48046875,0.62109375,1,1
82,6,0.359375,0.2265625,0.48046875,0.62109375,3,1
82,6,0.17578125,0.2265625,0.29296875,0.640625,1,1
82,6,0.17578125,0.2265625,0.29296875,0.640625,3,1
82,6,0.02734375,0.2421875,0.15234375,0.609375,1,1
82,6,0.02734375,0.2421875,0.15234375,0.609375,3,1
82,6,0.1484375,0.171875,0.20703125,0.33984375,1,1
82,7,0.72265625,0.171875,0.91796875,0.45703125,1,1
82,7,0.36328125,0.234375,0.48828125,0.609375,1,1
82,7,0.36328125,0.234375,0.48828125,0.609375,3,1
82,7,0.1484375,0.23828125,0.2890625,0.6640625,1,1
82,7,0.1484375,0.23828125,0.2890625,0.6640625,3,1
82,7,0.03515625,0.26953125,0.14453125,0.6015625,1,1
82,7,0.03515625,0.26953125,0.14453125,0.6015625,3,1
82,7,0.1171875,0.1640625,0.1953125,0.3203125,1,1
83,2,0.46484375,0.1875,0.61328125,0.6328125,1,1
83,2,0.46484375,0.1875,0.61328125,0.6328125,3,1
83,2,0.35546875,0.21875,0.4765625,0.64453125,1,1
83,2,0.35546875,0.21875,0.4765625,0.64453125,3,1
83,2,0.20703125,0.15234375,0.359375,0.64453125,1,1
83,2,0.20703125,0.15234375,0.359375,0.64453125,3,1
83,2,0.05078125,0.24609375,0.16796875,0.62109375,1,1
83,2,0.05078125,0.24609375,0.16796875,0.62109375,3,1
83,2,0.00390625,0.3046875,0.06640625,0.625,1,1
83,2,0.00390625,0.3046875,0.06640625,0.625,3,1
83,2,0.17578125,0.15625,0.23046875,0.26171875,1,1
83,3,0.4609375,0.1875,0.61328125,0.62109375,1,1
83,3,0.4609375,0.1875,0.61328125,0.62109375,3,1
83,3,0.36328125,0.234375,0.48046875,0.640625,1,1
83,3,0.36328125,0.234375,0.48046875,0.640625,3,1
83,3,0.203125,0.22265625,0.359375,0.61328125,1,1
83,3,0.203125,0.22265625,0.359375,0.61328125,3,1
83,3,0.05859375,0.24609375,0.1640625,0.625,1,1
83,3,0.05859375,0.24609375,0.1640625,0.625,3,1
83,3,0.01171875,0.31640625,0.0625,0.640625,1,1
83,3,0.01171875,0.31640625,0.0625,0.640625,3,1
83,3,0.17578125,0.1796875,0.234375,0.28125,5,1
83,3,0.17578125,0.1796875,0.234375,0.28125,2,1
83,4,0.35546875,0.21875,0.484375,0.62890625,1,1
83,4,0.35546875,0.21875,0.484375,0.62890625,3,1
83,4,0.46484375,0.1953125,0.62109375,0.62109375,1,1
83,4,0.46484375,0.1953125,0.62109375,0.62109375,3,1
83,4,0.21875,0.203125,0.34375,0.66015625,1,1
83,4,0.21875,0.203125,0.34375,0.66015625,3,1
83,4,0.0546875,0.2578125,0.17578125,0.61328125,1,1
83,4,0.0546875,0.2578125,0.17578125,0.61328125,3,1
83,4,0.00390625,0.32421875,0.0703125,0.6328125,1,1
83,4,0.00390625,0.32421875,0.0703125,0.6328125,3,1
83,4,0.171875,0.171875,0.2421875,0.2734375,2,1
83,4,0.171875,0.171875,0.2421875,0.2734375,5,1
83,5,0.17578125,0.16015625,0.23828125,0.2578125,2,1
83,5,0.17578125,0.16015625,0.23828125,0.2578125,5,1
83,5,0.0546875,0.24609375,0.171875,0.6171875,1,1
83,5,0.0546875,0.24609375,0.171875,0.6171875,3,1
83,5,0.21484375,0.2265625,0.33984375,0.61328125,1,1
83,5,0.21484375,0.2265625,0.33984375,0.61328125,3,1
83,5,0.36328125,0.21875,0.48828125,0.6484375,1,1
83,5,0.36328125,0.21875,0.48828125,0.6484375,3,1
83,5,0.47265625,0.18359375,0.625,0.63671875,1,1
83,5,0.47265625,0.18359375,0.625,0.63671875,3,1
83,5,0.0078125,0.328125,0.06640625,0.62109375,1,1
83,5,0.0078125,0.328125,0.06640625,0.62109375,3,1
83,6,0.359375,0.20703125,0.484375,0.640625,1,1
83,6,0.359375,0.20703125,0.484375,0.640625,3,1
83,6,0.47265625,0.19921875,0.61328125,0.578125,1,1
83,6,0.47265625,0.19921875,0.61328125,0.578125,3,1
83,6,0.21484375,0.22265625,0.34375,0.62109375,1,1
83,6,0.21484375,0.22265625,0.34375,0.62109375,3,1
83,6,0.04296875,0.2734375,0.1796875,0.625,1,1
83,6,0.04296875,0.2734375,0.1796875,0.625,3,1
83,6,0.01171875,0.3203125,0.06640625,0.6640625,1,1
83,6,0.01171875,0.3203125,0.06640625,0.6640625,3,1
83,6,0.18359375,0.18359375,0.23828125,0.27734375,2,1
83,6,0.18359375,0.18359375,0.23828125,0.27734375,5,1
83,6,0.10546875,0.15234375,0.15625,0.234375,1,1
83,7,0.1015625,0.1328125,0.1640625,0.25,1,1
83,7,0.171875,0.1640625,0.24609375,0.28125,2,1
83,7,0.171875,0.1640625,0.24609375,0.28125,5,1
83,7,0.0,0.31640625,0.06640625,0.6328125,1,1
83,7,0.0,0.31640625,0.06640625,0.6328125,3,1
83,7,0.0625,0.25390625,0.16015625,0.65234375,1,1
83,7,0.0625,0.25390625,0.16015625,0.65234375,3,1
83,7,0.21875,0.21875,0.33203125,0.62109375,1,1
83,7,0.21875,0.21875,0.33203125,0.62109375,3,1
83,7,0.359375,0.21875,0.4921875,0.67578125,1,1
83,7,0.359375,0.21875,0.4921875,0.67578125,3,1
83,7,0.47265625,0.19140625,0.609375,0.62109375,1,1
83,7,0.47265625,0.19140625,0.609375,0.62109375,3,1
84,2,0.10546875,0.26171875,0.33203125,0.64453125,1,1
84,2,0.10546875,0.26171875,0.33203125,0.64453125,3,1
84,2,0.015625,0.2734375,0.09375,0.390625,1,1
84,2,0.015625,0.2734375,0.09375,0.390625,3,1
84,2,0.15625,0.15625,0.2265625,0.25,2,1
84,2,0.15625,0.15625,0.2265625,0.25,5,1
84,2,0.3984375,0.1171875,0.45703125,0.203125,2,1
84,2,0.3984375,0.1171875,0.45703125,0.203125,5,1
84,2,0.84375,0.21875,0.9765625,0.5859375,2,1
84,2,0.84375,0.21875,0.9765625,0.5859375,5,1
84,2,0.2578125,0.12890625,0.3359375,0.23828125,2,1
84,2,0.2578125,0.12890625,0.3359375,0.23828125,5,1
84,3,0.8359375,0.24609375,0.98828125,0.57421875,1,1
84,3,0.8359375,0.24609375,0.98828125,0.57421875,3,1
84,3,0.125,0.2578125,0.34375,0.640625,1,1
84,3,0.125,0.2578125,0.34375,0.640625,3,1
84,3,0.02734375,0.26953125,0.1015625,0.38671875,2,1
84,3,0.02734375,0.26953125,0.1015625,0.38671875,5,1
84,3,0.1640625,0.17578125,0.2265625,0.25390625,2,1
84,3,0.1640625,0.17578125,0.2265625,0.25390625,5,1
84,3,0.2578125,0.125,0.3359375,0.21875,2,1
84,3,0.3984375,0.12109375,0.46875,0.23828125,2,1
84,3,0.3984375,0.12109375,0.46875,0.23828125,5,1
84,4,0.3984375,0.1015625,0.46484375,0.2265625,2,1
84,4,0.3984375,0.1015625,0.46484375,0.2265625,5,1
84,4,0.8359375,0.22265625,0.98828125,0.55078125,1,1
84,4,0.8359375,0.22265625,0.98828125,0.55078125,3,1
84,4,0.0859375,0.23046875,0.3203125,0.63671875,1,1
84,4,0.0859375,0.23046875,0.3203125,0.63671875,3,1
84,4,0.0234375,0.2578125,0.08203125,0.40625,2,1
84,4,0.0234375,0.2578125,0.08203125,0.40625,5,1
84,4,0.16015625,0.1640625,0.2421875,0.2578125,2,1
84,4,0.16015625,0.1640625,0.2421875,0.2578125,5,1
84,4,0.25390625,0.14453125,0.33984375,0.2421875,2,1
84,4,0.25390625,0.14453125,0.33984375,0.2421875,5,1
84,5,0.3984375,0.08984375,0.4609375,0.2109375,2,1
84,5,0.3984375,0.08984375,0.4609375,0.2109375,5,1
84,5,0.84375,0.21484375,0.9921875,0.5859375,1,1
84,5,0.12109375,0.23828125,0.328125,0.64453125,1,1
84,5,0.12109375,0.23828125,0.328125,0.64453125,3,1
84,5,0.03515625,0.29296875,0.08984375,0.38671875,2,1
84,5,0.03515625,0.29296875,0.08984375,0.38671875,5,1
84,5,0.16796875,0.18359375,0.234375,0.25390625,2,1
84,5,0.16796875,0.18359375,0.234375,0.25390625,5,1
84,5,0.26171875,0.1484375,0.33203125,0.23046875,2,1
84,5,0.26171875,0.1484375,0.33203125,0.23046875,5,1
84,6,0.40234375,0.1171875,0.45703125,0.2265625,2,1
84,6,0.40234375,0.1171875,0.45703125,0.2265625,5,1
84,6,0.8515625,0.2109375,0.99609375,0.5703125,1,1
84,6,0.1171875,0.25,0.32421875,0.640625,1,1
84,6,0.1171875,0.25,0.32421875,0.640625,3,1
84,6,0.01953125,0.28125,0.08984375,0.40234375,2,1
84,6,0.01953125,0.28125,0.08984375,0.40234375,5,1
84,6,0.171875,0.16796875,0.21875,0.2578125,2,1
84,6,0.171875,0.16796875,0.21875,0.2578125,5,1
84,6,0.2578125,0.1328125,0.33984375,0.2265625,2,1
84,6,0.2578125,0.1328125,0.33984375,0.2265625,5,1
84,7,0.40234375,0.12109375,0.4609375,0.21875,2,1
84,7,0.40234375,0.12109375,0.4609375,0.21875,5,1
84,7,0.2578125,0.1328125,0.3359375,0.234375,2,1
84,7,0.2578125,0.1328125,0.3359375,0.234375,5,1
84,7,0.17578125,0.15625,0.23828125,0.2578125,2,1
84,7,0.17578125,0.15625,0.23828125,0.2578125,5,1
84,7,0.0234375,0.2734375,0.1015625,0.39453125,2,1
84,7,0.0234375,0.2734375,0.1015625,0.39453125,5,1
84,7,0.125,0.26171875,0.3515625,0.671875,1,1
84,7,0.125,0.26171875,0.3515625,0.671875,3,1
84,7,0.83203125,0.21875,0.9921875,0.5703125,1,1
84,7,0.83203125,0.21875,0.9921875,0.5703125,3,1
85,2,0.390625,0.109375,0.4609375,0.21875,2,1
85,2,0.390625,0.109375,0.4609375,0.21875,5,1
85,2,0.64453125,0.0390625,0.7265625,0.25,1,1
85,2,0.64453125,0.0390625,0.7265625,0.25,3,1
85,2,0.2109375,0.12109375,0.34375,0.3515625,1,1
85,2,0.03515625,0.28515625,0.12890625,0.4296875,1,1
85,2,0.0,0.32421875,0.0546875,0.59375,1,1
85,2,0.0,0.32421875,0.0546875,0.59375,3,1
85,2,0.08203125,0.19140625,0.171875,0.34375,1,1
85,3,0.40234375,0.1171875,0.45703125,0.2109375,2,1
85,3,0.40234375,0.1171875,0.45703125,0.2109375,5,1
85,3,0.23046875,0.12109375,0.34765625,0.33984375,1,1
85,3,0.65625,0.06640625,0.75390625,0.2734375,1,1
85,3,0.046875,0.296875,0.1484375,0.4765625,1,1
85,3,0.0,0.328125,0.05078125,0.58203125,1,1
85,3,0.0,0.328125,0.05078125,0.58203125,3,1
85,3,0.078125,0.1640625,0.171875,0.32421875,1,1
85,4,0.06640625,0.1953125,0.1640625,0.3515625,1,1
85,4,0.046875,0.28125,0.171875,0.515625,1,1
85,4,0.0,0.32421875,0.046875,0.609375,1,1
85,4,0.0,0.32421875,0.046875,0.609375,3,1
85,4,0.2265625,0.125,0.35546875,0.359375,1,1
85,4,0.19140625,0.17578125,0.2265625,0.25390625,2,1
85,4,0.19140625,0.17578125,0.2265625,0.25390625,5,1
85,4,0.390625,0.1015625,0.4609375,0.23046875,2,1
85,4,0.390625,0.1015625,0.4609375,0.23046875,5,1
85,4,0.65625,0.06640625,0.76171875,0.2734375,1,1
85,5,0.67578125,0.078125,0.76953125,0.296875,1,1
85,5,0.3828125,0.10546875,0.47265625,0.2734375,2,1
85,5,0.3828125,0.10546875,0.47265625,0.2734375,5,1
85,5,0.21875,0.13671875,0.3515625,0.33984375,1,1
85,5,0.0859375,0.1953125,0.171875,0.328125,1,1
85,5,0.05078125,0.27734375,0.140625,0.48046875,1,1
85,5,0.00390625,0.30859375,0.046875,0.59765625,1,1
85,5,0.00390625,0.30859375,0.046875,0.59765625,3,1
85,5,0.18359375,0.17578125,0.22265625,0.26171875,2,1
85,5,0.18359375,0.17578125,0.22265625,0.26171875,5,1
85,6,0.23828125,0.140625,0.34765625,0.34375,1,1
85,6,0.390625,0.11328125,0.46875,0.234375,2,1
85,6,0.390625,0.11328125,0.46875,0.234375,5,1
85,6,0.67578125,0.0625,0.77734375,0.296875,1,1
85,6,0.0,0.328125,0.0625,0.60546875,1,1
85,6,0.0,0.328125,0.0625,0.60546875,3,1
85,6,0.05078125,0.28515625,0.1484375,0.484375,1,1
85,6,0.0703125,0.17578125,0.171875,0.34375,1,1
85,7,0.23046875,0.1328125,0.3515625,0.35546875,1,1
85,7,0.390625,0.109375,0.45703125,0.2265625,2,1
85,7,0.390625,0.109375,0.45703125,0.2265625,5,1
85,7,0.68359375,0.08984375,0.7734375,0.296875,1,1
85,7,0.0,0.328125,0.0546875,0.59375,1,1
85,7,0.0,0.328125,0.0546875,0.59375,3,1
85,7,0.0390625,0.29296875,0.13671875,0.4609375,1,1
85,7,0.078125,0.171875,0.1640625,0.33203125,1,1
86,2,0.3984375,0.11328125,0.46875,0.22265625,2,1
86,2,0.3984375,0.11328125,0.46875,0.22265625,5,1
86,2,0.51953125,0.0703125,0.609375,0.31640625,1,1
86,2,0.2578125,0.13671875,0.34375,0.234375,2,1
86,2,0.2578125,0.13671875,0.34375,0.234375,5,1
86,2,0.1953125,0.15234375,0.25,0.26953125,2,1
86,2,0.1953125,0.15234375,0.25,0.26953125,5,1
86,3,0.1796875,0.1796875,0.24609375,0.26171875,2,1
86,3,0.1796875,0.1796875,0.24609375,0.26171875,5,1
86,3,0.265625,0.14453125,0.34765625,0.2265625,2,1
86,3,0.265625,0.14453125,0.34765625,0.2265625,5,1
86,3,0.39453125,0.09765625,0.48046875,0.23046875,2,1
86,3,0.39453125,0.09765625,0.48046875,0.23046875,5,1
86,3,0.52734375,0.06640625,0.59375,0.3203125,1,1
86,4,0.51953125,0.078125,0.59375,0.31640625,1,1
86,4,0.39453125,0.1015625,0.46875,0.21484375,2,1
86,4,0.39453125,0.1015625,0.46875,0.21484375,5,1
86,4,0.2578125,0.140625,0.33984375,0.2421875,2,1
86,4,0.2578125,0.140625,0.33984375,0.2421875,5,1
86,4,0.18359375,0.16796875,0.234375,0.2578125,2,1
86,4,0.18359375,0.16796875,0.234375,0.2578125,5,1
86,4,0.0546875,0.18359375,0.12109375,0.30078125,1,1
86,5,0.05859375,0.1796875,0.1328125,0.30078125,1,1
86,5,0.1953125,0.16796875,0.25390625,0.26953125,2,1
86,5,0.1953125,0.16796875,0.25390625,0.26953125,5,1
86,5,0.2578125,0.12890625,0.34375,0.2421875,2,1
86,5,0.2578125,0.12890625,0.34375,0.2421875,5,1
86,5,0.3984375,0.09375,0.47265625,0.21484375,2,1
86,5,0.3984375,0.09375,0.47265625,0.21484375,5,1
86,5,0.5234375,0.1015625,0.6015625,0.33203125,1,1
86,6,0.51953125,0.09375,0.58203125,0.30078125,1,1
86,6,0.390625,0.1015625,0.47265625,0.21484375,2,1
86,6,0.390625,0.1015625,0.47265625,0.21484375,5,1
86,6,0.2578125,0.12890625,0.34765625,0.234375,2,1
86,6,0.2578125,0.12890625,0.34765625,0.234375,5,1
86,6,0.19921875,0.15625,0.2421875,0.24609375,2,1
86,6,0.19921875,0.15625,0.2421875,0.24609375,5,1
86,6,0.046875,0.1796875,0.109375,0.29296875,1,1
86,7,0.05078125,0.17578125,0.1171875,0.29296875,1,1
86,7,0.1875,0.16796875,0.2421875,0.26171875,2,1
86,7,0.1875,0.16796875,0.2421875,0.26171875,5,1
86,7,0.25,0.140625,0.34375,0.25390625,2,1
86,7,0.25,0.140625,0.34375,0.25390625,5,1
86,7,0.390625,0.078125,0.46484375,0.234375,2,1
86,7,0.390625,0.078125,0.46484375,0.234375,5,1
86,7,0.51953125,0.08203125,0.60546875,0.328125,1,1
87,2,0.390625,0.1171875,0.46484375,0.20703125,2,1
87,2,0.390625,0.1171875,0.46484375,0.20703125,5,1
87,2,0.15625,0.20703125,0.2578125,0.3203125,2,1
87,2,0.15625,0.20703125,0.2578125,0.3203125,5,1
87,2,0.03125,0.23046875,0.09765625,0.33203125,2,1
87,2,0.03125,0.23046875,0.09765625,0.33203125,5,1
87,2,0.10546875,0.18359375,0.16015625,0.28515625,2,1
87,2,0.10546875,0.18359375,0.16015625,0.28515625,5,1
87,3,0.15234375,0.21875,0.25,0.34375,2,1
87,3,0.15234375,0.21875,0.25,0.34375,5,1
87,3,0.38671875,0.10546875,0.46875,0.21875,2,1
87,3,0.38671875,0.10546875,0.46875,0.21875,5,1
87,3,0.03515625,0.234375,0.09375,0.3359375,2,1
87,3,0.03515625,0.234375,0.09375,0.3359375,5,1
87,3,0.09765625,0.19921875,0.1484375,0.3125,2,1
87,3,0.09765625,0.19921875,0.1484375,0.3125,5,1
87,4,0.37890625,0.09765625,0.46484375,0.21484375,2,1
87,4,0.37890625,0.09765625,0.46484375,0.21484375,5,1
87,4,0.16015625,0.22265625,0.25,0.34765625,2,1
87,4,0.16015625,0.22265625,0.25,0.34765625,5,1
87,4,0.04296875,0.2421875,0.11328125,0.3359375,2,1
87,4,0.04296875,0.2421875,0.11328125,0.3359375,5,1
87,4,0.10546875,0.18359375,0.1484375,0.27734375,2,1
87,4,0.10546875,0.18359375,0.1484375,0.27734375,5,1
87,5,0.15625,0.21875,0.2421875,0.34375,2,1
87,5,0.15625,0.21875,0.2421875,0.34375,5,1
87,5,0.38671875,0.1171875,0.46484375,0.2109375,2,1
87,5,0.38671875,0.1171875,0.46484375,0.2109375,5,1
87,5,0.04296875,0.25,0.09765625,0.3359375,2,1
87,5,0.04296875,0.25,0.09765625,0.3359375,5,1
87,5,0.1015625,0.19921875,0.15625,0.29296875,2,1
87,5,0.1015625,0.19921875,0.15625,0.29296875,5,1
87,6,0.1640625,0.21875,0.24609375,0.36328125,2,1
87,6,0.1640625,0.21875,0.24609375,0.36328125,5,1
87,6,0.390625,0.10546875,0.484375,0.22265625,2,1
87,6,0.390625,0.10546875,0.484375,0.22265625,5,1
87,6,0.03515625,0.23828125,0.08984375,0.3359375,2,1
87,6,0.03515625,0.23828125,0.08984375,0.3359375,5,1
87,6,0.1015625,0.21484375,0.1640625,0.30859375,2,1
87,6,0.1015625,0.21484375,0.1640625,0.30859375,5,1
87,7,0.390625,0.11328125,0.4609375,0.22265625,2,1
87,7,0.390625,0.11328125,0.4609375,0.22265625,5,1
87,7,0.15625,0.203125,0.25,0.34375,2,1
87,7,0.15625,0.203125,0.25,0.34375,5,1
87,7,0.0390625,0.23828125,0.1015625,0.32421875,2,1
87,7,0.0390625,0.23828125,0.1015625,0.32421875,5,1
87,7,0.109375,0.203125,0.15234375,0.30078125,2,1
87,7,0.109375,0.203125,0.15234375,0.30078125,5,1
88,2,0.2578125,0.16015625,0.359375,0.33203125,2,1
88,2,0.2578125,0.16015625,0.359375,0.33203125,5,1
88,2,0.64453125,0.0390625,0.73046875,0.1796875,1,1
88,2,0.15234375,0.1484375,0.25390625,0.3515625,1,1
88,3,0.1484375,0.1640625,0.23828125,0.3359375,1,1
88,3,0.2578125,0.16015625,0.36328125,0.30859375,2,1
88,3,0.2578125,0.16015625,0.36328125,0.30859375,5,1
88,3,0.640625,0.04296875,0.734375,0.1875,1,1
88,4,0.64453125,0.04296875,0.73828125,0.1953125,1,1
88,4,0.25390625,0.16015625,0.35546875,0.328125,2,1
88,4,0.25390625,0.16015625,0.35546875,0.328125,5,1
88,4,0.140625,0.16015625,0.2421875,0.35546875,1,1
88,5,0.15234375,0.17578125,0.25,0.328125,1,1
88,5,0.26171875,0.15625,0.359375,0.30859375,2,1
88,5,0.26171875,0.15625,0.359375,0.30859375,5,1
88,5,0.66015625,0.0625,0.734375,0.19921875,1,1
88,6,0.66796875,0.04296875,0.73046875,0.1953125,1,1
88,6,0.2578125,0.16015625,0.35546875,0.328125,2,1
88,6,0.2578125,0.16015625,0.35546875,0.328125,5,1
88,6,0.15234375,0.16796875,0.2421875,0.375,1,1
88,6,0.15234375,0.16796875,0.2421875,0.375,5,1
88,7,0.6796875,0.05859375,0.75390625,0.234375,1,1
88,7,0.1484375,0.140625,0.24609375,0.37109375,1,1
88,7,0.25390625,0.1640625,0.359375,0.32421875,2,1
88,7,0.25390625,0.1640625,0.359375,0.32421875,5,1
89,2,0.05859375,0.328125,0.140625,0.625,1,1
89,2,0.05859375,0.328125,0.140625,0.625,3,1
89,2,0.09375,0.2421875,0.1640625,0.34765625,2,1
89,2,0.09375,0.2421875,0.1640625,0.34765625,5,1
89,2,0.16796875,0.203125,0.2421875,0.33984375,2,1
89,2,0.25390625,0.16015625,0.328125,0.33203125,2,1
89,2,0.3828125,0.11328125,0.46875,0.23046875,2,1
89,2,0.328125,0.1171875,0.37890625,0.21875,2,1
89,3,0.32421875,0.1171875,0.3828125,0.23046875,2,1
89,3,0.40234375,0.11328125,0.46875,0.23046875,2,1
89,3,0.40234375,0.11328125,0.46875,0.23046875,5,1
89,3,0.24609375,0.1640625,0.32421875,0.32421875,2,1
89,3,0.24609375,0.1640625,0.32421875,0.32421875,5,1
89,3,0.14453125,0.17578125,0.23828125,0.34375,2,1
89,3,0.14453125,0.17578125,0.23828125,0.34375,5,1
89,3,0.03125,0.30078125,0.13671875,0.6640625,1,1
89,3,0.03125,0.30078125,0.13671875,0.6640625,3,1
89,4,0.05859375,0.30078125,0.1328125,0.62109375,1,1
89,4,0.05859375,0.30078125,0.1328125,0.62109375,3,1
89,4,0.16015625,0.1796875,0.2421875,0.34375,2,1
89,4,0.16015625,0.1796875,0.2421875,0.34375,5,1
89,4,0.25390625,0.16796875,0.3359375,0.3046875,2,1
89,4,0.25390625,0.16796875,0.3359375,0.3046875,5,1
89,4,0.33203125,0.1171875,0.37890625,0.21484375,2,1
89,4,0.33203125,0.1171875,0.37890625,0.21484375,5,1
89,4,0.3984375,0.109375,0.46875,0.2109375,2,1
89,4,0.3984375,0.109375,0.46875,0.2109375,5,1
89,5,0.39453125,0.1015625,0.46484375,0.21875,2,1
89,5,0.39453125,0.1015625,0.46484375,0.21875,5,1
89,5,0.3203125,0.12890625,0.3828125,0.22265625,2,1
89,5,0.3203125,0.12890625,0.3828125,0.22265625,5,1
89,5,0.234375,0.15625,0.33203125,0.3203125,2,1
89,5,0.234375,0.15625,0.33203125,0.3203125,5,1
89,5,0.1484375,0.1796875,0.2421875,0.3515625,2,1
89,5,0.1484375,0.1796875,0.2421875,0.3515625,5,1
89,5,0.03125,0.27734375,0.13671875,0.6328125,1,1
89,5,0.03125,0.27734375,0.13671875,0.6328125,3,1
89,6,0.05859375,0.30859375,0.13671875,0.62890625,1,1
89,6,0.05859375,0.30859375,0.13671875,0.62890625,3,1
89,6,0.15234375,0.19140625,0.2421875,0.33203125,2,1
89,6,0.15234375,0.19140625,0.2421875,0.33203125,5,1
89,6,0.25,0.16015625,0.32421875,0.3125,2,1
89,6,0.25,0.16015625,0.32421875,0.3125,5,1
89,6,0.3203125,0.109375,0.37890625,0.20703125,2,1
89,6,0.3984375,0.10546875,0.46484375,0.2109375,2,1
89,6,0.3984375,0.10546875,0.46484375,0.2109375,5,1
89,7,0.39453125,0.109375,0.46875,0.21484375,2,1
89,7,0.39453125,0.109375,0.46875,0.21484375,5,1
89,7,0.32421875,0.1171875,0.37890625,0.22265625,2,1
89,7,0.2421875,0.15625,0.3203125,0.32421875,2,1
89,7,0.2421875,0.15625,0.3203125,0.32421875,5,1
89,7,0.14453125,0.1875,0.23828125,0.33984375,2,1
89,7,0.0703125,0.24609375,0.14453125,0.33984375,2,1
89,7,0.05078125,0.296875,0.13671875,0.6328125,1,1
89,7,0.05078125,0.296875,0.13671875,0.6328125,3,1
90,2,0.26171875,0.12890625,0.34765625,0.34765625,1,1
90,2,0.1875,0.15234375,0.2421875,0.26171875,2,1
90,2,0.0625,0.19921875,0.16015625,0.40234375,1,1
90,2,0.41015625,0.109375,0.46484375,0.2109375,2,1
90,2,0.41015625,0.109375,0.46484375,0.2109375,5,1
90,2,0.5234375,0.12109375,0.60546875,0.28515625,2,1
90,2,0.5234375,0.12109375,0.60546875,0.28515625,5,1
92,2,0.2734375,0.14453125,0.421875,0.3828125,1,1
92,2,0.078125,0.2265625,0.18359375,0.35546875,2,1
92,3,0.27734375,0.13671875,0.421875,0.38671875,1,1
92,3,0.078125,0.2265625,0.171875,0.37890625,2,1
92,3,0.078125,0.2265625,0.171875,0.37890625,5,1
92,4,0.0859375,0.2421875,0.1796875,0.359375,2,1
92,4,0.2734375,0.1328125,0.41796875,0.3828125,1,1
92,5,0.27734375,0.14453125,0.42578125,0.390625,1,1
92,5,0.06640625,0.23828125,0.1796875,0.3671875,2,1
92,6,0.07421875,0.2265625,0.18359375,0.36328125,2,1
92,6,0.28125,0.14453125,0.421875,0.390625,1,1
92,7,0.2734375,0.15625,0.421875,0.40625,1,1
92,7,0.078125,0.21484375,0.1796875,0.37109375,2,1
91,7,0.515625,0.08203125,0.5859375,0.30859375,1,1
91,7,0.40625,0.0234375,0.4921875,0.2109375,1,1
91,7,0.078125,0.2109375,0.16015625,0.37109375,2,1
91,7,0.078125,0.2109375,0.16015625,0.37109375,5,1
91,6,0.5234375,0.09375,0.58984375,0.31640625,1,1
91,6,0.40234375,0.0390625,0.4921875,0.2265625,1,1
91,6,0.0625,0.203125,0.1640625,0.36328125,2,1
91,6,0.0625,0.203125,0.1640625,0.36328125,5,1
91,5,0.078125,0.22265625,0.171875,0.375,2,1
91,5,0.078125,0.22265625,0.171875,0.375,5,1
91,5,0.40234375,0.0234375,0.4921875,0.1953125,1,1
91,5,0.51953125,0.0859375,0.5859375,0.31640625,1,1
91,4,0.515625,0.0859375,0.578125,0.30859375,1,1
91,4,0.40234375,0.04296875,0.4921875,0.2265625,1,1
91,4,0.06640625,0.2109375,0.16015625,0.359375,2,1
91,3,0.06640625,0.22265625,0.16796875,0.36328125,2,1
91,3,0.06640625,0.22265625,0.16796875,0.36328125,5,1
91,3,0.4140625,0.02734375,0.49609375,0.19140625,1,1
91,3,0.51953125,0.08203125,0.5859375,0.31640625,1,1
91,2,0.046875,0.2109375,0.16015625,0.3671875,2,1
91,2,0.046875,0.2109375,0.16015625,0.3671875,5,1
91,2,0.390625,0.046875,0.48828125,0.203125,1,1
91,2,0.5234375,0.09765625,0.58203125,0.3203125,1,1
90,7,0.5234375,0.09375,0.59765625,0.28125,2,1
90,7,0.5234375,0.09375,0.59765625,0.28125,5,1
90,7,0.2578125,0.125,0.34765625,0.3515625,1,1
90,7,0.18359375,0.1640625,0.25,0.27734375,2,1
90,7,0.04296875,0.203125,0.16015625,0.40234375,1,1
90,7,0.3984375,0.1015625,0.47265625,0.25,2,1
90,7,0.3984375,0.1015625,0.47265625,0.25,5,1
90,6,0.40234375,0.10546875,0.46875,0.2421875,2,1
90,6,0.40234375,0.10546875,0.46875,0.2421875,5,1
90,6,0.265625,0.14453125,0.35546875,0.359375,1,1
90,6,0.18359375,0.14453125,0.24609375,0.2734375,2,1
90,6,0.18359375,0.14453125,0.24609375,0.2734375,5,1
90,6,0.03515625,0.1875,0.16796875,0.39453125,1,1
90,6,0.51953125,0.09765625,0.6015625,0.30078125,2,1
90,6,0.51953125,0.09765625,0.6015625,0.30078125,5,1
90,5,0.5234375,0.1015625,0.59375,0.2890625,2,1
90,5,0.5234375,0.1015625,0.59375,0.2890625,5,1
90,5,0.375,0.08984375,0.46875,0.23828125,2,1
90,5,0.2578125,0.1171875,0.34765625,0.3515625,1,1
90,5,0.1796875,0.1640625,0.25,0.28125,2,1
90,5,0.0546875,0.1875,0.1640625,0.4140625,1,1
90,3,0.05859375,0.18359375,0.16015625,0.40625,1,1
90,3,0.19140625,0.15625,0.25,0.26953125,2,1
90,3,0.19140625,0.15625,0.25,0.26953125,5,1
90,3,0.26953125,0.140625,0.34375,0.359375,1,1
90,3,0.3984375,0.09765625,0.4609375,0.2109375,2,1
90,3,0.3984375,0.09765625,0.4609375,0.2109375,5,1
90,3,0.5234375,0.1640625,0.59765625,0.296875,2,1
90,3,0.51953125,0.0859375,0.5703125,0.15625,2,1
90,4,0.5234375,0.09765625,0.5703125,0.1640625,2,1
90,4,0.5234375,0.16796875,0.59765625,0.28515625,2,1
90,4,0.40625,0.109375,0.46875,0.2265625,2,1
90,4,0.265625,0.140625,0.3515625,0.36328125,1,1
90,4,0.1875,0.16796875,0.24609375,0.26953125,2,1
90,4,0.0546875,0.19140625,0.16015625,0.39453125,1,1
91,5,0.1953125,0.12109375,0.26953125,0.22265625,1,1
91,4,0.19921875,0.109375,0.28125,0.2109375,1,1
91,3,0.203125,0.10546875,0.3046875,0.21484375,1,1
91,2,0.22265625,0.10546875,0.3046875,0.21484375,1,1
93,2,0.12890625,0.1875,0.2265625,0.3515625,2,1
93,2,0.09375,0.2578125,0.28125,0.55078125,1,1
93,2,0.296875,0.05859375,0.3984375,0.1953125,1,1
93,2,0.5234375,0.18359375,0.6015625,0.63671875,1,1
93,2,0.5234375,0.18359375,0.6015625,0.63671875,3,1
93,2,0.60546875,0.2109375,0.68359375,0.625,1,1
93,2,0.60546875,0.2109375,0.68359375,0.625,3,1
93,2,0.5546875,0.12890625,0.69140625,0.2421875,1,1
93,2,0.703125,0.234375,0.765625,0.57421875,1,1
93,2,0.703125,0.234375,0.765625,0.57421875,3,1
93,2,0.765625,0.23046875,0.83203125,0.61328125,1,1
93,2,0.765625,0.23046875,0.83203125,0.61328125,3,1
93,2,0.83984375,0.22265625,0.88671875,0.52734375,1,1
93,2,0.65234375,0.06640625,0.77734375,0.1875,1,1
93,3,0.66015625,0.05859375,0.76953125,0.171875,1,1
93,3,0.81640625,0.21484375,0.88671875,0.5859375,1,1
93,3,0.81640625,0.21484375,0.88671875,0.5859375,3,1
93,3,0.75,0.21484375,0.81640625,0.6171875,1,1
93,3,0.75,0.21484375,0.81640625,0.6171875,3,1
93,3,0.69140625,0.21484375,0.7734375,0.58203125,1,1
93,3,0.69140625,0.21484375,0.7734375,0.58203125,3,1
93,3,0.59765625,0.19140625,0.67578125,0.640625,1,1
93,3,0.59765625,0.19140625,0.67578125,0.640625,3,1
93,3,0.5234375,0.16015625,0.6015625,0.6875,1,1
93,3,0.5234375,0.16015625,0.6015625,0.6875,3,1
93,3,0.3203125,0.046875,0.4296875,0.1796875,1,1
93,3,0.12890625,0.1875,0.2265625,0.3515625,2,1
93,3,0.12890625,0.1875,0.2265625,0.3515625,5,1
93,4,0.3515625,0.04296875,0.45703125,0.1875,1,1
93,4,0.10546875,0.1796875,0.23046875,0.36328125,2,1
93,4,0.10546875,0.1796875,0.23046875,0.36328125,5,1
93,4,0.5234375,0.1796875,0.6015625,0.61328125,1,1
93,4,0.5234375,0.1796875,0.6015625,0.61328125,3,1
93,4,0.609375,0.203125,0.69140625,0.6015625,1,1
93,4,0.609375,0.203125,0.69140625,0.6015625,3,1
93,4,0.6953125,0.21875,0.78515625,0.51953125,1,1
93,4,0.76171875,0.2421875,0.828125,0.59765625,1,1
93,4,0.76171875,0.2421875,0.828125,0.59765625,3,1
93,4,0.81640625,0.2265625,0.8984375,0.61328125,1,1
93,4,0.81640625,0.2265625,0.8984375,0.61328125,3,1
93,4,0.59375,0.11328125,0.71484375,0.21875,1,1
93,4,0.71875,0.07421875,0.8046875,0.234375,1,1
93,5,0.3671875,0.046875,0.46875,0.16796875,1,1
93,5,0.1171875,0.19140625,0.2265625,0.34765625,2,1
93,5,0.125,0.2578125,0.29296875,0.58984375,1,1
93,5,0.5234375,0.18359375,0.6015625,0.640625,1,1
93,5,0.5234375,0.18359375,0.6015625,0.640625,3,1
93,5,0.6015625,0.2109375,0.6796875,0.6328125,1,1
93,5,0.6015625,0.2109375,0.6796875,0.6328125,3,1
93,5,0.6875,0.21875,0.7578125,0.484375,1,1
93,5,0.74609375,0.234375,0.828125,0.61328125,1,1
93,5,0.74609375,0.234375,0.828125,0.61328125,3,1
93,5,0.81640625,0.20703125,0.890625,0.578125,1,1
93,5,0.81640625,0.20703125,0.890625,0.578125,3,1
93,5,0.64453125,0.09375,0.7734375,0.17578125,1,1
95,2,0.41796875,0.203125,0.625,0.4765625,1,1
95,2,0.10546875,0.26953125,0.22265625,0.53125,1,1
95,2,0.6796875,0.203125,0.76953125,0.63671875,1,1
95,2,0.6796875,0.203125,0.76953125,0.63671875,3,1
95,2,0.76953125,0.23046875,0.83203125,0.61328125,1,1
95,2,0.76953125,0.23046875,0.83203125,0.61328125,3,1
95,2,0.84765625,0.20703125,0.9140625,0.46484375,1,1
95,3,0.41796875,0.17578125,0.6171875,0.48046875,1,1
95,3,0.1171875,0.27734375,0.22265625,0.55078125,1,1
95,3,0.6796875,0.19140625,0.77734375,0.61328125,1,1
95,3,0.6796875,0.19140625,0.77734375,0.61328125,3,1
95,3,0.7734375,0.2265625,0.83984375,0.58984375,1,1
95,3,0.7734375,0.2265625,0.83984375,0.58984375,3,1
95,3,0.84765625,0.21484375,0.9140625,0.484375,1,1
95,4,0.84375,0.2109375,0.91796875,0.4765625,1,1
95,4,0.76171875,0.21875,0.8359375,0.6171875,1,1
95,4,0.76171875,0.21875,0.8359375,0.6171875,3,1
95,4,0.68359375,0.1953125,0.7734375,0.66796875,1,1
95,4,0.68359375,0.1953125,0.7734375,0.66796875,3,1
95,4,0.421875,0.16015625,0.625,0.4609375,1,1
95,4,0.10546875,0.26953125,0.2421875,0.546875,1,1
97,2,0.2265625,0.23828125,0.3203125,0.6171875,1,1
97,2,0.2265625,0.23828125,0.3203125,0.6171875,3,1
97,2,0.15625,0.23828125,0.2421875,0.671875,1,1
97,2,0.15625,0.23828125,0.2421875,0.671875,3,1
97,2,0.015625,0.27734375,0.1484375,0.59765625,1,1
97,2,0.3359375,0.2265625,0.49609375,0.578125,1,1
97,2,0.3359375,0.2265625,0.49609375,0.578125,3,1
97,2,0.46484375,0.0546875,0.5,0.17578125,1,1
97,2,0.5859375,0.21484375,0.78125,0.546875,1,1
97,2,0.7890625,0.2109375,0.94140625,0.50390625,1,1
97,2,0.51953125,0.140625,0.6953125,0.2734375,1,1
97,2,0.6875,0.06640625,0.8046875,0.2265625,1,1
93,4,0.0859375,0.26171875,0.296875,0.54296875,1,1
93,3,0.08984375,0.2890625,0.3125,0.58984375,1,1
93,6,0.08984375,0.29296875,0.296875,0.60546875,1,1
93,6,0.12890625,0.1875,0.25,0.34765625,2,1
93,6,0.36328125,0.02734375,0.484375,0.19140625,1,1
93,6,0.51953125,0.16796875,0.6015625,0.68359375,1,1
93,6,0.51953125,0.16796875,0.6015625,0.68359375,3,1
93,6,0.60546875,0.203125,0.68359375,0.6171875,1,1
93,6,0.60546875,0.203125,0.68359375,0.6171875,3,1
93,6,0.7421875,0.23046875,0.83203125,0.62890625,1,1
93,6,0.7421875,0.23046875,0.83203125,0.62890625,3,1
93,6,0.81640625,0.234375,0.87890625,0.59375,1,1
93,6,0.81640625,0.234375,0.87890625,0.59375,3,1
93,6,0.64453125,0.06640625,0.7734375,0.17578125,1,1
93,6,0.63671875,0.140625,0.875,0.26953125,1,1
93,7,0.1015625,0.265625,0.3046875,0.578125,1,1
93,7,0.10546875,0.17578125,0.2265625,0.35546875,2,1
93,7,0.10546875,0.17578125,0.2265625,0.35546875,5,1
93,7,0.60546875,0.1953125,0.67578125,0.58203125,1,1
93,7,0.67578125,0.20703125,0.74609375,0.56640625,1,1
93,7,0.7421875,0.22265625,0.8359375,0.609375,1,1
93,7,0.7421875,0.22265625,0.8359375,0.609375,3,1
93,7,0.80078125,0.20703125,0.91796875,0.5859375,1,1
93,7,0.80078125,0.20703125,0.91796875,0.5859375,3,1
93,7,0.65625,0.06640625,0.76953125,0.17578125,1,1
94,2,0.26953125,0.2109375,0.43359375,0.57421875,1,1
94,2,0.12109375,0.2109375,0.23046875,0.3515625,2,1
94,2,0.12109375,0.2109375,0.23046875,0.3515625,5,1
94,2,0.5234375,0.19140625,0.62890625,0.640625,1,1
94,2,0.5234375,0.19140625,0.62890625,0.640625,3,1
94,2,0.63671875,0.1953125,0.73046875,0.625,1,1
94,2,0.63671875,0.1953125,0.73046875,0.625,3,1
94,2,0.703125,0.17578125,0.83203125,0.51953125,1,1
94,2,0.77734375,0.21875,0.90625,0.62890625,1,1
94,2,0.77734375,0.21875,0.90625,0.62890625,3,1
94,2,0.52734375,0.11328125,0.68359375,0.22265625,1,1
94,3,0.25390625,0.20703125,0.4296875,0.57421875,1,1
94,3,0.109375,0.1796875,0.2265625,0.3828125,2,1
94,3,0.109375,0.1796875,0.2265625,0.3828125,5,1
94,3,0.52734375,0.19140625,0.61328125,0.62890625,1,1
94,3,0.52734375,0.19140625,0.61328125,0.62890625,3,1
94,3,0.63671875,0.1875,0.71875,0.62109375,1,1
94,3,0.63671875,0.1875,0.71875,0.62109375,3,1
94,3,0.6953125,0.16796875,0.82421875,0.5234375,1,1
94,3,0.6953125,0.16796875,0.82421875,0.5234375,3,1
94,3,0.765625,0.2109375,0.91015625,0.59765625,1,1
94,3,0.765625,0.2109375,0.91015625,0.59765625,3,1
94,3,0.52734375,0.10546875,0.68359375,0.234375,1,1
94,4,0.27734375,0.23046875,0.41796875,0.62109375,1,1
94,4,0.27734375,0.23046875,0.41796875,0.62109375,3,1
94,4,0.10546875,0.203125,0.24609375,0.37109375,2,1
94,4,0.10546875,0.203125,0.24609375,0.37109375,5,1
94,4,0.53515625,0.19140625,0.62109375,0.671875,1,1
94,4,0.53515625,0.19140625,0.62109375,0.671875,3,1
94,4,0.63671875,0.18359375,0.71875,0.62109375,1,1
94,4,0.63671875,0.18359375,0.71875,0.62109375,3,1
94,4,0.6953125,0.16796875,0.81640625,0.55078125,1,1
94,4,0.6953125,0.16796875,0.81640625,0.55078125,3,1
94,4,0.76953125,0.2109375,0.91015625,0.60546875,1,1
94,4,0.76953125,0.2109375,0.91015625,0.60546875,3,1
94,4,0.5234375,0.109375,0.6875,0.22265625,1,1
94,5,0.2734375,0.2109375,0.3984375,0.62890625,1,1
94,5,0.2734375,0.2109375,0.3984375,0.62890625,3,1
94,5,0.1171875,0.1875,0.23046875,0.375,2,1
94,5,0.1171875,0.1875,0.23046875,0.375,5,1
94,5,0.53125,0.1796875,0.61328125,0.65234375,1,1
94,5,0.53125,0.1796875,0.61328125,0.65234375,3,1
94,5,0.515625,0.10546875,0.6875,0.26953125,1,1
94,5,0.6328125,0.18359375,0.71484375,0.640625,1,1
94,5,0.6328125,0.18359375,0.71484375,0.640625,3,1
94,5,0.69921875,0.16796875,0.80859375,0.5546875,1,1
94,5,0.69921875,0.16796875,0.80859375,0.5546875,3,1
94,5,0.765625,0.21875,0.91796875,0.59765625,1,1
94,5,0.765625,0.21875,0.91796875,0.59765625,3,1
94,6,0.265625,0.2109375,0.3984375,0.640625,1,1
94,6,0.265625,0.2109375,0.3984375,0.640625,3,1
94,6,0.09375,0.20703125,0.2265625,0.359375,2,1
94,6,0.09375,0.20703125,0.2265625,0.359375,5,1
94,6,0.53125,0.1875,0.62109375,0.6640625,1,1
94,6,0.53125,0.1875,0.62109375,0.6640625,3,1
94,6,0.6328125,0.19921875,0.71484375,0.625,1,1
94,6,0.6328125,0.19921875,0.71484375,0.625,3,1
94,6,0.6953125,0.171875,0.8203125,0.56640625,1,1
94,6,0.6953125,0.171875,0.8203125,0.56640625,3,1
94,6,0.765625,0.22265625,0.9140625,0.61328125,1,1
94,6,0.765625,0.22265625,0.9140625,0.61328125,3,1
94,6,0.52734375,0.109375,0.6953125,0.25,1,1
94,7,0.27734375,0.23046875,0.41015625,0.6171875,1,1
94,7,0.27734375,0.23046875,0.41015625,0.6171875,3,1
94,7,0.109375,0.18359375,0.24609375,0.3671875,2,1
94,7,0.109375,0.18359375,0.24609375,0.3671875,5,1
94,7,0.53125,0.18359375,0.625,0.671875,1,1
94,7,0.53125,0.18359375,0.625,0.671875,3,1
94,7,0.625,0.171875,0.71484375,0.64453125,1,1
94,7,0.625,0.171875,0.71484375,0.64453125,3,1
94,7,0.69140625,0.1640625,0.81640625,0.5546875,1,1
94,7,0.69140625,0.1640625,0.81640625,0.5546875,3,1
94,7,0.765625,0.22265625,0.92578125,0.6171875,1,1
94,7,0.765625,0.22265625,0.92578125,0.6171875,3,1
94,7,0.51953125,0.1171875,0.6796875,0.2578125,1,1
95,5,0.12109375,0.26953125,0.24609375,0.61328125,1,1
95,5,0.12109375,0.26953125,0.24609375,0.61328125,3,1
95,5,0.4296875,0.19140625,0.625,0.453125,1,1
95,5,0.671875,0.1875,0.76953125,0.63671875,1,1
95,5,0.671875,0.1875,0.76953125,0.63671875,3,1
95,5,0.7578125,0.2265625,0.828125,0.60546875,1,1
95,5,0.7578125,0.2265625,0.828125,0.60546875,3,1
95,5,0.83984375,0.21875,0.9140625,0.5234375,1,1
95,6,0.12109375,0.25390625,0.2421875,0.64453125,1,1
95,6,0.12109375,0.25390625,0.2421875,0.64453125,3,1
95,6,0.421875,0.1640625,0.62890625,0.51953125,1,1
95,6,0.67578125,0.18359375,0.76953125,0.65234375,1,1
95,6,0.67578125,0.18359375,0.76953125,0.65234375,3,1
95,6,0.765625,0.2109375,0.83984375,0.59765625,1,1
95,6,0.765625,0.2109375,0.83984375,0.59765625,3,1
95,6,0.8515625,0.20703125,0.9296875,0.5,1,1
95,7,0.8515625,0.2265625,0.9296875,0.484375,1,1
95,7,0.765625,0.2265625,0.84765625,0.53515625,1,1
95,7,0.68359375,0.21875,0.7890625,0.63671875,1,1
95,7,0.68359375,0.21875,0.7890625,0.63671875,3,1
95,7,0.4140625,0.140625,0.6328125,0.5234375,1,1
95,7,0.125,0.24609375,0.2421875,0.640625,1,1
95,7,0.125,0.24609375,0.2421875,0.640625,3,1
97,3,0.01953125,0.265625,0.15625,0.609375,1,1
97,3,0.1484375,0.2109375,0.22265625,0.6484375,1,1
97,3,0.1484375,0.2109375,0.22265625,0.6484375,3,1
97,3,0.21484375,0.21875,0.31640625,0.64453125,1,1
97,3,0.21484375,0.21875,0.31640625,0.64453125,3,1
97,3,0.3671875,0.18359375,0.48046875,0.63671875,1,1
97,3,0.5625,0.1875,0.77734375,0.59765625,1,1
97,3,0.5625,0.1875,0.77734375,0.59765625,3,1
97,3,0.796875,0.24609375,0.9296875,0.515625,1,1
97,3,0.609375,0.05078125,0.703125,0.1484375,1,1
97,3,0.71484375,0.07421875,0.80859375,0.234375,1,1
97,4,0.21875,0.234375,0.3125,0.6484375,1,1
97,4,0.21875,0.234375,0.3125,0.6484375,3,1
97,4,0.140625,0.2421875,0.2265625,0.69140625,1,1
97,4,0.140625,0.2421875,0.2265625,0.69140625,3,1
97,4,0.0234375,0.2421875,0.14453125,0.6484375,1,1
97,4,0.0234375,0.2421875,0.14453125,0.6484375,3,1
97,4,0.3515625,0.2109375,0.46875,0.5390625,1,1
97,4,0.578125,0.203125,0.78125,0.54296875,1,1
97,4,0.51953125,0.12890625,0.703125,0.27734375,1,1
97,4,0.46484375,0.0390625,0.50390625,0.16796875,1,1
97,4,0.76953125,0.23828125,0.93359375,0.5078125,1,1
97,4,0.73828125,0.12890625,0.89453125,0.2890625,1,1
97,4,0.6171875,0.05078125,0.6953125,0.1328125,1,1
97,5,0.22265625,0.21875,0.30859375,0.640625,1,1
97,5,0.22265625,0.21875,0.30859375,0.640625,3,1
97,5,0.16015625,0.2265625,0.2265625,0.6640625,1,1
97,5,0.16015625,0.2265625,0.2265625,0.6640625,3,1
97,5,0.02734375,0.25,0.15234375,0.64453125,1,1
97,5,0.02734375,0.25,0.15234375,0.64453125,3,1
97,5,0.359375,0.19140625,0.48828125,0.55859375,1,1
97,5,0.58203125,0.20703125,0.77734375,0.546875,1,1
97,5,0.58203125,0.20703125,0.77734375,0.546875,3,1
97,5,0.51953125,0.125,0.69921875,0.28125,1,1
97,5,0.78515625,0.25,0.953125,0.57421875,1,1
97,5,0.76953125,0.15625,0.90234375,0.2734375,1,1
97,5,0.69921875,0.08203125,0.80078125,0.19921875,1,1
97,5,0.6171875,0.0546875,0.69921875,0.125,1,1
97,6,0.21875,0.21875,0.3125,0.66796875,1,1
97,6,0.21875,0.21875,0.3125,0.66796875,3,1
97,6,0.15625,0.22265625,0.23828125,0.67578125,1,1
97,6,0.15625,0.22265625,0.23828125,0.67578125,3,1
97,6,0.01953125,0.265625,0.140625,0.6640625,1,1
97,6,0.01953125,0.265625,0.140625,0.6640625,3,1
97,6,0.3671875,0.20703125,0.484375,0.53515625,1,1
97,6,0.58203125,0.21484375,0.78125,0.50390625,1,1
97,6,0.5234375,0.1328125,0.70703125,0.30078125,1,1
97,6,0.79296875,0.2578125,0.953125,0.51953125,1,1
97,6,0.75,0.1640625,0.8515625,0.296875,1,1
97,6,0.640625,0.0390625,0.78125,0.1953125,1,1
97,7,0.34765625,0.21875,0.4921875,0.55859375,1,1
97,7,0.21875,0.203125,0.30859375,0.609375,1,1
97,7,0.21875,0.203125,0.30859375,0.609375,3,1
97,7,0.14453125,0.23828125,0.23046875,0.6484375,1,1
97,7,0.14453125,0.23828125,0.23046875,0.6484375,3,1
97,7,0.03125,0.23046875,0.1484375,0.6484375,1,1
97,7,0.03125,0.23046875,0.1484375,0.6484375,3,1
97,7,0.578125,0.20703125,0.7890625,0.515625,1,1
97,7,0.51171875,0.1328125,0.6796875,0.2734375,1,1
97,7,0.7890625,0.26171875,0.94140625,0.5546875,1,1
97,7,0.78125,0.1796875,0.93359375,0.328125,1,1
97,7,0.69921875,0.09765625,0.8359375,0.26171875,1,1
97,7,0.6328125,0.05078125,0.73828125,0.1484375,1,1
98,2,0.40234375,0.04296875,0.48046875,0.18359375,1,1
98,2,0.25390625,0.15625,0.35546875,0.32421875,2,1
98,2,0.25390625,0.15625,0.35546875,0.32421875,5,1
98,2,0.07421875,0.21484375,0.16796875,0.3515625,2,1
98,2,0.07421875,0.21484375,0.16796875,0.3515625,5,1
98,2,0.16796875,0.15625,0.2265625,0.27734375,2,1
98,2,0.1015625,0.1328125,0.1640625,0.23046875,1,1
98,3,0.2421875,0.15625,0.35546875,0.31640625,2,1
98,3,0.2421875,0.15625,0.35546875,0.31640625,5,1
98,3,0.40234375,0.0390625,0.484375,0.1953125,1,1
98,3,0.07421875,0.21484375,0.16796875,0.36328125,2,1
98,3,0.07421875,0.21484375,0.16796875,0.36328125,5,1
98,3,0.15234375,0.15234375,0.21875,0.28125,2,1
98,3,0.15234375,0.15234375,0.21875,0.28125,5,1
98,3,0.015625,0.234375,0.0625,0.3671875,2,1
98,3,0.015625,0.234375,0.0625,0.3671875,5,1
98,4,0.40625,0.04296875,0.484375,0.19921875,1,1
98,4,0.25,0.1796875,0.35546875,0.3125,2,1
98,4,0.25,0.1796875,0.35546875,0.3125,5,1
98,4,0.296875,0.09765625,0.38671875,0.1953125,2,1
98,5,0.40234375,0.046875,0.4765625,0.19140625,1,1
98,5,0.26171875,0.17578125,0.3515625,0.29296875,2,1
98,5,0.26171875,0.17578125,0.3515625,0.29296875,5,1
99,2,0.15625,0.4296875,0.30859375,0.734375,1,1
99,2,0.15625,0.4296875,0.30859375,0.734375,3,1
98,7,0.08984375,0.21484375,0.16796875,0.35546875,2,1
98,7,0.08984375,0.21484375,0.16796875,0.35546875,5,1
99,2,0.6640625,0.1484375,0.765625,0.265625,1,1
99,2,0.5390625,0.23828125,0.59765625,0.4140625,2,1
99,2,0.5390625,0.23828125,0.59765625,0.4140625,5,1
99,2,0.375,0.25390625,0.48046875,0.43359375,2,1
99,2,0.28125,0.28125,0.36328125,0.43359375,2,1
99,2,0.1953125,0.25,0.28125,0.44921875,1,1
99,2,0.06640625,0.28515625,0.1875,0.49609375,1,1
99,2,0.06640625,0.28515625,0.1875,0.49609375,4,1
99,2,0.59765625,0.2265625,0.66015625,0.41015625,2,1
99,2,0.59765625,0.2265625,0.66015625,0.41015625,5,1
99,2,0.68359375,0.23828125,0.78515625,0.3984375,2,1
99,2,0.68359375,0.23828125,0.78515625,0.3984375,5,1
99,2,0.8671875,0.26171875,0.93359375,0.38671875,2,1
99,2,0.8671875,0.26171875,0.93359375,0.38671875,5,1
99,2,0.9296875,0.265625,0.9921875,0.3984375,2,1
99,2,0.9296875,0.265625,0.9921875,0.3984375,5,1
99,2,0.80078125,0.2109375,0.85546875,0.3125,2,1
99,2,0.421875,0.171875,0.46484375,0.24609375,1,1
99,3,0.37890625,0.28125,0.48046875,0.4296875,2,1
99,3,0.37890625,0.28125,0.48046875,0.4296875,5,1
99,3,0.4140625,0.1796875,0.47265625,0.2734375,1,1
99,3,0.53515625,0.23828125,0.59765625,0.40234375,2,1
99,3,0.53515625,0.23828125,0.59765625,0.40234375,5,1
99,3,0.59375,0.2265625,0.67578125,0.39453125,2,1
99,3,0.59375,0.2265625,0.67578125,0.39453125,5,1
99,3,0.6796875,0.24609375,0.80078125,0.375,2,1
99,3,0.6796875,0.24609375,0.80078125,0.375,5,1
99,3,0.640625,0.140625,0.765625,0.2578125,1,1
99,3,0.8671875,0.26171875,0.9375,0.390625,2,1
99,3,0.8671875,0.26171875,0.9375,0.390625,5,1
99,3,0.9296875,0.26953125,0.98828125,0.38671875,2,1
99,3,0.9296875,0.26953125,0.98828125,0.38671875,5,1
99,3,0.28515625,0.30078125,0.36328125,0.4375,2,1
99,3,0.28515625,0.30078125,0.36328125,0.4375,5,1
99,3,0.1328125,0.421875,0.33203125,0.78125,1,1
99,3,0.1328125,0.421875,0.33203125,0.78125,3,1
99,3,0.04296875,0.27734375,0.17578125,0.4609375,1,1
99,3,0.04296875,0.27734375,0.17578125,0.4609375,4,1
99,3,0.1875,0.24609375,0.27734375,0.43359375,1,1
99,3,0.29296875,0.203125,0.38671875,0.28515625,1,1
99,4,0.15234375,0.41796875,0.32421875,0.78125,1,1
99,4,0.15234375,0.41796875,0.32421875,0.78125,3,1
99,4,0.390625,0.25390625,0.484375,0.42578125,2,1
99,4,0.390625,0.25390625,0.484375,0.42578125,5,1
99,4,0.27734375,0.29296875,0.36328125,0.4375,2,1
99,4,0.27734375,0.29296875,0.36328125,0.4375,5,1
99,4,0.203125,0.27734375,0.27734375,0.44140625,1,1
99,4,0.05859375,0.30859375,0.1796875,0.50390625,1,1
99,4,0.05859375,0.30859375,0.1796875,0.50390625,4,1
99,4,0.5390625,0.2421875,0.60546875,0.41796875,2,1
99,4,0.5390625,0.2421875,0.60546875,0.41796875,5,1
99,4,0.58984375,0.22265625,0.69140625,0.38671875,2,1
99,4,0.58984375,0.22265625,0.69140625,0.38671875,5,1
99,4,0.69140625,0.25,0.8125,0.3984375,2,1
99,4,0.69140625,0.25,0.8125,0.3984375,5,1
99,4,0.65625,0.14453125,0.78125,0.234375,1,1
99,4,0.85546875,0.25390625,0.93359375,0.38671875,2,1
99,4,0.85546875,0.25390625,0.93359375,0.38671875,5,1
99,4,0.93359375,0.25,0.984375,0.3984375,2,1
99,4,0.93359375,0.25,0.984375,0.3984375,5,1
99,4,0.28515625,0.1953125,0.3828125,0.27734375,1,1
99,4,0.42578125,0.18359375,0.4765625,0.25,1,1
99,5,0.28125,0.203125,0.390625,0.29296875,1,1
99,5,0.4296875,0.171875,0.48046875,0.2734375,1,1
99,5,0.38671875,0.26171875,0.51171875,0.4453125,2,1
99,5,0.38671875,0.26171875,0.51171875,0.4453125,5,1
99,5,0.2734375,0.28515625,0.375,0.44921875,2,1
99,5,0.2734375,0.28515625,0.375,0.44921875,5,1
99,5,0.53125,0.23828125,0.6015625,0.3984375,2,1
99,5,0.53125,0.23828125,0.6015625,0.3984375,5,1
99,5,0.59375,0.234375,0.6875,0.40234375,2,1
99,5,0.59375,0.234375,0.6875,0.40234375,5,1
99,5,0.6953125,0.2421875,0.79296875,0.39453125,2,1
99,5,0.6953125,0.2421875,0.79296875,0.39453125,5,1
99,5,0.65625,0.16015625,0.7734375,0.2734375,1,1
99,5,0.8671875,0.25390625,0.9375,0.40234375,2,1
99,5,0.8671875,0.25390625,0.9375,0.40234375,5,1
99,5,0.91796875,0.265625,0.984375,0.390625,2,1
99,5,0.91796875,0.265625,0.984375,0.390625,5,1
99,5,0.15234375,0.40625,0.33203125,0.74609375,1,1
99,5,0.15234375,0.40625,0.33203125,0.74609375,3,1
99,5,0.1953125,0.26171875,0.2734375,0.44921875,1,1
99,5,0.05078125,0.3046875,0.1796875,0.51171875,1,1
99,5,0.05078125,0.3046875,0.1796875,0.51171875,4,1
99,6,0.15234375,0.42578125,0.31640625,0.78515625,1,1
99,6,0.15234375,0.42578125,0.31640625,0.78515625,3,1
99,6,0.0546875,0.3046875,0.171875,0.5,1,1
99,6,0.0546875,0.3046875,0.171875,0.5,4,1
99,6,0.20703125,0.2734375,0.27734375,0.453125,1,1
99,6,0.2890625,0.2890625,0.36328125,0.44921875,2,1
99,6,0.2890625,0.2890625,0.36328125,0.44921875,5,1
99,6,0.390625,0.26171875,0.484375,0.4375,2,1
99,6,0.390625,0.26171875,0.484375,0.4375,5,1
99,6,0.5390625,0.24609375,0.59765625,0.40625,2,1
99,6,0.5390625,0.24609375,0.59765625,0.40625,5,1
99,6,0.59765625,0.234375,0.6875,0.41796875,2,1
99,6,0.59765625,0.234375,0.6875,0.41796875,5,1
99,6,0.6953125,0.2421875,0.8046875,0.390625,2,1
99,6,0.6953125,0.2421875,0.8046875,0.390625,5,1
99,6,0.65625,0.1484375,0.76953125,0.25,1,1
99,6,0.86328125,0.25390625,0.94140625,0.38671875,2,1
99,6,0.86328125,0.25390625,0.94140625,0.38671875,5,1
99,6,0.93359375,0.26953125,0.98828125,0.390625,2,1
99,6,0.28515625,0.19921875,0.390625,0.28515625,1,1
99,6,0.4296875,0.19140625,0.46875,0.25390625,1,1
99,7,0.40625,0.16796875,0.46484375,0.2734375,1,1
99,7,0.28515625,0.203125,0.39453125,0.28515625,1,1
99,7,0.1875,0.24609375,0.2734375,0.44921875,1,1
99,7,0.15234375,0.39453125,0.32421875,0.80078125,1,1
99,7,0.15234375,0.39453125,0.32421875,0.80078125,3,1
99,7,0.046875,0.3046875,0.19140625,0.5,1,1
99,7,0.046875,0.3046875,0.19140625,0.5,4,1
99,7,0.28515625,0.28515625,0.36328125,0.4296875,2,1
99,7,0.28515625,0.28515625,0.36328125,0.4296875,5,1
99,7,0.38671875,0.26953125,0.48046875,0.4375,2,1
99,7,0.38671875,0.26953125,0.48046875,0.4375,5,1
99,7,0.53515625,0.2421875,0.60546875,0.39453125,2,1
99,7,0.53515625,0.2421875,0.60546875,0.39453125,5,1
99,7,0.59765625,0.234375,0.69140625,0.40625,2,1
99,7,0.59765625,0.234375,0.69140625,0.40625,5,1
99,7,0.69140625,0.2421875,0.7890625,0.40234375,2,1
99,7,0.69140625,0.2421875,0.7890625,0.40234375,5,1
99,7,0.65625,0.14453125,0.77734375,0.29296875,1,1
99,7,0.86328125,0.26171875,0.9375,0.3984375,2,1
99,7,0.86328125,0.26171875,0.9375,0.3984375,5,1
99,7,0.9375,0.26953125,0.98046875,0.3984375,5,1
99,7,0.9375,0.26953125,0.98046875,0.3984375,2,1
106,4,0.375,0.2109375,0.46484375,0.46484375,1,1
106,4,0.53515625,0.2265625,0.62109375,0.41796875,2,1
106,4,0.53515625,0.2265625,0.62109375,0.41796875,5,1
106,4,0.625,0.203125,0.69140625,0.3203125,2,1
106,4,0.625,0.203125,0.69140625,0.3203125,5,1
106,4,0.69140625,0.25,0.78515625,0.40234375,2,1
106,4,0.69140625,0.25,0.78515625,0.40234375,5,1
106,4,0.703125,0.14453125,0.77734375,0.28125,1,1
106,4,0.80078125,0.25,0.875,0.39453125,2,1
106,4,0.80078125,0.25,0.875,0.39453125,5,1
106,4,0.8828125,0.27734375,0.9375,0.39453125,2,1
106,4,0.8828125,0.27734375,0.9375,0.39453125,5,1
106,4,0.94140625,0.28125,0.984375,0.39453125,2,1
106,5,0.9296875,0.26953125,0.98828125,0.40234375,2,1
106,5,0.9296875,0.26953125,0.98828125,0.40234375,5,1
106,5,0.87109375,0.2734375,0.921875,0.390625,2,1
106,5,0.87109375,0.2734375,0.921875,0.390625,5,1
106,5,0.8046875,0.23828125,0.86328125,0.40234375,2,1
106,5,0.8046875,0.23828125,0.86328125,0.40234375,5,1
106,5,0.69921875,0.234375,0.78125,0.40234375,2,1
106,5,0.69921875,0.234375,0.78125,0.40234375,5,1
106,5,0.62109375,0.1953125,0.68359375,0.3203125,2,1
106,5,0.62109375,0.1953125,0.68359375,0.3203125,5,1
106,5,0.53515625,0.2265625,0.63671875,0.421875,2,1
106,5,0.53515625,0.2265625,0.63671875,0.421875,5,1
106,5,0.3671875,0.2109375,0.46484375,0.46484375,1,1
106,5,0.703125,0.14453125,0.78515625,0.29296875,1,1
106,6,0.375,0.2265625,0.4609375,0.45703125,1,1
106,6,0.53515625,0.234375,0.61328125,0.40234375,2,1
106,6,0.53515625,0.234375,0.61328125,0.40234375,5,1
106,6,0.625,0.21875,0.6875,0.31640625,2,1
106,6,0.625,0.21875,0.6875,0.31640625,5,1
106,6,0.6953125,0.234375,0.79296875,0.40625,2,1
106,6,0.6953125,0.234375,0.79296875,0.40625,5,1
106,6,0.703125,0.12890625,0.78125,0.29296875,1,1
106,6,0.8046875,0.23828125,0.87109375,0.39453125,2,1
106,6,0.8046875,0.23828125,0.87109375,0.39453125,5,1
106,6,0.875,0.26171875,0.9296875,0.38671875,2,1
106,6,0.875,0.26171875,0.9296875,0.38671875,5,1
106,6,0.9375,0.25,0.9765625,0.38671875,2,1
106,6,0.9375,0.25,0.9765625,0.38671875,5,1
107,4,0.578125,0.2265625,0.671875,0.4140625,2,1
107,4,0.578125,0.2265625,0.671875,0.4140625,5,1
107,4,0.3203125,0.19140625,0.41796875,0.31640625,1,1
107,4,0.703125,0.2265625,0.84765625,0.421875,1,1
107,4,0.87109375,0.2734375,0.94140625,0.390625,2,1
107,4,0.87109375,0.2734375,0.94140625,0.390625,5,1
107,5,0.703125,0.2109375,0.83984375,0.42578125,1,1
107,5,0.57421875,0.234375,0.66796875,0.41796875,2,1
107,5,0.57421875,0.234375,0.66796875,0.41796875,5,1
107,5,0.328125,0.16796875,0.4140625,0.3203125,1,1
107,5,0.87109375,0.28125,0.94921875,0.39453125,2,1
107,5,0.87109375,0.28125,0.94921875,0.39453125,5,1
107,6,0.8671875,0.26953125,0.9375,0.3984375,2,1
107,6,0.8671875,0.26953125,0.9375,0.3984375,5,1
107,6,0.69921875,0.2265625,0.84765625,0.4140625,1,1
107,6,0.55859375,0.23046875,0.66796875,0.40625,2,1
107,6,0.55859375,0.23046875,0.66796875,0.40625,5,1
107,6,0.30078125,0.18359375,0.41796875,0.34375,1,1
107,7,0.30078125,0.1796875,0.40625,0.26171875,1,1
107,7,0.56640625,0.24609375,0.66015625,0.41015625,2,1
107,7,0.56640625,0.24609375,0.66015625,0.41015625,5,1
107,7,0.69140625,0.21484375,0.83984375,0.43359375,1,1
107,7,0.87109375,0.28515625,0.94140625,0.39453125,2,1
107,7,0.87109375,0.28515625,0.94140625,0.39453125,5,1
108,2,0.87109375,0.25390625,0.9296875,0.39453125,2,1
108,2,0.87109375,0.25390625,0.9296875,0.39453125,5,1
108,2,0.5703125,0.2109375,0.671875,0.4375,1,1
108,2,0.71875,0.21484375,0.78125,0.3125,2,1
108,2,0.71875,0.21484375,0.78125,0.3125,5,1
108,2,0.19921875,0.234375,0.30078125,0.3359375,1,1
108,3,0.203125,0.25,0.29296875,0.359375,1,1
108,3,0.71875,0.2109375,0.78515625,0.32421875,1,1
108,3,0.8671875,0.265625,0.9609375,0.39453125,2,1
108,3,0.8671875,0.265625,0.9609375,0.39453125,5,1
108,4,0.85546875,0.25,0.94140625,0.390625,2,1
108,4,0.85546875,0.25,0.94140625,0.390625,5,1
108,4,0.7109375,0.23828125,0.78125,0.31640625,2,1
108,4,0.7109375,0.23828125,0.78125,0.31640625,5,1
108,4,0.57421875,0.19921875,0.6796875,0.41796875,1,1
108,4,0.18359375,0.23046875,0.29296875,0.3125,1,1
108,5,0.1875,0.2265625,0.2734375,0.30078125,1,1
108,5,0.56640625,0.2109375,0.68359375,0.421875,1,1
108,5,0.72265625,0.21875,0.79296875,0.32421875,2,1
108,5,0.72265625,0.21875,0.79296875,0.32421875,5,1
108,5,0.84765625,0.234375,0.9453125,0.3984375,2,1
108,5,0.84765625,0.234375,0.9453125,0.3984375,5,1
108,6,0.859375,0.25,0.94921875,0.3984375,2,1
108,6,0.859375,0.25,0.94921875,0.3984375,5,1
108,6,0.71875,0.234375,0.78125,0.3203125,2,1
108,6,0.71875,0.234375,0.78125,0.3203125,5,1
108,6,0.57421875,0.2109375,0.67578125,0.4296875,1,1
108,6,0.1953125,0.2421875,0.29296875,0.32421875,1,1
108,7,0.19140625,0.23828125,0.3125,0.3203125,1,1
108,7,0.5703125,0.2109375,0.6875,0.43359375,1,1
108,7,0.72265625,0.21875,0.78515625,0.3203125,2,1
108,7,0.72265625,0.21875,0.78515625,0.3203125,5,1
108,7,0.8671875,0.25390625,0.95703125,0.390625,2,1
108,7,0.8671875,0.25390625,0.95703125,0.390625,5,1
100,2,0.06640625,0.38671875,0.15625,0.7578125,1,1
100,2,0.06640625,0.38671875,0.15625,0.7578125,3,1
100,2,0.1875,0.35546875,0.35546875,0.7578125,1,1
100,2,0.1875,0.35546875,0.35546875,0.7578125,3,1
100,2,0.375,0.25,0.453125,0.4609375,1,1
100,2,0.4609375,0.23828125,0.51171875,0.4296875,2,1
100,2,0.4609375,0.23828125,0.51171875,0.4296875,5,1
100,2,0.54296875,0.25390625,0.62109375,0.41796875,2,1
100,2,0.54296875,0.25390625,0.62109375,0.41796875,5,1
100,2,0.68359375,0.24609375,0.78125,0.40234375,2,1
100,2,0.68359375,0.24609375,0.78125,0.40234375,5,1
100,2,0.62890625,0.22265625,0.68359375,0.32421875,2,1
100,2,0.62890625,0.22265625,0.68359375,0.32421875,5,1
100,2,0.78515625,0.22265625,0.8515625,0.3046875,2,1
100,2,0.78515625,0.22265625,0.8515625,0.3046875,5,1
100,2,0.91015625,0.25390625,0.9921875,0.3828125,2,1
100,2,0.91015625,0.25390625,0.9921875,0.3828125,5,1
100,2,0.18359375,0.3203125,0.2578125,0.4375,2,1
100,2,0.18359375,0.3203125,0.2578125,0.4375,5,1
100,2,0.0703125,0.296875,0.17578125,0.44140625,1,1
100,2,0.0703125,0.296875,0.17578125,0.44140625,4,1
100,3,0.18359375,0.35546875,0.3671875,0.74609375,1,1
100,3,0.18359375,0.35546875,0.3671875,0.74609375,3,1
100,3,0.078125,0.40625,0.15625,0.734375,1,1
100,3,0.078125,0.40625,0.15625,0.734375,3,1
100,3,0.06640625,0.31640625,0.1796875,0.4609375,1,1
100,3,0.06640625,0.31640625,0.1796875,0.4609375,4,1
100,3,0.19140625,0.3046875,0.25390625,0.4453125,2,1
100,3,0.19140625,0.3046875,0.25390625,0.4453125,5,1
100,3,0.37890625,0.25,0.44921875,0.46484375,1,1
100,3,0.46484375,0.23828125,0.5234375,0.4375,2,1
100,3,0.46484375,0.23828125,0.5234375,0.4375,5,1
100,3,0.54296875,0.2578125,0.6171875,0.41796875,2,1
100,3,0.54296875,0.2578125,0.6171875,0.41796875,5,1
100,3,0.6171875,0.22265625,0.6796875,0.30859375,2,1
100,3,0.6171875,0.22265625,0.6796875,0.30859375,5,1
100,3,0.68359375,0.26171875,0.79296875,0.39453125,2,1
100,3,0.68359375,0.26171875,0.79296875,0.39453125,5,1
100,3,0.71875,0.203125,0.78125,0.296875,2,1
100,3,0.71875,0.203125,0.78125,0.296875,5,1
100,3,0.80078125,0.2265625,0.859375,0.30859375,2,1
100,3,0.80078125,0.2265625,0.859375,0.30859375,5,1
100,3,0.91015625,0.265625,0.98828125,0.390625,2,1
100,3,0.91015625,0.265625,0.98828125,0.390625,5,1
100,4,0.91015625,0.26953125,0.98828125,0.40625,2,1
100,4,0.91015625,0.26953125,0.98828125,0.40625,5,1
100,4,0.67578125,0.24609375,0.76953125,0.38671875,2,1
100,4,0.67578125,0.24609375,0.76953125,0.38671875,5,1
100,4,0.453125,0.23828125,0.51953125,0.41796875,2,1
100,4,0.453125,0.23828125,0.51953125,0.41796875,5,1
100,4,0.5390625,0.24609375,0.61328125,0.4140625,2,1
100,4,0.5390625,0.24609375,0.61328125,0.4140625,5,1
100,4,0.375,0.25390625,0.4453125,0.46875,1,1
100,4,0.1875,0.34765625,0.38671875,0.79296875,1,1
100,4,0.1875,0.34765625,0.38671875,0.79296875,3,1
100,4,0.0703125,0.3984375,0.15625,0.7578125,1,1
100,4,0.0703125,0.3984375,0.15625,0.7578125,3,1
100,4,0.05859375,0.3046875,0.18359375,0.44921875,1,1
100,4,0.05859375,0.3046875,0.18359375,0.44921875,4,1
100,4,0.53515625,0.16015625,0.578125,0.23046875,1,1
100,5,0.53515625,0.15234375,0.57421875,0.25,1,1
100,5,0.5390625,0.2578125,0.61328125,0.41015625,2,1
100,5,0.5390625,0.2578125,0.61328125,0.41015625,5,1
100,5,0.44921875,0.25,0.515625,0.41796875,2,1
100,5,0.44921875,0.25,0.515625,0.41796875,5,1
100,5,0.36328125,0.24609375,0.4453125,0.4609375,1,1
100,5,0.171875,0.3359375,0.3359375,0.765625,1,1
100,5,0.171875,0.3359375,0.3359375,0.765625,3,1
100,5,0.0703125,0.3828125,0.15234375,0.7421875,1,1
100,5,0.0703125,0.3828125,0.15234375,0.7421875,3,1
100,5,0.0625,0.3046875,0.16796875,0.421875,1,1
100,5,0.0625,0.3046875,0.16796875,0.421875,4,1
100,5,0.18359375,0.3046875,0.2578125,0.44921875,2,1
100,5,0.18359375,0.3046875,0.2578125,0.44921875,5,1
100,5,0.6796875,0.2421875,0.77734375,0.41015625,2,1
100,5,0.6796875,0.2421875,0.77734375,0.41015625,5,1
100,5,0.91015625,0.25390625,0.9921875,0.38671875,2,1
100,5,0.91015625,0.25390625,0.9921875,0.38671875,5,1
100,5,0.7890625,0.21875,0.85546875,0.3203125,2,1
100,5,0.7890625,0.21875,0.85546875,0.3203125,5,1
100,5,0.625,0.23046875,0.67578125,0.3125,2,1
100,5,0.625,0.23046875,0.67578125,0.3125,5,1
100,6,0.16796875,0.31640625,0.33984375,0.78515625,1,1
100,6,0.16796875,0.31640625,0.33984375,0.78515625,3,1
100,6,0.06640625,0.375,0.1484375,0.7578125,1,1
100,6,0.06640625,0.375,0.1484375,0.7578125,3,1
100,6,0.17578125,0.2890625,0.2578125,0.44140625,2,1
100,6,0.17578125,0.2890625,0.2578125,0.44140625,5,1
100,6,0.0546875,0.3046875,0.17578125,0.47265625,1,1
100,6,0.0546875,0.3046875,0.17578125,0.47265625,4,1
100,6,0.375,0.26953125,0.453125,0.453125,1,1
100,6,0.45703125,0.26953125,0.51953125,0.40625,2,1
100,6,0.45703125,0.26953125,0.51953125,0.40625,5,1
100,6,0.54296875,0.25,0.6171875,0.41015625,2,1
100,6,0.54296875,0.25,0.6171875,0.41015625,5,1
100,6,0.53125,0.16015625,0.5703125,0.25,1,1
100,6,0.625,0.23046875,0.6796875,0.31640625,2,1
100,6,0.625,0.23046875,0.6796875,0.31640625,5,1
100,6,0.68359375,0.21875,0.77734375,0.40234375,2,1
100,6,0.68359375,0.21875,0.77734375,0.40234375,5,1
100,6,0.9140625,0.26171875,0.9921875,0.3828125,2,1
100,6,0.9140625,0.26171875,0.9921875,0.3828125,5,1
100,6,0.80078125,0.2109375,0.87890625,0.31640625,2,1
100,6,0.80078125,0.2109375,0.87890625,0.31640625,5,1
100,7,0.79296875,0.20703125,0.8671875,0.3125,2,1
100,7,0.79296875,0.20703125,0.8671875,0.3125,5,1
100,7,0.68359375,0.26953125,0.76953125,0.40234375,2,1
100,7,0.68359375,0.26953125,0.76953125,0.40234375,5,1
100,7,0.625,0.21484375,0.6796875,0.3125,2,1
100,7,0.625,0.21484375,0.6796875,0.3125,5,1
100,7,0.53515625,0.23046875,0.62109375,0.4140625,2,1
100,7,0.53515625,0.23046875,0.62109375,0.4140625,5,1
100,7,0.44921875,0.25390625,0.515625,0.43359375,2,1
100,7,0.44921875,0.25390625,0.515625,0.43359375,5,1
100,7,0.3671875,0.265625,0.44921875,0.484375,1,1
100,7,0.53515625,0.15625,0.5703125,0.2265625,1,1
100,7,0.91015625,0.2578125,0.98828125,0.40625,2,1
100,7,0.91015625,0.2578125,0.98828125,0.40625,5,1
100,7,0.1875,0.3515625,0.34765625,0.83203125,1,1
100,7,0.1875,0.3515625,0.34765625,0.83203125,3,1
100,7,0.07421875,0.40234375,0.16015625,0.7578125,1,1
100,7,0.07421875,0.40234375,0.16015625,0.7578125,3,1
100,7,0.18359375,0.296875,0.2578125,0.4296875,2,1
100,7,0.18359375,0.296875,0.2578125,0.4296875,5,1
100,7,0.05859375,0.31640625,0.1796875,0.4609375,1,1
100,7,0.05859375,0.31640625,0.1796875,0.4609375,4,1
101,2,0.0078125,0.421875,0.1015625,0.7578125,1,1
101,2,0.0078125,0.421875,0.1015625,0.7578125,3,1
101,2,0.09765625,0.3125,0.16015625,0.44921875,1,1
101,2,0.09765625,0.3125,0.16015625,0.44921875,4,1
101,2,0.1875,0.3203125,0.234375,0.45703125,2,1
101,2,0.1875,0.3203125,0.234375,0.45703125,5,1
101,2,0.28125,0.35546875,0.41015625,0.78515625,1,1
101,2,0.28125,0.35546875,0.41015625,0.78515625,3,1
101,2,0.35546875,0.30078125,0.5234375,0.4765625,1,1
101,2,0.65625,0.30859375,0.74609375,0.74609375,1,1
101,2,0.65625,0.30859375,0.74609375,0.74609375,3,1
101,2,0.734375,0.30078125,0.84375,0.6640625,1,1
101,2,0.734375,0.30078125,0.84375,0.6640625,3,1
101,2,0.90625,0.3203125,0.98828125,0.578125,1,1
101,2,0.5859375,0.23046875,0.6640625,0.390625,2,1
101,2,0.5859375,0.23046875,0.6640625,0.390625,5,1
101,2,0.80078125,0.26171875,0.87109375,0.3828125,2,1
101,2,0.80078125,0.26171875,0.87109375,0.3828125,5,1
101,2,0.90234375,0.1953125,0.95703125,0.2734375,1,1
101,2,0.234375,0.32421875,0.27734375,0.4296875,2,1
101,2,0.234375,0.32421875,0.27734375,0.4296875,5,1
101,3,0.09375,0.3046875,0.1640625,0.46875,1,1
101,3,0.09375,0.3046875,0.1640625,0.46875,4,1
101,3,0.01953125,0.4140625,0.125,0.74609375,1,1
101,3,0.01953125,0.4140625,0.125,0.74609375,3,1
101,3,0.1796875,0.3046875,0.24609375,0.4609375,2,1
101,3,0.1796875,0.3046875,0.24609375,0.4609375,5,1
101,3,0.23046875,0.3046875,0.27734375,0.4609375,2,1
101,3,0.23046875,0.3046875,0.27734375,0.4609375,5,1
101,3,0.2890625,0.36328125,0.421875,0.78125,1,1
101,3,0.2890625,0.36328125,0.421875,0.78125,3,1
101,3,0.31640625,0.28125,0.51953125,0.5234375,1,1
101,3,0.64453125,0.2890625,0.7578125,0.765625,1,1
101,3,0.64453125,0.2890625,0.7578125,0.765625,3,1
101,3,0.734375,0.3046875,0.85546875,0.6953125,1,1
101,3,0.734375,0.3046875,0.85546875,0.6953125,3,1
101,3,0.58203125,0.234375,0.65625,0.41015625,2,1
101,3,0.58203125,0.234375,0.65625,0.41015625,5,1
101,3,0.90234375,0.31640625,0.9921875,0.52734375,1,1
101,4,0.08984375,0.31640625,0.171875,0.453125,1,1
101,4,0.08984375,0.31640625,0.171875,0.453125,4,1
101,4,0.00390625,0.42578125,0.109375,0.7421875,1,1
101,4,0.00390625,0.42578125,0.109375,0.7421875,3,1
101,4,0.1796875,0.3046875,0.24609375,0.45703125,2,1
101,4,0.1796875,0.3046875,0.24609375,0.45703125,5,1
101,4,0.2265625,0.31640625,0.29296875,0.4453125,2,1
101,4,0.2265625,0.31640625,0.29296875,0.4453125,5,1
101,4,0.29296875,0.359375,0.41015625,0.765625,1,1
101,4,0.29296875,0.359375,0.41015625,0.765625,3,1
101,4,0.3203125,0.30859375,0.51171875,0.5,1,1
101,4,0.578125,0.234375,0.66796875,0.3984375,2,1
101,4,0.578125,0.234375,0.66796875,0.3984375,5,1
101,4,0.65625,0.30078125,0.7421875,0.72265625,1,1
101,4,0.65625,0.30078125,0.7421875,0.72265625,3,1
101,4,0.72265625,0.3125,0.8515625,0.6953125,1,1
101,4,0.72265625,0.3125,0.8515625,0.6953125,3,1
101,4,0.90234375,0.31640625,0.9921875,0.546875,1,1
101,4,0.90234375,0.1875,0.95703125,0.25390625,1,1
101,4,0.796875,0.2578125,0.875,0.3828125,2,1
101,4,0.796875,0.2578125,0.875,0.3828125,5,1
101,5,0.29296875,0.36328125,0.41796875,0.7734375,1,1
101,5,0.29296875,0.36328125,0.41796875,0.7734375,3,1
101,5,0.1875,0.30859375,0.2421875,0.44921875,2,1
101,5,0.1875,0.30859375,0.2421875,0.44921875,5,1
101,5,0.09765625,0.29296875,0.17578125,0.453125,1,1
101,5,0.09765625,0.29296875,0.17578125,0.453125,4,1
101,5,0.00390625,0.421875,0.109375,0.7265625,1,1
101,5,0.00390625,0.421875,0.109375,0.7265625,3,1
101,5,0.234375,0.30859375,0.27734375,0.4453125,2,1
101,5,0.234375,0.30859375,0.27734375,0.4453125,5,1
101,5,0.3203125,0.28515625,0.51953125,0.4765625,1,1
101,5,0.5859375,0.23828125,0.66796875,0.3984375,2,1
101,5,0.5859375,0.23828125,0.66796875,0.3984375,5,1
101,5,0.65625,0.28125,0.75390625,0.75390625,1,1
101,5,0.65625,0.28125,0.75390625,0.75390625,3,1
101,5,0.734375,0.30078125,0.84375,0.69921875,1,1
101,5,0.734375,0.30078125,0.84375,0.69921875,3,1
101,5,0.89453125,0.3046875,0.99609375,0.5390625,1,1
101,5,0.7890625,0.2265625,0.87109375,0.390625,2,1
101,5,0.89453125,0.19140625,0.9609375,0.296875,1,1
107,3,0.3359375,0.17578125,0.41796875,0.30859375,1,1
107,3,0.57421875,0.2265625,0.671875,0.41796875,2,1
107,3,0.57421875,0.2265625,0.671875,0.41796875,5,1
107,3,0.6953125,0.21484375,0.84765625,0.43359375,1,1
107,3,0.8671875,0.26171875,0.94140625,0.37890625,2,1
107,3,0.8671875,0.26171875,0.94140625,0.37890625,5,1
107,2,0.296875,0.17578125,0.4140625,0.31640625,1,1
107,2,0.56640625,0.2265625,0.6796875,0.421875,2,1
107,2,0.56640625,0.2265625,0.6796875,0.421875,5,1
107,2,0.6953125,0.21875,0.8515625,0.40625,1,1
107,2,0.8671875,0.25,0.94921875,0.390625,2,1
107,2,0.8671875,0.25,0.94921875,0.390625,5,1
106,7,0.375,0.23046875,0.46875,0.453125,1,1
106,7,0.54296875,0.23828125,0.62109375,0.4296875,2,1
106,7,0.54296875,0.23828125,0.62109375,0.4296875,5,1
106,7,0.62109375,0.2109375,0.69921875,0.33203125,2,1
106,7,0.62109375,0.2109375,0.69921875,0.33203125,5,1
106,7,0.69140625,0.234375,0.79296875,0.41015625,2,1
106,7,0.69140625,0.234375,0.79296875,0.41015625,5,1
106,7,0.703125,0.14453125,0.7890625,0.28515625,1,1
106,7,0.80078125,0.24609375,0.88671875,0.38671875,2,1
106,7,0.80078125,0.24609375,0.88671875,0.38671875,5,1
106,7,0.87890625,0.25390625,0.93359375,0.39453125,2,1
106,7,0.87890625,0.25390625,0.93359375,0.39453125,5,1
106,7,0.9296875,0.23828125,0.984375,0.39453125,2,1
106,7,0.9296875,0.23828125,0.984375,0.39453125,5,1
106,3,0.3671875,0.21875,0.4765625,0.46484375,1,1
106,3,0.53515625,0.22265625,0.6328125,0.4140625,2,1
106,3,0.53515625,0.22265625,0.6328125,0.4140625,5,1
106,3,0.6171875,0.1875,0.69140625,0.3203125,2,1
106,3,0.6171875,0.1875,0.69140625,0.3203125,5,1
106,3,0.6875,0.2421875,0.7890625,0.3984375,2,1
106,3,0.6875,0.2421875,0.7890625,0.3984375,5,1
106,3,0.703125,0.15234375,0.79296875,0.30078125,1,1
106,3,0.80078125,0.2421875,0.87890625,0.37890625,2,1
106,3,0.80078125,0.2421875,0.87890625,0.37890625,5,1
106,3,0.87109375,0.25390625,0.94921875,0.39453125,2,1
106,3,0.87109375,0.25390625,0.94921875,0.39453125,5,1
106,2,0.36328125,0.2109375,0.46875,0.46484375,1,1
106,2,0.5390625,0.2265625,0.625,0.3984375,2,1
106,2,0.5390625,0.2265625,0.625,0.3984375,5,1
106,2,0.625,0.19921875,0.69140625,0.3203125,2,1
106,2,0.625,0.19921875,0.69140625,0.3203125,5,1
106,2,0.703125,0.23828125,0.77734375,0.40234375,2,1
106,2,0.703125,0.23828125,0.77734375,0.40234375,5,1
106,2,0.69921875,0.1484375,0.796875,0.2734375,1,1
106,2,0.8046875,0.24609375,0.88671875,0.40234375,2,1
106,2,0.8046875,0.24609375,0.88671875,0.40234375,5,1
106,2,0.87890625,0.25,0.9375,0.38671875,2,1
106,2,0.87890625,0.25,0.9375,0.38671875,5,1
106,2,0.9296875,0.24609375,0.98046875,0.38671875,2,1
106,2,0.9296875,0.24609375,0.98046875,0.38671875,5,1
105,7,0.265625,0.2734375,0.36328125,0.4453125,2,1
105,7,0.265625,0.2734375,0.36328125,0.4453125,5,1
105,7,0.61328125,0.3046875,0.81640625,0.7265625,1,1
105,7,0.61328125,0.3046875,0.81640625,0.7265625,3,1
105,7,0.390625,0.28125,0.4921875,0.4296875,2,1
105,7,0.390625,0.28125,0.4921875,0.4296875,5,1
105,7,0.04296875,0.375,0.16796875,0.72265625,1,1
105,7,0.36328125,0.23828125,0.42578125,0.3515625,2,1
105,7,0.36328125,0.23828125,0.42578125,0.3515625,5,1
105,7,0.53125,0.2421875,0.5859375,0.39453125,2,1
105,7,0.53125,0.2421875,0.5859375,0.39453125,5,1
105,7,0.6796875,0.23046875,0.77734375,0.375,2,1
105,7,0.6796875,0.23046875,0.77734375,0.375,5,1
105,7,0.57421875,0.1875,0.6484375,0.30078125,2,1
105,7,0.57421875,0.1875,0.6484375,0.30078125,5,1
105,7,0.91796875,0.3359375,0.9921875,0.59375,1,1
105,6,0.9296875,0.34375,0.98828125,0.59375,1,1
105,6,0.62109375,0.3125,0.8203125,0.7578125,1,1
105,6,0.62109375,0.3125,0.8203125,0.7578125,3,1
105,6,0.53125,0.23828125,0.59765625,0.421875,2,1
105,6,0.53125,0.23828125,0.59765625,0.421875,5,1
105,6,0.578125,0.203125,0.65625,0.33984375,2,1
105,6,0.6953125,0.2421875,0.78125,0.3828125,2,1
105,6,0.6953125,0.2421875,0.78125,0.3828125,5,1
105,6,0.38671875,0.2578125,0.48046875,0.4140625,2,1
105,6,0.38671875,0.2578125,0.48046875,0.4140625,5,1
105,6,0.265625,0.28515625,0.36328125,0.45703125,2,1
105,6,0.265625,0.28515625,0.36328125,0.45703125,5,1
105,6,0.05078125,0.3984375,0.17578125,0.73828125,1,1
105,6,0.05078125,0.3984375,0.17578125,0.73828125,3,1
105,6,0.828125,0.21875,0.90625,0.3125,2,1
105,6,0.828125,0.21875,0.90625,0.3125,5,1
105,5,0.9453125,0.35546875,0.98828125,0.60546875,1,1
105,5,0.61328125,0.29296875,0.83203125,0.71875,1,1
105,5,0.61328125,0.29296875,0.83203125,0.71875,3,1
105,5,0.52734375,0.2265625,0.6015625,0.40625,2,1
105,5,0.52734375,0.2265625,0.6015625,0.40625,5,1
105,5,0.37890625,0.29296875,0.48828125,0.41796875,2,1
105,5,0.37890625,0.29296875,0.48828125,0.41796875,5,1
105,5,0.26953125,0.25390625,0.359375,0.453125,2,1
105,5,0.26953125,0.25390625,0.359375,0.453125,5,1
105,5,0.0546875,0.4140625,0.1953125,0.71484375,1,1
105,5,0.0546875,0.4140625,0.1953125,0.71484375,3,1
105,5,0.3671875,0.25,0.41796875,0.33984375,2,1
105,5,0.703125,0.234375,0.78515625,0.359375,2,1
105,4,0.6171875,0.2890625,0.81640625,0.73046875,1,1
105,4,0.53515625,0.25,0.6015625,0.40234375,2,1
105,4,0.53515625,0.25,0.6015625,0.40234375,5,1
105,4,0.3828125,0.2734375,0.48828125,0.4140625,2,1
105,4,0.3828125,0.2734375,0.48828125,0.4140625,5,1
105,4,0.05859375,0.4140625,0.21484375,0.75390625,1,1
105,4,0.05859375,0.4140625,0.21484375,0.75390625,3,1
105,4,0.71875,0.23828125,0.78125,0.37890625,2,1
105,4,0.71875,0.23828125,0.78125,0.37890625,5,1
105,4,0.83203125,0.23046875,0.89453125,0.31640625,2,1
105,4,0.83203125,0.23046875,0.89453125,0.31640625,5,1
105,3,0.9296875,0.2734375,0.9921875,0.390625,2,1
105,3,0.9296875,0.2734375,0.9921875,0.390625,5,1
105,5,0.83984375,0.22265625,0.91015625,0.30859375,2,1
105,3,0.62890625,0.3125,0.82421875,0.71875,1,1
105,3,0.62890625,0.3125,0.82421875,0.71875,3,1
105,3,0.70703125,0.25,0.78125,0.40234375,2,1
105,3,0.70703125,0.25,0.78125,0.40234375,5,1
105,3,0.828125,0.234375,0.89453125,0.328125,2,1
105,3,0.828125,0.234375,0.89453125,0.328125,5,1
105,3,0.5703125,0.2265625,0.640625,0.30859375,2,1
105,3,0.5703125,0.2265625,0.640625,0.30859375,5,1
105,3,0.53515625,0.26171875,0.60546875,0.41796875,2,1
105,3,0.53515625,0.26171875,0.60546875,0.41796875,5,1
105,3,0.39453125,0.29296875,0.5,0.4296875,2,1
105,3,0.39453125,0.29296875,0.5,0.4296875,5,1
105,3,0.28125,0.3046875,0.36328125,0.44921875,2,1
105,3,0.28125,0.3046875,0.36328125,0.44921875,5,1
105,3,0.0625,0.41015625,0.17578125,0.765625,1,1
105,3,0.0625,0.41015625,0.17578125,0.765625,3,1
105,3,0.3671875,0.26171875,0.421875,0.34375,2,1
105,4,0.3671875,0.2421875,0.4140625,0.3359375,2,1
105,2,0.26953125,0.2890625,0.359375,0.46484375,2,1
105,2,0.26953125,0.2890625,0.359375,0.46484375,5,1
105,2,0.0546875,0.41015625,0.16796875,0.73046875,1,1
105,2,0.0546875,0.41015625,0.16796875,0.73046875,3,1
105,2,0.3671875,0.2578125,0.4140625,0.33203125,2,1
105,2,0.3671875,0.2578125,0.4140625,0.33203125,5,1
105,2,0.38671875,0.28125,0.484375,0.4296875,2,1
105,2,0.38671875,0.28125,0.484375,0.4296875,5,1
105,2,0.5390625,0.25,0.6015625,0.41796875,2,1
105,2,0.5390625,0.25,0.6015625,0.41796875,5,1
105,2,0.6171875,0.30859375,0.81640625,0.7265625,1,1
105,2,0.6171875,0.30859375,0.81640625,0.7265625,3,1
105,2,0.71875,0.24609375,0.78125,0.37890625,2,1
105,2,0.71875,0.24609375,0.78125,0.37890625,5,1
105,2,0.93359375,0.26171875,0.9921875,0.37890625,2,1
105,2,0.8203125,0.2265625,0.890625,0.3203125,2,1
105,2,0.8203125,0.2265625,0.890625,0.3203125,5,1
104,7,0.234375,0.20703125,0.33203125,0.3125,1,1
104,7,0.140625,0.265625,0.23046875,0.44140625,1,1
104,7,0.140625,0.265625,0.23046875,0.44140625,4,1
104,7,0.05078125,0.3671875,0.23046875,0.640625,1,1
104,7,0.21875,0.35546875,0.28515625,0.6953125,1,1
104,7,0.2890625,0.31640625,0.390625,0.76953125,1,1
104,7,0.2890625,0.31640625,0.390625,0.76953125,3,1
104,7,0.37890625,0.33203125,0.5234375,0.63671875,1,1
104,7,0.4765625,0.32421875,0.62109375,0.78515625,1,1
104,7,0.58203125,0.3125,0.6953125,0.80859375,1,1
104,7,0.58203125,0.3125,0.6953125,0.80859375,3,1
104,7,0.78125,0.296875,0.91015625,0.71484375,1,1
104,7,0.78125,0.296875,0.91015625,0.71484375,3,1
104,7,0.9140625,0.3203125,0.98046875,0.69140625,1,1
104,7,0.9140625,0.3203125,0.98046875,0.69140625,3,1
104,7,0.56640625,0.2265625,0.6328125,0.296875,2,1
104,7,0.56640625,0.2265625,0.6328125,0.296875,5,1
104,7,0.7109375,0.203125,0.7734375,0.32421875,2,1
104,7,0.39453125,0.23046875,0.47265625,0.3203125,2,1
104,6,0.2890625,0.31640625,0.38671875,0.8046875,1,1
104,6,0.2890625,0.31640625,0.38671875,0.8046875,3,1
104,6,0.375,0.35546875,0.5390625,0.66015625,1,1
104,6,0.48046875,0.32421875,0.63671875,0.765625,1,1
104,6,0.48046875,0.32421875,0.63671875,0.765625,3,1
104,6,0.58203125,0.296875,0.7265625,0.71875,1,1
104,6,0.58203125,0.296875,0.7265625,0.71875,3,1
104,6,0.78515625,0.296875,0.90625,0.7421875,1,1
104,6,0.78515625,0.296875,0.90625,0.7421875,3,1
104,6,0.9140625,0.296875,0.984375,0.69921875,1,1
104,6,0.9140625,0.296875,0.984375,0.69921875,3,1
104,6,0.2109375,0.35546875,0.296875,0.62109375,1,1
104,6,0.2109375,0.35546875,0.296875,0.62109375,3,1
104,6,0.0546875,0.40234375,0.203125,0.625,1,1
104,6,0.14453125,0.28125,0.2265625,0.41015625,1,1
104,6,0.14453125,0.28125,0.2265625,0.41015625,4,1
104,6,0.23828125,0.21875,0.33203125,0.31640625,1,1
104,6,0.390625,0.23046875,0.48828125,0.31640625,2,1
104,6,0.5625,0.21875,0.640625,0.29296875,2,1
104,6,0.70703125,0.2109375,0.78515625,0.30859375,2,1
101,6,0.0859375,0.296875,0.1796875,0.47265625,1,1
101,6,0.0859375,0.296875,0.1796875,0.47265625,4,1
101,6,0.0078125,0.4296875,0.109375,0.734375,1,1
101,6,0.0078125,0.4296875,0.109375,0.734375,3,1
101,6,0.1875,0.29296875,0.25,0.45703125,2,1
101,6,0.2265625,0.33203125,0.29296875,0.44140625,2,1
101,6,0.296875,0.375,0.41015625,0.76171875,1,1
101,6,0.296875,0.375,0.41015625,0.76171875,3,1
101,6,0.33984375,0.30078125,0.5234375,0.48046875,1,1
101,6,0.5703125,0.22265625,0.66796875,0.39453125,2,1
101,6,0.5703125,0.22265625,0.66796875,0.39453125,5,1
101,6,0.66015625,0.29296875,0.75390625,0.7578125,1,1
101,6,0.66015625,0.29296875,0.75390625,0.7578125,3,1
101,6,0.73046875,0.30078125,0.859375,0.70703125,1,1
101,6,0.73046875,0.30078125,0.859375,0.70703125,3,1
101,6,0.9140625,0.3203125,0.9921875,0.515625,1,1
101,6,0.76953125,0.24609375,0.87890625,0.3828125,2,1
101,6,0.76953125,0.24609375,0.87890625,0.3828125,5,1
101,7,0.65234375,0.27734375,0.7578125,0.7734375,1,1
101,7,0.65234375,0.27734375,0.7578125,0.7734375,3,1
101,7,0.734375,0.2890625,0.87890625,0.69140625,1,1
101,7,0.734375,0.2890625,0.87890625,0.69140625,3,1
101,7,0.26953125,0.34765625,0.421875,0.75390625,1,1
101,7,0.26953125,0.34765625,0.421875,0.75390625,3,1
101,7,0.3203125,0.27734375,0.52734375,0.5078125,1,1
101,7,0.17578125,0.2890625,0.2421875,0.453125,2,1
101,7,0.17578125,0.2890625,0.2421875,0.453125,5,1
101,7,0.2421875,0.30078125,0.28125,0.453125,2,1
101,7,0.09765625,0.3046875,0.1640625,0.4765625,1,1
101,7,0.09765625,0.3046875,0.1640625,0.4765625,4,1
101,7,0.00390625,0.44140625,0.1171875,0.7265625,1,1
101,7,0.00390625,0.44140625,0.1171875,0.7265625,3,1
101,7,0.58203125,0.23828125,0.6640625,0.41015625,2,1
101,7,0.58203125,0.23828125,0.6640625,0.41015625,5,1
101,7,0.79296875,0.25390625,0.88671875,0.40625,2,1
101,7,0.79296875,0.25390625,0.88671875,0.40625,5,1
101,7,0.91015625,0.33984375,0.99609375,0.53125,1,1
130,7,0.65625,0.2890625,0.8671875,0.6875,1,1
130,7,0.37890625,0.265625,0.47265625,0.4296875,2,1
130,7,0.37890625,0.265625,0.47265625,0.4296875,5,1
130,7,0.44921875,0.16015625,0.51171875,0.328125,2,1
130,7,0.44921875,0.16015625,0.51171875,0.328125,5,1
130,7,0.5625,0.14453125,0.62890625,0.33984375,1,1
130,7,0.703125,0.20703125,0.78515625,0.296875,2,1
130,7,0.8046875,0.21484375,0.88671875,0.33203125,2,1
130,7,0.8984375,0.21875,0.953125,0.328125,2,1
130,6,0.640625,0.2890625,0.8515625,0.67578125,1,1
130,6,0.38671875,0.296875,0.48046875,0.421875,2,1
130,6,0.38671875,0.296875,0.48046875,0.421875,5,1
130,6,0.3515625,0.25390625,0.421875,0.33984375,2,1
130,6,0.3515625,0.25390625,0.421875,0.33984375,5,1
130,6,0.453125,0.171875,0.51171875,0.31640625,1,1
130,6,0.56640625,0.15625,0.625,0.3125,1,1
130,6,0.7109375,0.2109375,0.7578125,0.29296875,2,1
130,6,0.796875,0.2265625,0.8671875,0.32421875,2,1
130,6,0.88671875,0.21875,0.953125,0.3203125,2,1
130,5,0.38671875,0.27734375,0.47265625,0.421875,2,1
130,5,0.38671875,0.27734375,0.47265625,0.421875,5,1
130,5,0.34765625,0.24609375,0.42578125,0.33203125,2,1
130,5,0.55859375,0.15625,0.640625,0.32421875,1,1
130,5,0.6328125,0.28515625,0.81640625,0.58203125,1,1
130,5,0.70703125,0.22265625,0.78515625,0.3046875,2,1
130,5,0.8046875,0.21875,0.86328125,0.33203125,2,1
130,5,0.88671875,0.2265625,0.9609375,0.35546875,2,1
109,2,0.20703125,0.38671875,0.3359375,0.7578125,1,1
109,2,0.20703125,0.38671875,0.3359375,0.7578125,3,1
109,2,0.4609375,0.22265625,0.515625,0.36328125,2,1
109,2,0.4609375,0.22265625,0.515625,0.36328125,5,1
109,2,0.61328125,0.17578125,0.66796875,0.3359375,1,1
109,2,0.69140625,0.2265625,0.7734375,0.41015625,2,1
109,2,0.69140625,0.2265625,0.7734375,0.41015625,5,1
109,2,0.82421875,0.21484375,0.8828125,0.30859375,2,1
109,2,0.9140625,0.25390625,0.984375,0.39453125,2,1
109,3,0.69140625,0.22265625,0.78125,0.40625,2,1
109,3,0.69140625,0.22265625,0.78125,0.40625,5,1
109,3,0.60546875,0.15234375,0.67578125,0.3203125,1,1
109,3,0.4609375,0.21875,0.515625,0.3671875,2,1
109,3,0.4609375,0.21875,0.515625,0.3671875,5,1
109,3,0.203125,0.3671875,0.34765625,0.73828125,1,1
109,3,0.203125,0.3671875,0.34765625,0.73828125,3,1
109,3,0.828125,0.2265625,0.890625,0.30859375,2,1
109,3,0.828125,0.2265625,0.890625,0.30859375,5,1
109,3,0.92578125,0.25,0.9921875,0.40234375,2,1
109,3,0.92578125,0.25,0.9921875,0.40234375,5,1
109,4,0.9296875,0.2578125,0.98828125,0.40234375,2,1
109,4,0.9296875,0.2578125,0.98828125,0.40234375,5,1
109,4,0.828125,0.2265625,0.90234375,0.32421875,2,1
109,4,0.828125,0.2265625,0.90234375,0.32421875,5,1
109,4,0.6875,0.21484375,0.78125,0.40234375,2,1
109,4,0.6875,0.21484375,0.78125,0.40234375,5,1
109,4,0.6015625,0.15625,0.671875,0.31640625,2,1
109,4,0.6015625,0.15625,0.671875,0.31640625,5,1
109,4,0.453125,0.21484375,0.515625,0.37109375,2,1
109,4,0.453125,0.21484375,0.515625,0.37109375,5,1
109,4,0.2109375,0.3671875,0.328125,0.7265625,1,1
109,4,0.2109375,0.3671875,0.328125,0.7265625,3,1
109,5,0.2109375,0.359375,0.33984375,0.76171875,1,1
109,5,0.2109375,0.359375,0.33984375,0.76171875,3,1
109,5,0.45703125,0.2265625,0.515625,0.36328125,2,1
109,5,0.45703125,0.2265625,0.515625,0.36328125,5,1
109,5,0.6171875,0.1640625,0.66796875,0.3203125,2,1
109,5,0.6171875,0.1640625,0.66796875,0.3203125,5,1
109,5,0.69140625,0.22265625,0.77734375,0.40625,2,1
109,5,0.69140625,0.22265625,0.77734375,0.40625,5,1
109,5,0.82421875,0.21484375,0.88671875,0.3203125,2,1
109,5,0.921875,0.25,0.98828125,0.40234375,2,1
109,5,0.921875,0.25,0.98828125,0.40234375,5,1
109,6,0.921875,0.2421875,0.98828125,0.39453125,2,1
109,6,0.921875,0.2421875,0.98828125,0.39453125,5,1
109,6,0.82421875,0.21484375,0.89453125,0.32421875,2,1
109,6,0.82421875,0.21484375,0.89453125,0.32421875,5,1
109,6,0.68359375,0.2265625,0.77734375,0.3984375,2,1
109,6,0.68359375,0.2265625,0.77734375,0.3984375,5,1
109,6,0.609375,0.1640625,0.67578125,0.3203125,1,1
109,6,0.45703125,0.23046875,0.515625,0.35546875,2,1
109,6,0.45703125,0.23046875,0.515625,0.35546875,5,1
109,6,0.19921875,0.375,0.33203125,0.7578125,1,1
109,6,0.19921875,0.375,0.33203125,0.7578125,3,1
109,7,0.2109375,0.37109375,0.328125,0.76953125,1,1
109,7,0.2109375,0.37109375,0.328125,0.76953125,3,1
109,7,0.45703125,0.20703125,0.515625,0.33984375,2,1
109,7,0.45703125,0.20703125,0.515625,0.33984375,5,1
109,7,0.609375,0.171875,0.671875,0.3203125,1,1
109,7,0.6875,0.22265625,0.7734375,0.41796875,2,1
109,7,0.6875,0.22265625,0.7734375,0.41796875,5,1
109,7,0.92578125,0.2265625,0.98828125,0.3984375,2,1
109,7,0.92578125,0.2265625,0.98828125,0.3984375,5,1
110,2,0.6796875,0.1953125,0.78125,0.39453125,2,1
110,2,0.6796875,0.1953125,0.78125,0.39453125,5,1
110,2,0.4453125,0.21875,0.515625,0.37890625,2,1
110,2,0.4453125,0.21875,0.515625,0.37890625,5,1
110,2,0.92578125,0.25,0.9921875,0.3984375,2,1
110,2,0.92578125,0.25,0.9921875,0.3984375,5,1
110,3,0.93359375,0.25,0.9921875,0.38671875,2,1
110,3,0.93359375,0.25,0.9921875,0.38671875,5,1
110,3,0.66796875,0.21875,0.78515625,0.4140625,2,1
110,3,0.66796875,0.21875,0.78515625,0.4140625,5,1
110,3,0.4453125,0.22265625,0.51171875,0.375,2,1
110,3,0.4453125,0.22265625,0.51171875,0.375,5,1
110,4,0.4609375,0.21484375,0.51171875,0.33984375,2,1
110,4,0.4609375,0.21484375,0.51171875,0.33984375,5,1
110,4,0.671875,0.21484375,0.78515625,0.41015625,2,1
110,4,0.671875,0.21484375,0.78515625,0.41015625,5,1
110,4,0.9140625,0.25390625,0.9921875,0.3828125,2,1
110,4,0.9140625,0.25390625,0.9921875,0.3828125,5,1
110,5,0.6796875,0.22265625,0.76953125,0.40234375,2,1
110,5,0.6796875,0.22265625,0.76953125,0.40234375,5,1
110,5,0.453125,0.23046875,0.515625,0.37109375,2,1
110,5,0.453125,0.23046875,0.515625,0.37109375,5,1
110,5,0.90625,0.25,0.9921875,0.4140625,2,1
110,5,0.90625,0.25,0.9921875,0.4140625,5,1
110,6,0.69140625,0.2265625,0.7734375,0.40234375,2,1
110,6,0.69140625,0.2265625,0.7734375,0.40234375,5,1
110,6,0.921875,0.26953125,0.9921875,0.40234375,2,1
110,6,0.921875,0.26953125,0.9921875,0.40234375,5,1
110,6,0.4453125,0.2109375,0.515625,0.36328125,2,1
110,6,0.4453125,0.2109375,0.515625,0.36328125,5,1
110,7,0.44140625,0.21484375,0.51953125,0.359375,2,1
110,7,0.44140625,0.21484375,0.51953125,0.359375,5,1
110,7,0.66015625,0.2265625,0.77734375,0.40625,2,1
110,7,0.66015625,0.2265625,0.77734375,0.40625,5,1
110,7,0.91796875,0.25390625,0.9921875,0.39453125,2,1
110,7,0.91796875,0.25390625,0.9921875,0.39453125,5,1
111,2,0.26171875,0.36328125,0.4296875,0.7890625,1,1
111,2,0.26171875,0.36328125,0.4296875,0.7890625,3,1
111,2,0.05078125,0.4140625,0.15625,0.73828125,1,1
111,2,0.05078125,0.4140625,0.15625,0.73828125,3,1
111,2,0.12109375,0.265625,0.234375,0.4765625,1,1
111,2,0.12109375,0.265625,0.234375,0.4765625,4,1
111,2,0.4453125,0.234375,0.51953125,0.4375,2,1
111,2,0.4453125,0.234375,0.51953125,0.4375,5,1
111,2,0.26953125,0.30078125,0.3515625,0.40625,2,1
111,2,0.58984375,0.3359375,0.80859375,0.71875,1,1
111,2,0.58984375,0.3359375,0.80859375,0.71875,3,1
111,2,0.56640625,0.2421875,0.66796875,0.38671875,2,1
111,2,0.56640625,0.2421875,0.66796875,0.38671875,5,1
111,2,0.703125,0.140625,0.7890625,0.234375,1,1
111,2,0.68359375,0.23828125,0.78515625,0.3828125,2,1
111,2,0.68359375,0.23828125,0.78515625,0.3828125,5,1
111,2,0.78515625,0.2578125,0.87890625,0.3984375,2,1
111,2,0.78515625,0.2578125,0.87890625,0.3984375,5,1
111,2,0.87109375,0.25,0.94921875,0.3984375,2,1
111,2,0.87109375,0.25,0.94921875,0.3984375,5,1
111,2,0.9609375,0.2421875,0.9921875,0.33984375,1,1
111,3,0.05078125,0.3984375,0.16796875,0.75,1,1
111,3,0.05078125,0.3984375,0.16796875,0.75,3,1
111,3,0.171875,0.2734375,0.23828125,0.4921875,1,1
111,3,0.171875,0.2734375,0.23828125,0.4921875,4,1
111,3,0.10546875,0.26171875,0.20703125,0.4296875,1,1
111,3,0.10546875,0.26171875,0.20703125,0.4296875,4,1
111,3,0.265625,0.38671875,0.4375,0.79296875,1,1
111,3,0.265625,0.38671875,0.4375,0.79296875,3,1
111,3,0.265625,0.3046875,0.3515625,0.40234375,1,1
111,3,0.45703125,0.2578125,0.515625,0.44140625,2,1
111,3,0.45703125,0.2578125,0.515625,0.44140625,5,1
111,3,0.6015625,0.33203125,0.81640625,0.7578125,1,1
111,3,0.6015625,0.33203125,0.81640625,0.7578125,3,1
111,3,0.5703125,0.23046875,0.66796875,0.36328125,2,1
111,3,0.5703125,0.23046875,0.66796875,0.36328125,5,1
111,3,0.6953125,0.23828125,0.77734375,0.37109375,2,1
111,3,0.6953125,0.23828125,0.77734375,0.37109375,5,1
111,3,0.7890625,0.2578125,0.8828125,0.4140625,2,1
111,3,0.7890625,0.2578125,0.8828125,0.4140625,5,1
111,3,0.703125,0.15234375,0.7890625,0.24609375,1,1
111,3,0.87890625,0.2421875,0.9453125,0.41015625,2,1
111,3,0.87890625,0.2421875,0.9453125,0.41015625,5,1
111,3,0.95703125,0.234375,0.98828125,0.41015625,1,1
111,4,0.9375,0.22265625,0.9921875,0.41015625,1,1
111,4,0.87109375,0.2578125,0.9296875,0.39453125,2,1
111,4,0.87109375,0.2578125,0.9296875,0.39453125,5,1
111,4,0.77734375,0.24609375,0.8671875,0.40234375,2,1
111,4,0.77734375,0.24609375,0.8671875,0.40234375,5,1
111,4,0.69140625,0.25,0.765625,0.38671875,2,1
111,4,0.69140625,0.25,0.765625,0.38671875,5,1
111,4,0.58203125,0.32421875,0.8125,0.7265625,1,1
111,4,0.58203125,0.32421875,0.8125,0.7265625,3,1
111,4,0.56640625,0.23828125,0.66796875,0.375,2,1
111,4,0.56640625,0.23828125,0.66796875,0.375,5,1
111,4,0.44140625,0.23046875,0.51953125,0.4453125,2,1
111,4,0.44140625,0.23046875,0.51953125,0.4453125,5,1
111,4,0.2734375,0.3828125,0.4609375,0.8046875,1,1
111,4,0.2734375,0.3828125,0.4609375,0.8046875,3,1
111,4,0.04296875,0.390625,0.1484375,0.75390625,1,1
111,4,0.04296875,0.390625,0.1484375,0.75390625,3,1
111,4,0.12890625,0.2578125,0.234375,0.48828125,1,1
111,4,0.12890625,0.2578125,0.234375,0.48828125,4,1
111,4,0.26953125,0.29296875,0.3515625,0.39453125,1,1
111,4,0.71875,0.1328125,0.78125,0.234375,1,1
111,5,0.70703125,0.14453125,0.7890625,0.24609375,1,1
111,5,0.58984375,0.33203125,0.80859375,0.73046875,1,1
111,5,0.58984375,0.33203125,0.80859375,0.73046875,3,1
111,5,0.2578125,0.37109375,0.41796875,0.796875,1,1
111,5,0.2578125,0.37109375,0.41796875,0.796875,3,1
111,5,0.046875,0.38671875,0.1484375,0.73828125,1,1
111,5,0.046875,0.38671875,0.1484375,0.73828125,3,1
111,5,0.1171875,0.26171875,0.23828125,0.48046875,1,1
111,5,0.1171875,0.26171875,0.23828125,0.48046875,4,1
111,5,0.27734375,0.2890625,0.3671875,0.42578125,1,1
111,5,0.4453125,0.24609375,0.51953125,0.43359375,2,1
111,5,0.4453125,0.24609375,0.51953125,0.43359375,5,1
111,5,0.55859375,0.2265625,0.66796875,0.36328125,2,1
111,5,0.55859375,0.2265625,0.66796875,0.36328125,5,1
111,5,0.68359375,0.25,0.7734375,0.3671875,2,1
111,5,0.68359375,0.25,0.7734375,0.3671875,5,1
111,5,0.78125,0.26171875,0.875,0.38671875,2,1
111,5,0.78125,0.26171875,0.875,0.38671875,5,1
111,5,0.8828125,0.2734375,0.9453125,0.390625,2,1
111,5,0.8828125,0.2734375,0.9453125,0.390625,5,1
111,5,0.94921875,0.24609375,0.9921875,0.421875,1,1
111,6,0.09765625,0.25390625,0.23046875,0.4765625,1,1
111,6,0.09765625,0.25390625,0.23046875,0.4765625,4,1
111,6,0.05078125,0.40234375,0.15234375,0.7578125,1,1
111,6,0.05078125,0.40234375,0.15234375,0.7578125,3,1
111,6,0.26953125,0.390625,0.4296875,0.8125,1,1
111,6,0.26953125,0.390625,0.4296875,0.8125,3,1
111,6,0.2734375,0.2890625,0.34765625,0.39453125,1,1
111,6,0.4375,0.25390625,0.51953125,0.4453125,2,1
111,6,0.4375,0.25390625,0.51953125,0.4453125,5,1
111,6,0.6015625,0.3359375,0.8046875,0.7421875,1,1
111,6,0.6015625,0.3359375,0.8046875,0.7421875,3,1
111,6,0.5546875,0.21875,0.6640625,0.37109375,2,1
111,6,0.5546875,0.21875,0.6640625,0.37109375,5,1
111,6,0.703125,0.16015625,0.78125,0.24609375,1,1
111,6,0.69921875,0.25,0.78125,0.38671875,2,1
111,6,0.69921875,0.25,0.78125,0.38671875,5,1
111,6,0.78515625,0.25,0.875,0.390625,2,1
111,6,0.78515625,0.25,0.875,0.390625,5,1
111,6,0.86328125,0.24609375,0.93359375,0.390625,2,1
111,6,0.86328125,0.24609375,0.93359375,0.390625,5,1
111,6,0.953125,0.234375,0.9921875,0.41015625,1,1
102,2,0.03515625,0.30859375,0.1015625,0.43359375,1,1
102,2,0.015625,0.40625,0.12109375,0.75390625,1,1
102,2,0.015625,0.40625,0.12109375,0.75390625,3,1
102,2,0.1484375,0.37109375,0.2265625,0.765625,1,1
102,2,0.1484375,0.37109375,0.2265625,0.765625,3,1
102,2,0.22265625,0.3515625,0.33203125,0.8125,1,1
102,2,0.22265625,0.3515625,0.33203125,0.8125,3,1
102,2,0.30078125,0.36328125,0.41796875,0.75390625,1,1
102,2,0.30078125,0.36328125,0.41796875,0.75390625,3,1
102,2,0.38671875,0.30859375,0.5,0.734375,1,1
102,2,0.38671875,0.30859375,0.5,0.734375,3,1
102,2,0.453125,0.29296875,0.58984375,0.6015625,1,1
102,2,0.453125,0.29296875,0.58984375,0.6015625,3,1
102,2,0.55078125,0.3203125,0.6796875,0.79296875,1,1
102,2,0.55078125,0.3203125,0.6796875,0.79296875,3,1
102,2,0.640625,0.29296875,0.76171875,0.70703125,1,1
102,2,0.640625,0.29296875,0.76171875,0.70703125,3,1
102,2,0.72265625,0.31640625,0.85546875,0.67578125,1,1
102,2,0.72265625,0.31640625,0.85546875,0.67578125,3,1
102,2,0.79296875,0.33203125,0.9140625,0.69140625,1,1
102,2,0.79296875,0.33203125,0.9140625,0.69140625,3,1
102,2,0.8828125,0.3125,0.9765625,0.66015625,1,1
102,2,0.8828125,0.3125,0.9765625,0.66015625,3,1
102,2,0.22265625,0.28515625,0.3671875,0.39453125,1,1
102,3,0.0078125,0.42578125,0.1171875,0.7578125,1,1
102,3,0.0078125,0.42578125,0.1171875,0.7578125,3,1
102,3,0.15625,0.390625,0.2421875,0.77734375,1,1
102,3,0.15625,0.390625,0.2421875,0.77734375,3,1
102,3,0.2265625,0.36328125,0.32421875,0.796875,1,1
102,3,0.2265625,0.36328125,0.32421875,0.796875,3,1
102,3,0.30078125,0.36328125,0.40625,0.765625,1,1
102,3,0.30078125,0.36328125,0.40625,0.765625,3,1
102,3,0.38671875,0.3203125,0.5,0.73828125,1,1
102,3,0.38671875,0.3203125,0.5,0.73828125,3,1
102,3,0.453125,0.2890625,0.58203125,0.59375,1,1
102,3,0.5546875,0.3046875,0.69140625,0.75,1,1
102,3,0.5546875,0.3046875,0.69140625,0.75,3,1
102,3,0.63671875,0.30859375,0.74609375,0.7265625,1,1
102,3,0.63671875,0.30859375,0.74609375,0.7265625,3,1
102,3,0.734375,0.3203125,0.8359375,0.69921875,1,1
102,3,0.734375,0.3203125,0.8359375,0.69921875,3,1
102,3,0.79296875,0.30078125,0.921875,0.671875,1,1
102,3,0.79296875,0.30078125,0.921875,0.671875,3,1
102,3,0.890625,0.2734375,0.9765625,0.66796875,1,1
102,3,0.890625,0.2734375,0.9765625,0.66796875,3,1
102,3,0.22265625,0.2890625,0.3671875,0.38671875,1,1
102,4,0.1484375,0.39453125,0.2421875,0.8203125,1,1
102,4,0.1484375,0.39453125,0.2421875,0.8203125,3,1
102,4,0.22265625,0.3203125,0.33203125,0.79296875,1,1
102,4,0.22265625,0.3203125,0.33203125,0.79296875,3,1
102,4,0.29296875,0.33984375,0.41796875,0.78125,1,1
102,4,0.29296875,0.33984375,0.41796875,0.78125,3,1
102,4,0.38671875,0.31640625,0.46875,0.73828125,1,1
102,4,0.38671875,0.31640625,0.46875,0.73828125,3,1
102,4,0.04296875,0.390625,0.171875,0.76171875,1,1
102,4,0.04296875,0.390625,0.171875,0.76171875,3,1
102,4,0.44921875,0.30078125,0.58203125,0.625,1,1
102,4,0.44921875,0.30078125,0.58203125,0.625,3,1
102,4,0.55078125,0.31640625,0.6796875,0.7578125,1,1
102,4,0.55078125,0.31640625,0.6796875,0.7578125,3,1
102,4,0.640625,0.29296875,0.765625,0.73828125,1,1
102,4,0.640625,0.29296875,0.765625,0.73828125,3,1
102,4,0.72265625,0.3046875,0.8515625,0.703125,1,1
102,4,0.72265625,0.3046875,0.8515625,0.703125,3,1
102,4,0.8046875,0.328125,0.921875,0.6796875,1,1
102,4,0.8046875,0.328125,0.921875,0.6796875,3,1
102,4,0.8828125,0.28515625,0.98046875,0.6875,1,1
102,4,0.8828125,0.28515625,0.98046875,0.6875,3,1
102,5,0.2109375,0.29296875,0.3671875,0.37890625,1,1
102,5,0.14453125,0.375,0.23046875,0.7890625,1,1
102,5,0.14453125,0.375,0.23046875,0.7890625,3,1
102,5,0.05859375,0.40234375,0.171875,0.71875,1,1
102,5,0.05859375,0.40234375,0.171875,0.71875,3,1
102,5,0.01953125,0.37890625,0.08984375,0.76171875,1,1
102,5,0.01953125,0.37890625,0.08984375,0.76171875,3,1
102,5,0.23046875,0.33203125,0.328125,0.76171875,1,1
102,5,0.23046875,0.33203125,0.328125,0.76171875,3,1
102,5,0.3046875,0.34375,0.4140625,0.81640625,1,1
102,5,0.3046875,0.34375,0.4140625,0.81640625,3,1
102,5,0.38671875,0.29296875,0.49609375,0.74609375,1,1
102,5,0.38671875,0.29296875,0.49609375,0.74609375,3,1
102,5,0.44140625,0.26171875,0.59765625,0.71875,1,1
102,5,0.44140625,0.26171875,0.59765625,0.71875,3,1
102,5,0.55859375,0.2890625,0.6640625,0.73046875,1,1
102,5,0.55859375,0.2890625,0.6640625,0.73046875,3,1
102,5,0.63671875,0.28515625,0.7578125,0.765625,1,1
102,5,0.63671875,0.28515625,0.7578125,0.765625,3,1
102,5,0.71875,0.28515625,0.8515625,0.69140625,1,1
102,5,0.71875,0.28515625,0.8515625,0.69140625,3,1
102,5,0.796875,0.30859375,0.92578125,0.69921875,1,1
102,5,0.796875,0.30859375,0.92578125,0.69921875,3,1
102,5,0.86328125,0.2421875,0.98046875,0.7265625,1,1
102,5,0.86328125,0.2421875,0.98046875,0.7265625,3,1
102,6,0.03125,0.34375,0.09765625,0.79296875,1,1
102,6,0.03125,0.34375,0.09765625,0.79296875,3,1
102,6,0.13671875,0.35546875,0.22265625,0.765625,1,1
102,6,0.13671875,0.35546875,0.22265625,0.765625,3,1
102,6,0.22265625,0.3359375,0.328125,0.7421875,1,1
102,6,0.22265625,0.3359375,0.328125,0.7421875,3,1
102,6,0.3046875,0.37109375,0.4140625,0.80078125,1,1
102,6,0.3046875,0.37109375,0.4140625,0.80078125,3,1
102,6,0.37890625,0.3125,0.48828125,0.7578125,1,1
102,6,0.37890625,0.3125,0.48828125,0.7578125,3,1
102,6,0.22265625,0.28515625,0.37109375,0.38671875,1,1
102,6,0.4453125,0.2890625,0.58984375,0.6875,1,1
102,6,0.5546875,0.3046875,0.68359375,0.75,1,1
102,6,0.5546875,0.3046875,0.68359375,0.75,3,1
102,6,0.62109375,0.29296875,0.78515625,0.73828125,1,1
102,6,0.62109375,0.29296875,0.78515625,0.73828125,3,1
102,6,0.72265625,0.3046875,0.859375,0.70703125,1,1
102,6,0.72265625,0.3046875,0.859375,0.70703125,3,1
102,6,0.79296875,0.3203125,0.91796875,0.68359375,1,1
102,6,0.79296875,0.3203125,0.91796875,0.68359375,3,1
102,6,0.859375,0.2578125,0.9765625,0.65625,1,1
102,6,0.859375,0.2578125,0.9765625,0.65625,3,1
102,7,0.14453125,0.36328125,0.2421875,0.80078125,1,1
102,7,0.14453125,0.36328125,0.2421875,0.80078125,3,1
102,7,0.05078125,0.39453125,0.16015625,0.7890625,1,1
102,7,0.05078125,0.39453125,0.16015625,0.7890625,3,1
102,7,0.0078125,0.3984375,0.0625,0.80078125,1,1
102,7,0.0078125,0.3984375,0.0625,0.80078125,3,1
102,7,0.2265625,0.33203125,0.33203125,0.77734375,1,1
102,7,0.2265625,0.33203125,0.33203125,0.77734375,3,1
102,7,0.30078125,0.37109375,0.42578125,0.76171875,1,1
102,7,0.30078125,0.37109375,0.42578125,0.76171875,3,1
102,7,0.38671875,0.30078125,0.46875,0.75390625,1,1
102,7,0.38671875,0.30078125,0.46875,0.75390625,3,1
102,7,0.20703125,0.29296875,0.359375,0.38671875,1,1
102,7,0.4375,0.28515625,0.58984375,0.6796875,1,1
102,7,0.4375,0.28515625,0.58984375,0.6796875,3,1
102,7,0.5546875,0.2890625,0.6796875,0.75390625,1,1
102,7,0.5546875,0.2890625,0.6796875,0.75390625,3,1
102,7,0.640625,0.30078125,0.7734375,0.73046875,1,1
102,7,0.640625,0.30078125,0.7734375,0.73046875,3,1
102,7,0.7265625,0.29296875,0.8359375,0.734375,1,1
102,7,0.7265625,0.29296875,0.8359375,0.734375,3,1
102,7,0.80078125,0.30859375,0.92578125,0.69140625,1,1
102,7,0.80078125,0.30859375,0.92578125,0.69140625,3,1
102,7,0.87109375,0.28515625,0.98046875,0.6640625,1,1
102,7,0.87109375,0.28515625,0.98046875,0.6640625,3,1
104,5,0.90625,0.30859375,0.984375,0.66796875,1,1
104,5,0.90625,0.30859375,0.984375,0.66796875,3,1
104,5,0.78515625,0.296875,0.90234375,0.7421875,1,1
104,5,0.78515625,0.296875,0.90234375,0.7421875,3,1
104,5,0.57421875,0.3046875,0.7265625,0.7734375,1,1
104,5,0.57421875,0.3046875,0.7265625,0.7734375,3,1
104,5,0.48828125,0.31640625,0.625,0.80859375,1,1
104,5,0.48828125,0.31640625,0.625,0.80859375,3,1
104,5,0.375,0.35546875,0.546875,0.71875,1,1
104,5,0.28515625,0.3203125,0.38671875,0.8125,1,1
104,5,0.28515625,0.3203125,0.38671875,0.8125,3,1
104,5,0.203125,0.34765625,0.296875,0.66796875,1,1
104,5,0.203125,0.34765625,0.296875,0.66796875,3,1
104,5,0.046875,0.38671875,0.2109375,0.6875,1,1
104,5,0.1171875,0.29296875,0.21484375,0.390625,1,1
104,5,0.1171875,0.29296875,0.21484375,0.390625,4,1
104,5,0.2265625,0.21484375,0.31640625,0.3046875,1,1
104,5,0.5625,0.22265625,0.6328125,0.3046875,2,1
104,5,0.5625,0.22265625,0.6328125,0.3046875,5,1
104,5,0.71875,0.22265625,0.7734375,0.30859375,2,1
104,4,0.6953125,0.20703125,0.7734375,0.3125,2,1
104,4,0.6953125,0.20703125,0.7734375,0.3125,5,1
104,4,0.5703125,0.2109375,0.640625,0.3046875,2,1
104,4,0.421875,0.25,0.5,0.34765625,2,1
104,4,0.20703125,0.203125,0.3359375,0.31640625,1,1
104,4,0.1484375,0.28515625,0.22265625,0.46484375,1,1
104,4,0.0390625,0.3984375,0.203125,0.65625,1,1
104,4,0.22265625,0.3359375,0.28515625,0.6875,1,1
104,4,0.296875,0.3203125,0.38671875,0.8203125,1,1
104,4,0.296875,0.3203125,0.38671875,0.8203125,3,1
104,4,0.390625,0.33984375,0.57421875,0.74609375,1,1
104,4,0.4921875,0.3125,0.6328125,0.80859375,1,1
104,4,0.4921875,0.3125,0.6328125,0.80859375,3,1
104,4,0.58203125,0.31640625,0.71875,0.73828125,1,1
104,4,0.58203125,0.31640625,0.71875,0.73828125,3,1
104,4,0.7890625,0.30859375,0.8984375,0.73046875,1,1
104,4,0.7890625,0.30859375,0.8984375,0.73046875,3,1
104,4,0.9140625,0.30078125,0.98046875,0.6640625,1,1
104,4,0.9140625,0.30078125,0.98046875,0.6640625,3,1
104,3,0.5703125,0.21484375,0.6484375,0.30859375,2,1
104,3,0.5703125,0.21484375,0.6484375,0.30859375,5,1
104,3,0.703125,0.20703125,0.77734375,0.30859375,2,1
104,3,0.703125,0.20703125,0.77734375,0.30859375,5,1
104,3,0.41796875,0.234375,0.5,0.3359375,2,1
104,3,0.41796875,0.234375,0.5,0.3359375,5,1
104,3,0.22265625,0.23046875,0.328125,0.32421875,1,1
104,3,0.13671875,0.2578125,0.22265625,0.4609375,1,1
104,3,0.13671875,0.2578125,0.22265625,0.4609375,4,1
104,3,0.05078125,0.421875,0.20703125,0.6640625,1,1
104,3,0.2265625,0.34375,0.2890625,0.703125,1,1
104,3,0.2890625,0.33203125,0.37890625,0.79296875,1,1
104,3,0.2890625,0.33203125,0.37890625,0.79296875,3,1
104,3,0.390625,0.34375,0.57421875,0.7421875,1,1
104,3,0.4921875,0.3046875,0.6328125,0.796875,1,1
104,3,0.4921875,0.3046875,0.6328125,0.796875,3,1
104,3,0.58203125,0.3125,0.70703125,0.7578125,1,1
104,3,0.58203125,0.3125,0.70703125,0.7578125,3,1
104,3,0.77734375,0.3125,0.90234375,0.73046875,1,1
104,3,0.77734375,0.3125,0.90234375,0.73046875,3,1
104,3,0.91015625,0.30859375,0.98046875,0.65234375,1,1
104,3,0.91015625,0.30859375,0.98046875,0.65234375,3,1
104,2,0.1796875,0.21484375,0.3203125,0.328125,1,1
104,2,0.1796875,0.21484375,0.3203125,0.328125,4,1
104,2,0.15625,0.26953125,0.21875,0.4609375,1,1
104,2,0.15625,0.26953125,0.21875,0.4609375,4,1
104,2,0.05078125,0.4140625,0.1953125,0.6953125,1,1
104,2,0.23046875,0.35546875,0.28515625,0.671875,1,1
104,2,0.296875,0.33203125,0.3984375,0.8125,1,1
104,2,0.38671875,0.34375,0.578125,0.69921875,1,1
104,2,0.484375,0.3125,0.625,0.6953125,1,1
104,2,0.484375,0.3125,0.625,0.6953125,3,1
104,2,0.59375,0.3046875,0.7109375,0.75390625,1,1
104,2,0.59375,0.3046875,0.7109375,0.75390625,3,1
104,2,0.77734375,0.30859375,0.89453125,0.734375,1,1
104,2,0.77734375,0.30859375,0.89453125,0.734375,3,1
104,2,0.9140625,0.31640625,0.98828125,0.6953125,1,1
104,2,0.9140625,0.31640625,0.98828125,0.6953125,3,1
103,7,0.765625,0.27734375,0.88671875,0.62890625,1,1
103,7,0.765625,0.27734375,0.88671875,0.62890625,3,1
103,7,0.5703125,0.234375,0.65625,0.40234375,2,1
103,7,0.5703125,0.234375,0.65625,0.40234375,5,1
103,7,0.67578125,0.2109375,0.765625,0.41015625,2,1
103,7,0.67578125,0.2109375,0.765625,0.41015625,5,1
103,7,0.36328125,0.30859375,0.5078125,0.7109375,1,1
103,7,0.265625,0.328125,0.37109375,0.7890625,1,1
103,7,0.265625,0.328125,0.37109375,0.7890625,3,1
103,7,0.1875,0.390625,0.30859375,0.78515625,1,1
103,7,0.1875,0.390625,0.30859375,0.78515625,3,1
103,7,0.11328125,0.39453125,0.18359375,0.7890625,1,1
103,7,0.11328125,0.39453125,0.18359375,0.7890625,3,1
103,7,0.05859375,0.390625,0.12109375,0.7734375,1,1
103,7,0.05859375,0.390625,0.12109375,0.7734375,3,1
103,7,0.90625,0.3046875,0.98828125,0.68359375,1,1
103,7,0.90625,0.3046875,0.98828125,0.68359375,3,1
103,7,0.21484375,0.21484375,0.31640625,0.3203125,1,1
103,7,0.11328125,0.28125,0.2265625,0.3984375,1,1
103,7,0.11328125,0.28125,0.2265625,0.3984375,4,1
104,2,0.69921875,0.19921875,0.78125,0.296875,2,1
104,2,0.578125,0.21875,0.64453125,0.3046875,2,1
104,2,0.4140625,0.234375,0.48828125,0.328125,2,1
104,5,0.41796875,0.23046875,0.484375,0.32421875,2,1
103,6,0.578125,0.234375,0.66796875,0.41015625,2,1
103,6,0.578125,0.234375,0.66796875,0.41015625,5,1
103,6,0.375,0.31640625,0.4921875,0.71875,1,1
103,6,0.28125,0.33203125,0.3671875,0.76171875,1,1
103,6,0.28125,0.33203125,0.3671875,0.76171875,3,1
103,6,0.1875,0.390625,0.30859375,0.77734375,1,1
103,6,0.1875,0.390625,0.30859375,0.77734375,3,1
103,6,0.11328125,0.390625,0.17578125,0.75390625,1,1
103,6,0.11328125,0.390625,0.17578125,0.75390625,3,1
103,6,0.03515625,0.3984375,0.1015625,0.74609375,1,1
103,6,0.03515625,0.3984375,0.1015625,0.74609375,3,1
103,6,0.109375,0.26953125,0.22265625,0.40625,1,1
103,6,0.109375,0.26953125,0.22265625,0.40625,4,1
103,6,0.68359375,0.21875,0.78125,0.390625,2,1
103,6,0.68359375,0.21875,0.78125,0.390625,5,1
103,6,0.77734375,0.2890625,0.88671875,0.640625,1,1
103,6,0.91015625,0.3125,0.98828125,0.6328125,1,1
103,6,0.91015625,0.3125,0.98828125,0.6328125,3,1
103,5,0.703125,0.171875,0.7578125,0.2421875,1,1
103,5,0.55859375,0.21875,0.66015625,0.40625,2,1
103,5,0.55859375,0.21875,0.66015625,0.40625,5,1
103,5,0.68359375,0.234375,0.77734375,0.3984375,2,1
103,5,0.68359375,0.234375,0.77734375,0.3984375,5,1
103,5,0.7734375,0.28515625,0.890625,0.65234375,1,1
103,5,0.90234375,0.296875,0.98828125,0.65234375,1,1
103,5,0.375,0.31640625,0.5,0.71484375,1,1
103,5,0.375,0.31640625,0.5,0.71484375,3,1
103,5,0.26953125,0.34765625,0.3671875,0.74609375,3,1
103,5,0.26953125,0.34765625,0.3671875,0.74609375,1,1
103,5,0.19140625,0.39453125,0.31640625,0.77734375,1,1
103,5,0.19140625,0.39453125,0.31640625,0.77734375,3,1
103,5,0.11328125,0.40234375,0.18359375,0.76953125,1,1
103,5,0.11328125,0.40234375,0.18359375,0.76953125,3,1
103,5,0.046875,0.390625,0.1171875,0.75390625,1,1
103,5,0.046875,0.390625,0.1171875,0.75390625,3,1
103,5,0.2109375,0.203125,0.3046875,0.3359375,1,1
103,5,0.109375,0.26953125,0.2265625,0.390625,1,1
103,5,0.109375,0.26953125,0.2265625,0.390625,4,1
103,4,0.69921875,0.16015625,0.75390625,0.2421875,1,1
103,4,0.56640625,0.2265625,0.65234375,0.40234375,2,1
103,4,0.56640625,0.2265625,0.65234375,0.40234375,5,1
103,4,0.68359375,0.2421875,0.765625,0.390625,2,1
103,4,0.68359375,0.2421875,0.765625,0.390625,5,1
103,4,0.40234375,0.26171875,0.46484375,0.36328125,2,1
103,4,0.3828125,0.33203125,0.515625,0.7109375,1,1
103,4,0.78125,0.296875,0.8984375,0.65234375,1,1
103,4,0.90625,0.30078125,0.98828125,0.6484375,1,1
103,4,0.2890625,0.359375,0.3828125,0.75390625,1,1
103,4,0.2890625,0.359375,0.3828125,0.75390625,3,1
103,4,0.1875,0.38671875,0.3125,0.7890625,1,1
103,4,0.1875,0.38671875,0.3125,0.7890625,3,1
103,4,0.1015625,0.390625,0.18359375,0.78125,1,1
103,4,0.1015625,0.390625,0.18359375,0.78125,3,1
103,4,0.046875,0.38671875,0.1171875,0.76953125,1,1
103,4,0.09375,0.2421875,0.21484375,0.38671875,1,1
103,4,0.09375,0.2421875,0.21484375,0.38671875,4,1
103,4,0.2109375,0.21484375,0.3125,0.30859375,1,1
103,3,0.19140625,0.21875,0.30859375,0.31640625,1,1
103,3,0.08203125,0.26953125,0.2109375,0.40234375,1,1
103,3,0.08203125,0.26953125,0.2109375,0.40234375,4,1
103,3,0.046875,0.421875,0.12890625,0.8125,1,1
103,3,0.046875,0.421875,0.12890625,0.8125,3,1
103,3,0.109375,0.375,0.20703125,0.75390625,1,1
103,3,0.109375,0.375,0.20703125,0.75390625,3,1
103,3,0.1875,0.3828125,0.3046875,0.73828125,1,1
103,3,0.1875,0.3828125,0.3046875,0.73828125,3,1
103,3,0.28125,0.34375,0.390625,0.734375,1,1
103,3,0.28125,0.34375,0.390625,0.734375,3,1
103,3,0.38671875,0.3125,0.5078125,0.703125,1,1
103,3,0.578125,0.234375,0.66796875,0.39453125,2,1
103,3,0.578125,0.234375,0.66796875,0.39453125,5,1
103,3,0.67578125,0.2421875,0.77734375,0.37890625,2,1
103,3,0.67578125,0.2421875,0.77734375,0.37890625,5,1
103,3,0.69140625,0.15234375,0.765625,0.234375,1,1
103,3,0.79296875,0.31640625,0.921875,0.7109375,1,1
103,3,0.9140625,0.3203125,0.98828125,0.62890625,1,1
103,2,0.70703125,0.15625,0.765625,0.25,1,1
103,2,0.6796875,0.2421875,0.78125,0.3828125,2,1
103,2,0.6796875,0.2421875,0.78125,0.3828125,5,1
103,2,0.56640625,0.2265625,0.65625,0.40234375,2,1
103,2,0.56640625,0.2265625,0.65625,0.40234375,5,1
103,2,0.38671875,0.33203125,0.53515625,0.7109375,1,1
103,2,0.28515625,0.33984375,0.37109375,0.7734375,1,1
103,2,0.28515625,0.33984375,0.37109375,0.7734375,3,1
103,2,0.1875,0.37890625,0.3046875,0.80859375,1,1
103,2,0.1875,0.37890625,0.3046875,0.80859375,3,1
103,2,0.1171875,0.41015625,0.19140625,0.76171875,1,1
103,2,0.1171875,0.41015625,0.19140625,0.76171875,3,1
103,2,0.04296875,0.40234375,0.125,0.75390625,1,1
103,2,0.04296875,0.40234375,0.125,0.75390625,3,1
103,2,0.0859375,0.28125,0.21875,0.3984375,1,1
103,2,0.0859375,0.28125,0.21875,0.3984375,4,1
103,2,0.7890625,0.3125,0.90625,0.6875,1,1
103,2,0.90625,0.2890625,0.98828125,0.65625,1,1
103,2,0.90625,0.2890625,0.98828125,0.65625,3,1
111,7,0.1640625,0.296875,0.23828125,0.47265625,1,1
111,7,0.1640625,0.296875,0.23828125,0.47265625,4,1
111,7,0.1171875,0.26953125,0.19921875,0.41796875,1,1
111,7,0.1171875,0.26953125,0.19921875,0.41796875,4,1
111,7,0.0546875,0.41015625,0.16796875,0.7890625,1,1
111,7,0.0546875,0.41015625,0.16796875,0.7890625,3,1
111,7,0.2734375,0.38671875,0.41796875,0.765625,1,1
111,7,0.2734375,0.38671875,0.41796875,0.765625,3,1
111,7,0.2734375,0.28125,0.37109375,0.40234375,2,1
111,7,0.2734375,0.28125,0.37109375,0.40234375,5,1
111,7,0.44921875,0.2421875,0.52734375,0.4375,2,1
111,7,0.44921875,0.2421875,0.52734375,0.4375,5,1
111,7,0.60546875,0.34375,0.8046875,0.71484375,1,1
111,7,0.60546875,0.34375,0.8046875,0.71484375,3,1
111,7,0.5546875,0.21484375,0.66796875,0.3671875,2,1
111,7,0.5546875,0.21484375,0.66796875,0.3671875,5,1
111,7,0.69921875,0.23828125,0.7734375,0.37890625,2,1
111,7,0.69921875,0.23828125,0.7734375,0.37890625,5,1
111,7,0.78515625,0.25,0.8828125,0.39453125,2,1
111,7,0.78515625,0.25,0.8828125,0.39453125,5,1
111,7,0.875,0.25390625,0.9375,0.37890625,2,1
111,7,0.875,0.25390625,0.9375,0.37890625,5,1
111,7,0.703125,0.1484375,0.78515625,0.22265625,1,1
112,2,0.30078125,0.37109375,0.55078125,0.73046875,1,1
112,2,0.265625,0.28125,0.35546875,0.43359375,2,1
112,2,0.359375,0.22265625,0.421875,0.34375,2,1
112,2,0.359375,0.22265625,0.421875,0.34375,5,1
112,2,0.44921875,0.25390625,0.51953125,0.40625,2,1
112,2,0.57421875,0.25390625,0.67578125,0.4140625,2,1
112,2,0.57421875,0.25390625,0.67578125,0.4140625,5,1
112,2,0.68359375,0.23046875,0.77734375,0.4140625,2,1
112,2,0.78125,0.23828125,0.875,0.40625,2,1
112,2,0.78125,0.23828125,0.875,0.40625,5,1
112,2,0.54296875,0.15625,0.609375,0.27734375,1,1
112,2,0.61328125,0.15625,0.68359375,0.2734375,1,1
112,2,0.87109375,0.26953125,0.9375,0.40234375,2,1
112,2,0.87109375,0.26953125,0.9375,0.40234375,5,1
112,2,0.92578125,0.25390625,0.98828125,0.39453125,2,1
112,2,0.92578125,0.25390625,0.98828125,0.39453125,5,1
112,3,0.3125,0.37890625,0.5546875,0.7109375,1,1
112,3,0.265625,0.296875,0.35546875,0.43359375,2,1
112,3,0.265625,0.296875,0.35546875,0.43359375,5,1
112,3,0.33984375,0.24609375,0.41796875,0.3515625,2,1
112,3,0.453125,0.234375,0.515625,0.40625,2,1
112,3,0.5859375,0.2734375,0.6796875,0.3984375,2,1
112,3,0.5859375,0.2734375,0.6796875,0.3984375,5,1
112,3,0.6875,0.25390625,0.80078125,0.4140625,2,1
112,3,0.77734375,0.25,0.859375,0.390625,2,1
112,3,0.77734375,0.25,0.859375,0.390625,5,1
112,3,0.6171875,0.16015625,0.6796875,0.27734375,1,1
112,3,0.86328125,0.25390625,0.9375,0.390625,2,1
112,3,0.86328125,0.25390625,0.9375,0.390625,5,1
112,3,0.92578125,0.26171875,0.98828125,0.3984375,2,1
112,3,0.92578125,0.26171875,0.98828125,0.3984375,5,1
112,4,0.3046875,0.375,0.5703125,0.734375,1,1
112,4,0.28515625,0.28125,0.34765625,0.41796875,2,1
112,4,0.359375,0.23828125,0.41796875,0.3515625,2,1
112,4,0.359375,0.23828125,0.41796875,0.3515625,5,1
112,4,0.4453125,0.23046875,0.51953125,0.41015625,2,1
112,4,0.4453125,0.23046875,0.51953125,0.41015625,5,1
112,4,0.57421875,0.27734375,0.6796875,0.40234375,2,1
112,4,0.57421875,0.27734375,0.6796875,0.40234375,5,1
112,4,0.6875,0.2421875,0.7890625,0.3984375,2,1
112,4,0.6875,0.2421875,0.7890625,0.3984375,5,1
112,4,0.78125,0.25390625,0.8828125,0.39453125,2,1
112,4,0.78125,0.25390625,0.8828125,0.39453125,5,1
112,4,0.86328125,0.25390625,0.94921875,0.37890625,2,1
112,4,0.86328125,0.25390625,0.94921875,0.37890625,5,1
112,4,0.94140625,0.28125,0.98828125,0.390625,2,1
112,4,0.94140625,0.28125,0.98828125,0.390625,5,1
112,4,0.546875,0.16015625,0.609375,0.28515625,1,1
112,4,0.6171875,0.16015625,0.67578125,0.27734375,1,1
112,4,0.66015625,0.12890625,0.73046875,0.2578125,1,1
112,5,0.3125,0.37109375,0.55078125,0.74609375,1,1
112,5,0.265625,0.27734375,0.34375,0.4140625,2,1
112,5,0.265625,0.27734375,0.34375,0.4140625,5,1
112,5,0.3671875,0.23828125,0.42578125,0.359375,2,1
112,5,0.3671875,0.23828125,0.42578125,0.359375,5,1
112,5,0.44921875,0.25390625,0.51171875,0.37109375,2,1
112,5,0.44921875,0.25390625,0.51171875,0.37109375,5,1
112,5,0.55859375,0.25,0.671875,0.40625,2,1
112,5,0.55859375,0.25,0.671875,0.40625,5,1
112,5,0.67578125,0.25,0.78125,0.40234375,2,1
112,5,0.67578125,0.25,0.78125,0.40234375,5,1
112,5,0.7734375,0.234375,0.875,0.40625,2,1
112,5,0.7734375,0.234375,0.875,0.40625,5,1
112,5,0.86328125,0.2578125,0.9375,0.3828125,2,1
112,5,0.86328125,0.2578125,0.9375,0.3828125,5,1
112,5,0.93359375,0.26953125,0.98828125,0.3984375,2,1
112,5,0.93359375,0.26953125,0.98828125,0.3984375,5,1
112,5,0.546875,0.15625,0.609375,0.3046875,1,1
112,5,0.62109375,0.1484375,0.67578125,0.28515625,1,1
112,5,0.65625,0.1171875,0.734375,0.2734375,1,1
112,6,0.26953125,0.2890625,0.36328125,0.4453125,2,1
112,6,0.26953125,0.2890625,0.36328125,0.4453125,5,1
112,6,0.3203125,0.3515625,0.546875,0.72265625,1,1
112,6,0.3203125,0.3515625,0.546875,0.72265625,3,1
112,6,0.3671875,0.234375,0.421875,0.3359375,2,1
112,6,0.44921875,0.2421875,0.515625,0.41015625,2,1
112,6,0.68359375,0.24609375,0.78515625,0.390625,2,1
112,6,0.68359375,0.24609375,0.78515625,0.390625,5,1
112,6,0.77734375,0.2578125,0.86328125,0.40625,2,1
112,6,0.77734375,0.2578125,0.86328125,0.40625,5,1
112,6,0.859375,0.25390625,0.93359375,0.39453125,2,1
112,6,0.859375,0.25390625,0.93359375,0.39453125,5,1
112,6,0.9296875,0.24609375,0.98828125,0.38671875,2,1
112,6,0.9296875,0.24609375,0.98828125,0.38671875,5,1
112,6,0.5390625,0.1484375,0.60546875,0.26171875,1,1
112,6,0.6171875,0.15234375,0.671875,0.24609375,1,1
112,6,0.6796875,0.15625,0.7265625,0.2421875,1,1
112,7,0.3125,0.34765625,0.55078125,0.734375,1,1
112,7,0.3125,0.34765625,0.55078125,0.734375,3,1
112,7,0.2734375,0.296875,0.3515625,0.4296875,2,1
112,7,0.2734375,0.296875,0.3515625,0.4296875,5,1
112,7,0.35546875,0.234375,0.42578125,0.34375,2,1
112,7,0.35546875,0.234375,0.42578125,0.34375,5,1
112,7,0.4609375,0.24609375,0.53125,0.41015625,2,1
112,7,0.4609375,0.24609375,0.53125,0.41015625,5,1
112,7,0.55078125,0.25390625,0.671875,0.4140625,2,1
112,7,0.55078125,0.25390625,0.671875,0.4140625,5,1
112,7,0.5390625,0.14453125,0.61328125,0.2578125,1,1
112,7,0.6171875,0.16015625,0.6875,0.2578125,1,1
112,7,0.66796875,0.1640625,0.7421875,0.265625,1,1
112,7,0.69140625,0.24609375,0.8125,0.42578125,2,1
112,7,0.69140625,0.24609375,0.8125,0.42578125,5,1
112,7,0.78515625,0.24609375,0.88671875,0.421875,2,1
112,7,0.78515625,0.24609375,0.88671875,0.421875,5,1
112,7,0.8671875,0.24609375,0.9375,0.39453125,2,1
112,7,0.8671875,0.24609375,0.9375,0.39453125,5,1
112,7,0.93359375,0.25,0.98828125,0.390625,2,1
112,7,0.93359375,0.25,0.98828125,0.390625,5,1
113,2,0.5703125,0.23828125,0.65625,0.40625,2,1
113,2,0.5703125,0.23828125,0.65625,0.40625,5,1
113,2,0.45703125,0.23828125,0.51171875,0.328125,2,1
113,2,0.45703125,0.23828125,0.51171875,0.328125,5,1
113,2,0.36328125,0.24609375,0.44140625,0.34375,2,1
113,2,0.36328125,0.24609375,0.44140625,0.34375,5,1
113,2,0.2421875,0.23046875,0.34375,0.515625,1,1
113,2,0.7109375,0.20703125,0.7734375,0.32421875,2,1
113,2,0.7109375,0.20703125,0.7734375,0.32421875,5,1
113,2,0.796875,0.21484375,0.86328125,0.31640625,2,1
113,2,0.796875,0.21484375,0.86328125,0.31640625,5,1
113,2,0.9140625,0.2578125,0.99609375,0.41015625,2,1
113,2,0.9140625,0.2578125,0.99609375,0.41015625,5,1
113,3,0.24609375,0.234375,0.34375,0.46875,1,1
113,3,0.3671875,0.25390625,0.43359375,0.36328125,2,1
113,3,0.3671875,0.25390625,0.43359375,0.36328125,5,1
113,3,0.4609375,0.2265625,0.51171875,0.34375,2,1
113,3,0.4609375,0.2265625,0.51171875,0.34375,5,1
113,3,0.5625,0.21875,0.66015625,0.421875,2,1
113,3,0.5625,0.21875,0.66015625,0.421875,5,1
113,3,0.71875,0.21484375,0.7734375,0.32421875,2,1
113,3,0.71875,0.21484375,0.7734375,0.32421875,5,1
113,3,0.80078125,0.21484375,0.8515625,0.3203125,2,1
113,3,0.80078125,0.21484375,0.8515625,0.3203125,5,1
113,3,0.9140625,0.26953125,0.9921875,0.4140625,2,1
113,3,0.9140625,0.26953125,0.9921875,0.4140625,5,1
113,4,0.921875,0.28125,0.9921875,0.4140625,2,1
113,4,0.921875,0.28125,0.9921875,0.4140625,5,1
113,4,0.8046875,0.2265625,0.86328125,0.3203125,2,1
113,4,0.8046875,0.2265625,0.86328125,0.3203125,5,1
113,4,0.71875,0.203125,0.78515625,0.328125,2,1
113,4,0.71875,0.203125,0.78515625,0.328125,5,1
113,4,0.5625,0.2265625,0.66015625,0.41015625,2,1
113,4,0.5625,0.2265625,0.66015625,0.41015625,5,1
113,4,0.45703125,0.234375,0.5078125,0.3359375,2,1
113,4,0.45703125,0.234375,0.5078125,0.3359375,5,1
113,4,0.36328125,0.25390625,0.4375,0.35546875,2,1
113,4,0.36328125,0.25390625,0.4375,0.35546875,5,1
113,4,0.234375,0.234375,0.3515625,0.5,1,1
113,5,0.578125,0.2421875,0.67578125,0.3984375,2,1
113,5,0.578125,0.2421875,0.67578125,0.3984375,5,1
113,5,0.45703125,0.23046875,0.5078125,0.33984375,2,1
113,5,0.45703125,0.23046875,0.5078125,0.33984375,5,1
113,5,0.37109375,0.24609375,0.4453125,0.35546875,2,1
113,5,0.37109375,0.24609375,0.4453125,0.35546875,5,1
113,5,0.25,0.234375,0.34765625,0.484375,2,1
113,5,0.25,0.234375,0.34765625,0.484375,5,1
113,5,0.71875,0.2109375,0.77734375,0.3203125,2,1
113,5,0.921875,0.27734375,0.9921875,0.41015625,2,1
113,5,0.921875,0.27734375,0.9921875,0.41015625,5,1
113,5,0.796875,0.21875,0.859375,0.3125,2,1
113,5,0.8671875,0.234375,0.90625,0.3125,2,1
113,6,0.24609375,0.234375,0.34375,0.48046875,1,1
113,6,0.3671875,0.2265625,0.4375,0.37109375,2,1
113,6,0.3671875,0.2265625,0.4375,0.37109375,5,1
113,6,0.453125,0.21484375,0.5078125,0.33984375,2,1
113,6,0.453125,0.21484375,0.5078125,0.33984375,5,1
113,6,0.56640625,0.21484375,0.671875,0.41015625,2,1
113,6,0.56640625,0.21484375,0.671875,0.41015625,5,1
113,6,0.72265625,0.20703125,0.78515625,0.32421875,2,1
113,6,0.72265625,0.20703125,0.78515625,0.32421875,5,1
113,6,0.8125,0.203125,0.875,0.30859375,2,1
113,6,0.8125,0.203125,0.875,0.30859375,5,1
113,6,0.921875,0.2578125,0.9921875,0.41015625,2,1
113,6,0.921875,0.2578125,0.9921875,0.41015625,5,1
113,7,0.2421875,0.21875,0.34375,0.4765625,1,1
113,7,0.3671875,0.25,0.43359375,0.3671875,2,1
113,7,0.3671875,0.25,0.43359375,0.3671875,5,1
113,7,0.453125,0.22265625,0.51171875,0.33984375,2,1
113,7,0.453125,0.22265625,0.51171875,0.33984375,5,1
113,7,0.57421875,0.234375,0.6640625,0.40234375,2,1
113,7,0.57421875,0.234375,0.6640625,0.40234375,5,1
113,7,0.70703125,0.2109375,0.77734375,0.328125,2,1
113,7,0.70703125,0.2109375,0.77734375,0.328125,5,1
113,7,0.73828125,0.1484375,0.8046875,0.265625,1,1
113,7,0.8125,0.2265625,0.89453125,0.328125,2,1
113,7,0.8125,0.2265625,0.89453125,0.328125,5,1
113,7,0.9296875,0.26953125,0.98828125,0.4140625,2,1
113,7,0.9296875,0.26953125,0.98828125,0.4140625,5,1
114,2,0.37109375,0.28125,0.484375,0.43359375,2,1
114,2,0.37109375,0.28125,0.484375,0.43359375,5,1
114,2,0.5703125,0.23046875,0.625,0.33203125,2,1
114,2,0.5703125,0.23046875,0.625,0.33203125,5,1
114,2,0.63671875,0.21875,0.6875,0.31640625,2,1
114,2,0.71484375,0.21875,0.78125,0.33203125,2,1
114,2,0.80859375,0.2265625,0.859375,0.33203125,2,1
114,2,0.8828125,0.25390625,0.9296875,0.39453125,2,1
114,2,0.91796875,0.2578125,0.98828125,0.39453125,2,1
114,3,0.3671875,0.26953125,0.49609375,0.4609375,2,1
114,3,0.55078125,0.21875,0.64453125,0.328125,2,1
114,3,0.625,0.20703125,0.72265625,0.33984375,2,1
114,3,0.71875,0.203125,0.78125,0.3359375,2,1
114,3,0.84375,0.24609375,0.93359375,0.40625,2,1
114,3,0.921875,0.2578125,0.9921875,0.40234375,2,1
130,4,0.6328125,0.296875,0.7734375,0.62890625,1,1
130,4,0.5625,0.16796875,0.62890625,0.3125,1,1
130,4,0.45703125,0.1875,0.515625,0.328125,1,1
130,4,0.3671875,0.2578125,0.41015625,0.33984375,2,1
130,4,0.390625,0.28125,0.5,0.4453125,2,1
130,4,0.69921875,0.203125,0.765625,0.296875,2,1
130,4,0.69921875,0.203125,0.765625,0.296875,5,1
130,4,0.7890625,0.20703125,0.86328125,0.30859375,2,1
130,4,0.7890625,0.20703125,0.86328125,0.30859375,5,1
130,4,0.8828125,0.23046875,0.953125,0.33203125,2,1
130,4,0.8828125,0.23046875,0.953125,0.33203125,5,1
130,3,0.61328125,0.30078125,0.734375,0.59375,1,1
130,3,0.39453125,0.26953125,0.47265625,0.4375,2,1
130,3,0.39453125,0.26953125,0.47265625,0.4375,5,1
130,3,0.35546875,0.2421875,0.41015625,0.34375,2,1
130,3,0.35546875,0.2421875,0.41015625,0.34375,5,1
130,3,0.45703125,0.1640625,0.51171875,0.33203125,1,1
130,3,0.55859375,0.14453125,0.625,0.31640625,1,1
130,3,0.65234375,0.19921875,0.71484375,0.296875,2,1
130,3,0.65234375,0.19921875,0.71484375,0.296875,5,1
130,3,0.71484375,0.19921875,0.78515625,0.3046875,2,1
130,3,0.79296875,0.203125,0.859375,0.32421875,2,1
130,3,0.87890625,0.1875,0.9609375,0.33984375,2,1
130,2,0.6015625,0.28515625,0.734375,0.58984375,1,1
130,2,0.3828125,0.2890625,0.484375,0.42578125,2,1
130,2,0.3828125,0.2890625,0.484375,0.42578125,5,1
130,2,0.34765625,0.265625,0.43359375,0.34765625,2,1
130,2,0.45703125,0.16796875,0.515625,0.33203125,1,1
130,2,0.56640625,0.171875,0.63671875,0.31640625,1,1
130,2,0.6484375,0.21875,0.7109375,0.30859375,2,1
130,2,0.72265625,0.2109375,0.80859375,0.32421875,2,1
130,2,0.8046875,0.21875,0.88671875,0.33984375,2,1
130,2,0.89453125,0.21875,0.96875,0.3515625,2,1
129,7,0.12890625,0.3671875,0.31640625,0.75,1,1
129,7,0.12890625,0.3671875,0.31640625,0.75,3,1
129,7,0.34765625,0.25,0.41796875,0.35546875,2,1
129,7,0.34765625,0.25,0.41796875,0.35546875,5,1
129,7,0.44140625,0.203125,0.51171875,0.34375,2,1
129,7,0.44140625,0.203125,0.51171875,0.34375,5,1
129,7,0.609375,0.203125,0.703125,0.34375,2,1
129,7,0.609375,0.203125,0.703125,0.34375,5,1
129,7,0.71484375,0.203125,0.79296875,0.328125,2,1
129,7,0.71484375,0.203125,0.79296875,0.328125,5,1
129,7,0.80859375,0.20703125,0.8671875,0.33203125,2,1
129,7,0.80859375,0.20703125,0.8671875,0.33203125,5,1
129,7,0.890625,0.2109375,0.96875,0.33203125,2,1
129,7,0.890625,0.2109375,0.96875,0.33203125,5,1
129,6,0.140625,0.35546875,0.31640625,0.75390625,1,1
129,6,0.140625,0.35546875,0.31640625,0.75390625,3,1
129,6,0.0,0.41796875,0.07421875,0.71484375,1,1
129,6,0.0,0.41796875,0.07421875,0.71484375,3,1
129,6,0.359375,0.2421875,0.42578125,0.35546875,2,1
129,6,0.359375,0.2421875,0.42578125,0.35546875,5,1
129,6,0.4609375,0.22265625,0.51953125,0.36328125,2,1
129,6,0.4609375,0.22265625,0.51953125,0.36328125,5,1
129,6,0.60546875,0.20703125,0.71875,0.34765625,2,1
129,6,0.60546875,0.20703125,0.71875,0.34765625,5,1
129,6,0.71875,0.2109375,0.7890625,0.32421875,2,1
129,6,0.80078125,0.203125,0.8671875,0.33203125,2,1
129,6,0.88671875,0.2109375,0.94921875,0.3359375,2,1
129,5,0.3515625,0.23046875,0.4296875,0.359375,2,1
129,5,0.3515625,0.23046875,0.4296875,0.359375,5,1
129,5,0.1328125,0.36328125,0.30859375,0.75,2,1
129,5,0.1328125,0.36328125,0.30859375,0.75,5,1
129,5,0.45703125,0.22265625,0.51953125,0.3515625,2,1
129,5,0.45703125,0.22265625,0.51953125,0.3515625,5,1
129,5,0.6015625,0.1953125,0.70703125,0.34765625,2,1
129,5,0.71484375,0.20703125,0.78515625,0.34375,2,1
129,5,0.8046875,0.21484375,0.8671875,0.33984375,2,1
129,5,0.8828125,0.22265625,0.96484375,0.34765625,2,1
129,4,0.609375,0.20703125,0.70703125,0.33984375,1,1
129,4,0.609375,0.20703125,0.70703125,0.33984375,3,1
129,4,0.45703125,0.23828125,0.51953125,0.34375,2,1
129,4,0.45703125,0.23828125,0.51953125,0.34375,5,1
129,4,0.37109375,0.2578125,0.4296875,0.3515625,2,1
129,4,0.37109375,0.2578125,0.4296875,0.3515625,5,1
129,4,0.14453125,0.3828125,0.30078125,0.75,1,1
129,4,0.14453125,0.3828125,0.30078125,0.75,3,1
129,4,0.0,0.421875,0.0703125,0.73046875,1,1
129,4,0.0,0.421875,0.0703125,0.73046875,3,1
129,4,0.72265625,0.2109375,0.78125,0.34375,2,1
129,4,0.80078125,0.21484375,0.86328125,0.33984375,2,1
129,4,0.8828125,0.2265625,0.9609375,0.359375,2,1
129,3,0.3515625,0.234375,0.4296875,0.375,2,1
129,3,0.3515625,0.234375,0.4296875,0.375,5,1
129,3,0.1015625,0.35546875,0.29296875,0.76953125,1,1
129,3,0.1015625,0.35546875,0.29296875,0.76953125,3,1
129,3,0.00390625,0.421875,0.0625,0.73046875,1,1
129,3,0.00390625,0.421875,0.0625,0.73046875,3,1
129,3,0.4609375,0.21875,0.515625,0.3359375,2,1
129,3,0.4609375,0.21875,0.515625,0.3359375,5,1
129,3,0.59765625,0.203125,0.71484375,0.33984375,2,1
129,3,0.59765625,0.203125,0.71484375,0.33984375,5,1
129,3,0.72265625,0.2109375,0.80859375,0.33203125,2,1
129,3,0.72265625,0.2109375,0.80859375,0.33203125,5,1
129,3,0.8046875,0.20703125,0.87109375,0.3359375,2,1
129,3,0.8046875,0.20703125,0.87109375,0.3359375,5,1
129,3,0.88671875,0.2109375,0.95703125,0.33203125,2,1
129,3,0.88671875,0.2109375,0.95703125,0.33203125,5,1
129,2,0.359375,0.2578125,0.42578125,0.3671875,2,1
129,2,0.359375,0.2578125,0.42578125,0.3671875,5,1
129,2,0.14453125,0.36328125,0.296875,0.76953125,1,1
129,2,0.14453125,0.36328125,0.296875,0.76953125,3,1
129,2,0.0,0.39453125,0.0625,0.73046875,1,1
129,2,0.0,0.39453125,0.0625,0.73046875,3,1
129,2,0.45703125,0.21484375,0.515625,0.3359375,2,1
129,2,0.45703125,0.21484375,0.515625,0.3359375,5,1
129,2,0.6015625,0.21875,0.71484375,0.328125,2,1
129,2,0.71875,0.1953125,0.78125,0.33984375,2,1
129,2,0.71875,0.1953125,0.78125,0.33984375,5,1
129,2,0.796875,0.20703125,0.86328125,0.3203125,2,1
129,2,0.90234375,0.22265625,0.9609375,0.33984375,2,1
128,7,0.34765625,0.30859375,0.43359375,0.80078125,1,1
128,7,0.34765625,0.30859375,0.43359375,0.80078125,3,1
128,7,0.23046875,0.359375,0.33203125,0.75390625,1,1
128,7,0.23046875,0.359375,0.33203125,0.75390625,3,1
128,7,0.01171875,0.41015625,0.125,0.74609375,1,1
128,7,0.01171875,0.41015625,0.125,0.74609375,3,1
128,7,0.15234375,0.21875,0.25,0.33203125,1,1
128,7,0.41796875,0.26171875,0.4765625,0.41015625,2,1
128,7,0.41796875,0.26171875,0.4765625,0.41015625,5,1
128,7,0.5625,0.22265625,0.6328125,0.3046875,2,1
128,7,0.5625,0.22265625,0.6328125,0.3046875,5,1
128,7,0.703125,0.27734375,0.8828125,0.578125,1,1
128,7,0.63671875,0.23046875,0.703125,0.48828125,1,1
128,7,0.890625,0.25390625,0.94140625,0.37109375,2,1
128,7,0.93359375,0.3203125,0.9921875,0.5390625,1,1
128,6,0.23046875,0.34765625,0.33203125,0.78125,1,1
128,6,0.23046875,0.34765625,0.33203125,0.78125,3,1
128,6,0.34375,0.30078125,0.43359375,0.8125,1,1
128,6,0.34375,0.30078125,0.43359375,0.8125,3,1
128,6,0.40625,0.24609375,0.48828125,0.4296875,2,1
128,6,0.40625,0.24609375,0.48828125,0.4296875,5,1
128,6,0.15234375,0.23046875,0.23828125,0.328125,1,1
128,6,0.0078125,0.43359375,0.12890625,0.76953125,1,1
128,6,0.0078125,0.43359375,0.12890625,0.76953125,3,1
128,6,0.55078125,0.18359375,0.63671875,0.30859375,2,1
128,6,0.55078125,0.18359375,0.63671875,0.30859375,5,1
128,6,0.6953125,0.265625,0.9453125,0.5859375,1,1
128,6,0.609375,0.27734375,0.703125,0.50390625,1,1
128,6,0.85546875,0.203125,0.92578125,0.375,2,1
128,6,0.94140625,0.3359375,0.9921875,0.58984375,1,1
114,4,0.36328125,0.26953125,0.48046875,0.4296875,2,1
114,4,0.36328125,0.26953125,0.48046875,0.4296875,5,1
114,4,0.578125,0.20703125,0.625,0.33984375,2,1
114,4,0.62890625,0.22265625,0.72265625,0.3359375,2,1
114,4,0.72265625,0.21484375,0.8046875,0.33984375,2,1
114,4,0.86328125,0.2578125,0.9296875,0.39453125,2,1
114,4,0.921875,0.24609375,0.9921875,0.40234375,2,1
114,4,0.921875,0.24609375,0.9921875,0.40234375,5,1
114,5,0.36328125,0.26953125,0.484375,0.45703125,2,1
114,5,0.36328125,0.26953125,0.484375,0.45703125,5,1
114,5,0.5546875,0.203125,0.6328125,0.33203125,2,1
114,5,0.5546875,0.203125,0.6328125,0.33203125,5,1
114,5,0.6328125,0.21875,0.69140625,0.3515625,2,1
114,5,0.6328125,0.21875,0.69140625,0.3515625,5,1
114,5,0.71875,0.203125,0.796875,0.328125,2,1
114,5,0.71875,0.203125,0.796875,0.328125,5,1
114,5,0.80859375,0.21875,0.8515625,0.3203125,2,1
114,5,0.80859375,0.21875,0.8515625,0.3203125,5,1
114,5,0.87109375,0.25,0.94140625,0.3984375,2,1
114,5,0.87109375,0.25,0.94140625,0.3984375,5,1
114,5,0.92578125,0.25390625,0.99609375,0.39453125,2,1
114,5,0.92578125,0.25390625,0.99609375,0.39453125,5,1
114,6,0.3828125,0.2890625,0.48828125,0.43359375,2,1
114,6,0.3828125,0.2890625,0.48828125,0.43359375,5,1
114,6,0.57421875,0.21875,0.63671875,0.33203125,2,1
114,6,0.57421875,0.21875,0.63671875,0.33203125,5,1
114,6,0.6328125,0.20703125,0.69921875,0.33984375,2,1
114,6,0.6328125,0.20703125,0.69921875,0.33984375,5,1
114,6,0.71484375,0.19140625,0.7890625,0.3359375,2,1
114,6,0.71484375,0.19140625,0.7890625,0.3359375,5,1
114,6,0.80078125,0.20703125,0.8671875,0.3359375,2,1
114,6,0.80078125,0.20703125,0.8671875,0.3359375,5,1
114,6,0.875,0.23046875,0.9453125,0.3984375,2,1
114,6,0.875,0.23046875,0.9453125,0.3984375,5,1
114,6,0.91796875,0.25,0.99609375,0.40234375,2,1
114,6,0.91796875,0.25,0.99609375,0.40234375,5,1
114,7,0.375,0.265625,0.484375,0.421875,2,1
114,7,0.375,0.265625,0.484375,0.421875,5,1
114,7,0.55859375,0.203125,0.6328125,0.34765625,2,1
114,7,0.55859375,0.203125,0.6328125,0.34765625,5,1
114,7,0.63671875,0.21875,0.70703125,0.34375,2,1
114,7,0.63671875,0.21875,0.70703125,0.34375,5,1
114,7,0.71875,0.19921875,0.79296875,0.3515625,2,1
114,7,0.71875,0.19921875,0.79296875,0.3515625,5,1
114,7,0.79296875,0.203125,0.84765625,0.3203125,2,1
114,7,0.79296875,0.203125,0.84765625,0.3203125,5,1
114,7,0.875,0.234375,0.93359375,0.41015625,2,1
114,7,0.875,0.234375,0.93359375,0.41015625,5,1
114,7,0.921875,0.25390625,0.9921875,0.40234375,2,1
114,7,0.921875,0.25390625,0.9921875,0.40234375,5,1
115,2,0.3828125,0.21875,0.46875,0.4375,2,1
115,2,0.3828125,0.21875,0.46875,0.4375,5,1
115,2,0.46875,0.2265625,0.515625,0.34765625,2,1
115,2,0.46875,0.2265625,0.515625,0.34765625,5,1
115,2,0.5625,0.21484375,0.63671875,0.33203125,2,1
115,2,0.5625,0.21484375,0.63671875,0.33203125,5,1
115,2,0.63671875,0.1953125,0.71484375,0.32421875,2,1
115,2,0.63671875,0.1953125,0.71484375,0.32421875,5,1
115,2,0.7265625,0.1953125,0.796875,0.33203125,2,1
115,2,0.7265625,0.1953125,0.796875,0.33203125,5,1
115,2,0.8046875,0.19921875,0.8671875,0.30078125,2,1
115,2,0.8046875,0.19921875,0.8671875,0.30078125,5,1
115,2,0.87109375,0.25390625,0.9453125,0.390625,2,1
115,2,0.87109375,0.25390625,0.9453125,0.390625,5,1
115,2,0.93359375,0.2578125,0.99609375,0.39453125,2,1
115,2,0.93359375,0.2578125,0.99609375,0.39453125,5,1
115,3,0.38671875,0.2421875,0.484375,0.453125,2,1
115,3,0.38671875,0.2421875,0.484375,0.453125,5,1
115,3,0.46484375,0.19140625,0.51171875,0.33984375,2,1
115,3,0.46484375,0.19140625,0.51171875,0.33984375,5,1
115,3,0.56640625,0.2109375,0.62890625,0.32421875,2,1
115,3,0.56640625,0.2109375,0.62890625,0.32421875,5,1
115,3,0.6328125,0.18359375,0.703125,0.32421875,2,1
115,3,0.6328125,0.18359375,0.703125,0.32421875,5,1
115,3,0.71875,0.17578125,0.78125,0.328125,2,1
115,3,0.71875,0.17578125,0.78125,0.328125,5,1
115,3,0.80078125,0.20703125,0.84765625,0.3203125,2,1
115,3,0.80078125,0.20703125,0.84765625,0.3203125,5,1
115,3,0.875,0.26171875,0.9375,0.40625,2,1
115,3,0.875,0.26171875,0.9375,0.40625,5,1
115,3,0.9296875,0.26953125,0.9921875,0.3984375,2,1
115,3,0.9296875,0.26953125,0.9921875,0.3984375,5,1
115,4,0.38671875,0.23046875,0.4765625,0.4296875,2,1
115,4,0.38671875,0.23046875,0.4765625,0.4296875,5,1
115,4,0.47265625,0.203125,0.51171875,0.33984375,2,1
115,4,0.47265625,0.203125,0.51171875,0.33984375,5,1
115,4,0.56640625,0.203125,0.6328125,0.3203125,2,1
115,4,0.63671875,0.203125,0.72265625,0.3515625,2,1
115,4,0.73046875,0.21875,0.796875,0.3359375,2,1
115,4,0.73046875,0.21875,0.796875,0.3359375,5,1
115,4,0.796875,0.2109375,0.84765625,0.31640625,2,1
115,4,0.796875,0.2109375,0.84765625,0.31640625,5,1
115,4,0.875,0.26171875,0.9453125,0.390625,2,1
115,4,0.875,0.26171875,0.9453125,0.390625,5,1
115,4,0.921875,0.265625,0.9921875,0.390625,2,1
115,4,0.921875,0.265625,0.9921875,0.390625,5,1
115,5,0.38671875,0.25,0.47265625,0.4296875,2,1
115,5,0.38671875,0.25,0.47265625,0.4296875,5,1
115,5,0.46484375,0.20703125,0.515625,0.328125,2,1
115,5,0.5703125,0.21484375,0.6328125,0.33203125,2,1
115,5,0.5703125,0.21484375,0.6328125,0.33203125,5,1
115,5,0.6328125,0.19921875,0.7109375,0.34375,2,1
115,5,0.7265625,0.203125,0.796875,0.30859375,2,1
115,5,0.80078125,0.203125,0.84765625,0.3203125,2,1
115,5,0.875,0.2578125,0.94140625,0.3984375,2,1
115,5,0.875,0.2578125,0.94140625,0.3984375,5,1
115,5,0.921875,0.265625,0.98828125,0.40625,2,1
115,5,0.921875,0.265625,0.98828125,0.40625,5,1
115,6,0.375,0.25390625,0.47265625,0.44140625,2,1
115,6,0.375,0.25390625,0.47265625,0.44140625,5,1
115,6,0.46484375,0.21484375,0.51953125,0.33203125,2,1
115,6,0.46484375,0.21484375,0.51953125,0.33203125,5,1
115,6,0.5703125,0.21875,0.6328125,0.3203125,2,1
115,6,0.5703125,0.21875,0.6328125,0.3203125,5,1
115,6,0.6328125,0.19921875,0.703125,0.33984375,2,1
115,6,0.6328125,0.19921875,0.703125,0.33984375,5,1
115,6,0.7265625,0.1875,0.7890625,0.31640625,2,1
115,6,0.7265625,0.1875,0.7890625,0.31640625,5,1
115,6,0.80078125,0.2109375,0.8515625,0.3125,2,1
115,6,0.80078125,0.2109375,0.8515625,0.3125,5,1
115,6,0.87890625,0.265625,0.9375,0.3984375,2,1
115,6,0.87890625,0.265625,0.9375,0.3984375,5,1
115,6,0.9140625,0.22265625,0.9921875,0.421875,2,1
115,6,0.9140625,0.22265625,0.9921875,0.421875,5,1
115,7,0.375,0.25390625,0.46875,0.43359375,2,1
115,7,0.375,0.25390625,0.46875,0.43359375,5,1
115,7,0.4609375,0.2109375,0.51171875,0.34765625,2,1
115,7,0.4609375,0.2109375,0.51171875,0.34765625,5,1
115,7,0.56640625,0.20703125,0.63671875,0.33203125,2,1
115,7,0.56640625,0.20703125,0.63671875,0.33203125,5,1
115,7,0.6328125,0.1953125,0.703125,0.3203125,2,1
115,7,0.6328125,0.1953125,0.703125,0.3203125,5,1
115,7,0.7265625,0.203125,0.80078125,0.33984375,2,1
115,7,0.7265625,0.203125,0.80078125,0.33984375,5,1
115,7,0.86328125,0.24609375,0.93359375,0.39453125,2,1
115,7,0.86328125,0.24609375,0.93359375,0.39453125,5,1
115,7,0.91796875,0.2578125,0.9921875,0.3984375,2,1
115,7,0.91796875,0.2578125,0.9921875,0.3984375,5,1
116,2,0.26171875,0.24609375,0.34375,0.4765625,1,1
116,2,0.26171875,0.24609375,0.34375,0.4765625,3,1
116,2,0.44921875,0.2265625,0.515625,0.34765625,2,1
116,2,0.44921875,0.2265625,0.515625,0.34765625,5,1
116,2,0.55859375,0.203125,0.625,0.3359375,2,1
116,2,0.55859375,0.203125,0.625,0.3359375,5,1
116,2,0.6171875,0.14453125,0.6875,0.33984375,1,1
116,2,0.7265625,0.21484375,0.77734375,0.33984375,2,1
116,2,0.7265625,0.21484375,0.77734375,0.33984375,5,1
116,2,0.796875,0.22265625,0.85546875,0.41015625,2,1
116,2,0.796875,0.22265625,0.85546875,0.41015625,5,1
116,2,0.828125,0.16796875,0.86328125,0.28515625,1,1
116,3,0.265625,0.25,0.33984375,0.4765625,1,1
116,3,0.45703125,0.23046875,0.51171875,0.36328125,2,1
116,3,0.45703125,0.23046875,0.51171875,0.36328125,5,1
116,3,0.55859375,0.22265625,0.62890625,0.33203125,2,1
116,3,0.55859375,0.22265625,0.62890625,0.33203125,5,1
116,3,0.62109375,0.16796875,0.67578125,0.3359375,1,1
116,3,0.71875,0.234375,0.77734375,0.3203125,2,1
116,3,0.71875,0.234375,0.77734375,0.3203125,5,1
116,3,0.80078125,0.23828125,0.875,0.40625,2,1
116,3,0.80078125,0.23828125,0.875,0.40625,5,1
116,3,0.81640625,0.16015625,0.86328125,0.29296875,1,1
116,4,0.25390625,0.25390625,0.33984375,0.48046875,1,1
116,4,0.4375,0.21875,0.515625,0.34375,2,1
116,4,0.4375,0.21875,0.515625,0.34375,5,1
116,4,0.5703125,0.2109375,0.62890625,0.328125,5,1
116,4,0.5703125,0.2109375,0.62890625,0.328125,2,1
116,4,0.625,0.15234375,0.6796875,0.3203125,1,1
116,4,0.7265625,0.2109375,0.7734375,0.328125,2,1
116,4,0.7265625,0.2109375,0.7734375,0.328125,5,1
116,4,0.796875,0.234375,0.8671875,0.38671875,2,1
116,4,0.796875,0.234375,0.8671875,0.38671875,5,1
116,4,0.83203125,0.171875,0.859375,0.25390625,1,1
116,5,0.26171875,0.2421875,0.3359375,0.4765625,1,1
116,5,0.44921875,0.234375,0.515625,0.3671875,2,1
116,5,0.44921875,0.234375,0.515625,0.3671875,5,1
116,5,0.5625,0.20703125,0.625,0.33984375,2,1
116,5,0.5625,0.20703125,0.625,0.33984375,5,1
116,5,0.62109375,0.15234375,0.6796875,0.33984375,1,1
116,5,0.7265625,0.21484375,0.78125,0.328125,2,1
116,5,0.7265625,0.21484375,0.78125,0.328125,5,1
116,5,0.80078125,0.23046875,0.86328125,0.3984375,2,1
116,5,0.80078125,0.23046875,0.86328125,0.3984375,5,1
116,5,0.828125,0.16796875,0.86328125,0.26953125,1,1
116,6,0.82421875,0.1484375,0.859375,0.26953125,1,1
116,6,0.80859375,0.23046875,0.86328125,0.40625,2,1
116,6,0.80859375,0.23046875,0.86328125,0.40625,5,1
116,6,0.7265625,0.21484375,0.7890625,0.328125,2,1
116,6,0.7265625,0.21484375,0.7890625,0.328125,5,1
116,6,0.62109375,0.15625,0.6796875,0.32421875,1,1
116,6,0.5625,0.19921875,0.63671875,0.3359375,2,1
116,6,0.5625,0.19921875,0.63671875,0.3359375,5,1
116,6,0.4453125,0.20703125,0.51171875,0.33984375,2,1
116,6,0.4453125,0.20703125,0.51171875,0.33984375,5,1
116,6,0.25390625,0.2578125,0.33203125,0.47265625,1,1
116,7,0.2578125,0.2421875,0.33984375,0.48046875,1,1
116,7,0.45703125,0.22265625,0.515625,0.34765625,2,1
116,7,0.45703125,0.22265625,0.515625,0.34765625,5,1
116,7,0.56640625,0.21484375,0.6328125,0.34375,2,1
116,7,0.56640625,0.21484375,0.6328125,0.34375,5,1
116,7,0.625,0.16796875,0.671875,0.33203125,1,1
116,7,0.72265625,0.23046875,0.79296875,0.3203125,2,1
116,7,0.72265625,0.23046875,0.79296875,0.3203125,5,1
116,7,0.8046875,0.24609375,0.875,0.39453125,2,1
116,7,0.8046875,0.24609375,0.875,0.39453125,5,1
116,7,0.82421875,0.16015625,0.85546875,0.2578125,1,1
117,2,0.27734375,0.19921875,0.36328125,0.33203125,1,1
117,2,0.78125,0.21484375,0.87109375,0.41015625,2,1
117,2,0.78125,0.21484375,0.87109375,0.41015625,5,1
117,3,0.78125,0.2421875,0.859375,0.39453125,2,1
117,3,0.28515625,0.2109375,0.36328125,0.328125,1,1
117,4,0.27734375,0.19921875,0.3515625,0.32421875,1,1
117,4,0.76953125,0.23828125,0.87109375,0.3984375,2,1
117,4,0.76953125,0.23828125,0.87109375,0.3984375,5,1
117,5,0.77734375,0.21484375,0.87109375,0.38671875,2,1
117,5,0.77734375,0.21484375,0.87109375,0.38671875,5,1
117,5,0.26171875,0.19140625,0.33203125,0.3203125,1,1
117,6,0.25,0.19140625,0.33203125,0.296875,1,1
117,6,0.7890625,0.234375,0.87109375,0.39453125,2,1
117,6,0.7890625,0.234375,0.87109375,0.39453125,5,1
117,7,0.78125,0.22265625,0.8671875,0.39453125,2,1
117,7,0.78125,0.22265625,0.8671875,0.39453125,5,1
117,7,0.2578125,0.21875,0.32421875,0.3125,1,1
128,5,0.1640625,0.22265625,0.25,0.37109375,1,1
128,5,0.01953125,0.43359375,0.1171875,0.73828125,1,1
128,5,0.01953125,0.43359375,0.1171875,0.73828125,3,1
128,5,0.2265625,0.32421875,0.33203125,0.78515625,1,1
128,5,0.2265625,0.32421875,0.33203125,0.78515625,3,1
128,5,0.33984375,0.296875,0.4453125,0.78125,1,1
128,5,0.33984375,0.296875,0.4453125,0.78125,3,1
128,5,0.3984375,0.234375,0.4921875,0.421875,2,1
128,5,0.3984375,0.234375,0.4921875,0.421875,5,1
128,5,0.56640625,0.20703125,0.64453125,0.3125,2,1
128,5,0.56640625,0.20703125,0.64453125,0.3125,5,1
128,5,0.7109375,0.2890625,0.875,0.59375,1,1
128,5,0.625,0.25,0.69921875,0.52734375,1,1
128,5,0.875,0.2421875,0.94140625,0.390625,2,1
128,5,0.875,0.2421875,0.94140625,0.390625,5,1
128,5,0.93359375,0.37890625,0.98828125,0.59375,1,1
128,4,0.3359375,0.328125,0.453125,0.7734375,1,1
128,4,0.3359375,0.328125,0.453125,0.7734375,3,1
128,4,0.21484375,0.35546875,0.3359375,0.7734375,1,1
128,4,0.21484375,0.35546875,0.3359375,0.7734375,3,1
128,4,0.3984375,0.2578125,0.48828125,0.4140625,2,1
128,4,0.3984375,0.2578125,0.48828125,0.4140625,5,1
128,4,0.1484375,0.23046875,0.2421875,0.34765625,1,1
128,4,0.01171875,0.41015625,0.140625,0.84765625,1,1
128,4,0.01171875,0.41015625,0.140625,0.84765625,3,1
128,4,0.57421875,0.21484375,0.63671875,0.30859375,2,1
128,4,0.57421875,0.21484375,0.63671875,0.30859375,5,1
128,4,0.70703125,0.3046875,0.87109375,0.57421875,1,1
128,4,0.625,0.25390625,0.6875,0.4765625,1,1
128,4,0.74609375,0.2265625,0.890625,0.36328125,1,1
128,4,0.875,0.26171875,0.94140625,0.375,2,1
128,4,0.875,0.26171875,0.94140625,0.375,5,1
128,4,0.93359375,0.33984375,0.9921875,0.59765625,1,1
128,2,0.9296875,0.32421875,0.9921875,0.55859375,1,1
128,2,0.703125,0.30859375,0.91015625,0.5546875,1,1
128,2,0.625,0.26171875,0.71875,0.52734375,1,1
128,2,0.56640625,0.2265625,0.63671875,0.3203125,2,1
128,2,0.56640625,0.2265625,0.63671875,0.3203125,5,1
128,2,0.34375,0.31640625,0.4375,0.76953125,1,1
128,2,0.34375,0.31640625,0.4375,0.76953125,3,1
128,2,0.3984375,0.25390625,0.48046875,0.40625,2,1
128,2,0.3984375,0.25390625,0.48046875,0.40625,5,1
128,2,0.2265625,0.35546875,0.328125,0.7578125,1,1
128,2,0.2265625,0.35546875,0.328125,0.7578125,3,1
128,2,0.1484375,0.2265625,0.24609375,0.34375,1,1
128,2,0.00390625,0.421875,0.125,0.73046875,1,1
128,2,0.00390625,0.421875,0.125,0.73046875,3,1
128,2,0.76171875,0.21875,0.89453125,0.3359375,1,1
128,3,0.1484375,0.22265625,0.25390625,0.36328125,1,1
128,3,0.0,0.41796875,0.1328125,0.73828125,1,1
128,3,0.0,0.41796875,0.1328125,0.73828125,3,1
128,3,0.23046875,0.328125,0.31640625,0.76171875,1,1
128,3,0.23046875,0.328125,0.31640625,0.76171875,3,1
128,3,0.33984375,0.328125,0.4453125,0.796875,1,1
128,3,0.33984375,0.328125,0.4453125,0.796875,3,1
128,3,0.3984375,0.24609375,0.484375,0.4140625,2,1
128,3,0.3984375,0.24609375,0.484375,0.4140625,5,1
128,3,0.5546875,0.21484375,0.640625,0.32421875,2,1
128,3,0.7109375,0.3046875,0.88671875,0.6015625,1,1
128,3,0.625,0.26171875,0.69140625,0.48046875,1,1
128,3,0.7421875,0.2265625,0.8828125,0.34765625,1,1
128,3,0.921875,0.296875,0.984375,0.58984375,1,1
128,3,0.875,0.26171875,0.9140625,0.375,2,1
128,3,0.875,0.26171875,0.9140625,0.375,5,1
127,7,0.15625,0.2578125,0.23046875,0.46484375,1,1
127,7,0.15625,0.2578125,0.23046875,0.46484375,4,1
127,7,0.1796875,0.34765625,0.26953125,0.734375,1,1
127,7,0.1796875,0.34765625,0.26953125,0.734375,3,1
127,7,0.015625,0.41796875,0.1328125,0.6875,1,1
127,7,0.015625,0.41796875,0.1328125,0.6875,3,1
127,7,0.296875,0.359375,0.421875,0.73828125,1,1
127,7,0.296875,0.359375,0.421875,0.73828125,3,1
127,7,0.453125,0.35546875,0.640625,0.796875,1,1
127,7,0.453125,0.35546875,0.640625,0.796875,3,1
127,7,0.42578125,0.25390625,0.640625,0.44921875,1,1
127,7,0.59765625,0.16796875,0.67578125,0.4296875,1,1
127,7,0.67578125,0.296875,0.80078125,0.7265625,1,1
127,7,0.67578125,0.296875,0.80078125,0.7265625,3,1
127,7,0.79296875,0.3125,0.94140625,0.68359375,1,1
127,7,0.79296875,0.3125,0.94140625,0.68359375,3,1
127,7,0.89453125,0.3203125,0.9921875,0.58203125,1,1
127,7,0.23046875,0.1953125,0.31640625,0.328125,1,1
127,6,0.21484375,0.21875,0.3125,0.32421875,1,1
127,6,0.14453125,0.2734375,0.22265625,0.46875,1,1
127,6,0.14453125,0.2734375,0.22265625,0.46875,4,1
127,6,0.1640625,0.34375,0.265625,0.78125,1,1
127,6,0.1640625,0.34375,0.265625,0.78125,3,1
127,6,0.28515625,0.3203125,0.41015625,0.65625,1,1
127,6,0.4609375,0.328125,0.62890625,0.7890625,1,1
127,6,0.4609375,0.328125,0.62890625,0.7890625,3,1
127,6,0.53125,0.2265625,0.64453125,0.4296875,1,1
127,6,0.59375,0.1640625,0.6796875,0.43359375,1,1
127,6,0.67578125,0.3125,0.80859375,0.734375,1,1
127,6,0.67578125,0.3125,0.80859375,0.734375,3,1
127,6,0.6875,0.24609375,0.76953125,0.38671875,2,1
127,6,0.6875,0.24609375,0.76953125,0.38671875,5,1
127,6,0.80078125,0.3046875,0.93359375,0.671875,1,1
127,6,0.80078125,0.3046875,0.93359375,0.671875,3,1
127,6,0.890625,0.3046875,0.9921875,0.61328125,1,1
127,6,0.78125,0.23046875,0.8671875,0.3515625,2,1
127,6,0.78125,0.23046875,0.8671875,0.3515625,5,1
127,5,0.15234375,0.2421875,0.234375,0.46484375,1,1
127,5,0.15234375,0.2421875,0.234375,0.46484375,4,1
127,5,0.01953125,0.40234375,0.12109375,0.69921875,1,1
127,5,0.18359375,0.35546875,0.29296875,0.7734375,1,1
127,5,0.18359375,0.35546875,0.29296875,0.7734375,3,1
127,5,0.28515625,0.3203125,0.38671875,0.65625,1,1
127,5,0.234375,0.19921875,0.31640625,0.3046875,1,1
127,5,0.453125,0.328125,0.62890625,0.79296875,1,1
127,5,0.453125,0.328125,0.62890625,0.79296875,3,1
127,5,0.53515625,0.24609375,0.67578125,0.5234375,1,1
127,5,0.609375,0.18359375,0.69140625,0.40625,1,1
127,5,0.67578125,0.3046875,0.80859375,0.7421875,1,1
127,5,0.67578125,0.3046875,0.80859375,0.7421875,3,1
127,5,0.7890625,0.3046875,0.9375,0.66796875,1,1
127,5,0.7890625,0.3046875,0.9375,0.66796875,3,1
127,5,0.88671875,0.31640625,0.98828125,0.625,1,1
127,5,0.7109375,0.234375,0.78125,0.3828125,2,1
127,5,0.7109375,0.234375,0.78125,0.3828125,5,1
127,4,0.22265625,0.203125,0.31640625,0.328125,1,1
127,4,0.140625,0.2578125,0.2265625,0.4609375,1,1
127,4,0.140625,0.2578125,0.2265625,0.4609375,4,1
127,4,0.1875,0.359375,0.2734375,0.76171875,1,1
127,4,0.1875,0.359375,0.2734375,0.76171875,3,1
127,4,0.27734375,0.30859375,0.390625,0.671875,1,1
127,4,0.45703125,0.32421875,0.625,0.78125,1,1
127,4,0.45703125,0.32421875,0.625,0.78125,3,1
127,4,0.58203125,0.26171875,0.65234375,0.5390625,1,1
127,4,0.6015625,0.19140625,0.69140625,0.34375,1,1
127,4,0.671875,0.3125,0.8125,0.80078125,1,1
127,4,0.671875,0.3125,0.8125,0.80078125,3,1
127,4,0.796875,0.30859375,0.9375,0.671875,1,1
127,4,0.796875,0.30859375,0.9375,0.671875,3,1
127,4,0.890625,0.29296875,0.9921875,0.61328125,1,1
127,4,0.70703125,0.2421875,0.77734375,0.36328125,2,1
127,4,0.70703125,0.2421875,0.77734375,0.36328125,5,1
127,3,0.23828125,0.2109375,0.3203125,0.3203125,1,1
127,3,0.15234375,0.2578125,0.22265625,0.45703125,1,1
127,3,0.15234375,0.2578125,0.22265625,0.45703125,4,1
127,3,0.1953125,0.37109375,0.27734375,0.77734375,1,1
127,3,0.1953125,0.37109375,0.27734375,0.77734375,3,1
127,3,0.27734375,0.31640625,0.3828125,0.65234375,1,1
127,3,0.4609375,0.33203125,0.6328125,0.7734375,1,1
127,3,0.4609375,0.33203125,0.6328125,0.7734375,3,1
127,3,0.59375,0.19921875,0.68359375,0.34765625,1,1
127,3,0.578125,0.28515625,0.6640625,0.46875,1,1
127,3,0.66796875,0.29296875,0.81640625,0.765625,1,1
127,3,0.66796875,0.29296875,0.81640625,0.765625,3,1
127,3,0.79296875,0.3125,0.94921875,0.6640625,1,1
127,3,0.79296875,0.3125,0.94921875,0.6640625,3,1
127,3,0.89453125,0.3125,0.9921875,0.62109375,1,1
127,3,0.703125,0.25,0.78125,0.36328125,2,1
127,3,0.703125,0.25,0.78125,0.36328125,5,1
118,2,0.01171875,0.41015625,0.0703125,0.72265625,1,1
118,2,0.01171875,0.41015625,0.0703125,0.72265625,3,1
118,2,0.05859375,0.3828125,0.12890625,0.73828125,1,1
118,2,0.05859375,0.3828125,0.12890625,0.73828125,3,1
118,2,0.109375,0.36328125,0.20703125,0.75,1,1
118,2,0.109375,0.36328125,0.20703125,0.75,3,1
118,2,0.23046875,0.35546875,0.31640625,0.73828125,1,1
118,2,0.23046875,0.35546875,0.31640625,0.73828125,3,1
118,2,0.3046875,0.3203125,0.42578125,0.78125,1,1
118,2,0.3046875,0.3203125,0.42578125,0.78125,3,1
118,2,0.41015625,0.31640625,0.55078125,0.7265625,1,1
118,2,0.41015625,0.31640625,0.55078125,0.7265625,3,1
118,2,0.5078125,0.296875,0.66015625,0.6953125,1,1
118,2,0.59765625,0.28515625,0.75,0.6875,1,1
118,2,0.59765625,0.28515625,0.75,0.6875,3,1
118,2,0.69921875,0.29296875,0.83984375,0.69921875,1,1
118,2,0.69921875,0.29296875,0.83984375,0.69921875,3,1
118,2,0.7734375,0.26171875,0.92578125,0.66796875,1,1
118,2,0.7734375,0.26171875,0.92578125,0.66796875,3,1
118,3,0.0078125,0.390625,0.05078125,0.69921875,1,1
118,3,0.0078125,0.390625,0.05078125,0.69921875,3,1
118,3,0.03515625,0.3515625,0.08984375,0.75,1,1
118,3,0.03515625,0.3515625,0.08984375,0.75,3,1
118,3,0.09765625,0.36328125,0.15625,0.71875,1,1
118,3,0.09765625,0.36328125,0.15625,0.71875,3,1
118,3,0.15234375,0.35546875,0.22265625,0.77734375,1,1
118,3,0.15234375,0.35546875,0.22265625,0.77734375,3,1
118,3,0.22265625,0.32421875,0.33203125,0.734375,1,1
118,3,0.22265625,0.32421875,0.33203125,0.734375,3,1
118,3,0.3203125,0.35546875,0.44140625,0.7578125,1,1
118,3,0.3203125,0.35546875,0.44140625,0.7578125,3,1
118,3,0.41015625,0.30078125,0.51953125,0.76171875,1,1
118,3,0.41015625,0.30078125,0.51953125,0.76171875,3,1
118,3,0.51953125,0.33203125,0.65234375,0.71875,1,1
118,3,0.60546875,0.2578125,0.7421875,0.6875,1,1
118,3,0.60546875,0.2578125,0.7421875,0.6875,3,1
118,3,0.703125,0.28515625,0.84375,0.6953125,1,1
118,3,0.703125,0.28515625,0.84375,0.6953125,3,1
118,3,0.78515625,0.26953125,0.90234375,0.6796875,1,1
118,3,0.78515625,0.26953125,0.90234375,0.6796875,3,1
118,3,0.84375,0.30078125,0.94140625,0.6171875,1,1
118,3,0.84375,0.30078125,0.94140625,0.6171875,3,1
118,4,0.0390625,0.38671875,0.09375,0.72265625,1,1
118,4,0.0390625,0.38671875,0.09375,0.72265625,3,1
118,4,0.11328125,0.375,0.16015625,0.72265625,1,1
118,4,0.11328125,0.375,0.16015625,0.72265625,3,1
118,4,0.1640625,0.40234375,0.23828125,0.73828125,1,1
118,4,0.1640625,0.40234375,0.23828125,0.73828125,3,1
118,4,0.23828125,0.35546875,0.31640625,0.73046875,1,1
118,4,0.23828125,0.35546875,0.31640625,0.73046875,3,1
118,4,0.3125,0.328125,0.4375,0.75,1,1
118,4,0.3125,0.328125,0.4375,0.75,3,1
118,4,0.40234375,0.3125,0.515625,0.7265625,1,1
118,4,0.40234375,0.3125,0.515625,0.7265625,3,1
118,4,0.51171875,0.30859375,0.625,0.671875,1,1
118,4,0.51171875,0.30859375,0.625,0.671875,3,1
118,4,0.60546875,0.28515625,0.75,0.734375,1,1
118,4,0.60546875,0.28515625,0.75,0.734375,3,1
118,4,0.69140625,0.2890625,0.85546875,0.6953125,1,1
118,4,0.69140625,0.2890625,0.85546875,0.6953125,3,1
118,4,0.7890625,0.29296875,0.9140625,0.67578125,1,1
118,4,0.7890625,0.29296875,0.9140625,0.67578125,3,1
118,4,0.8203125,0.2578125,0.96875,0.6640625,1,1
118,4,0.8203125,0.2578125,0.96875,0.6640625,3,1
127,2,0.1484375,0.2421875,0.2265625,0.484375,1,1
127,2,0.1484375,0.2421875,0.2265625,0.484375,4,1
127,2,0.2265625,0.1953125,0.3125,0.3515625,1,1
127,2,0.18359375,0.359375,0.3046875,0.81640625,1,1
127,2,0.18359375,0.359375,0.3046875,0.81640625,3,1
127,2,0.265625,0.3125,0.36328125,0.640625,1,1
127,2,0.4375,0.34765625,0.62109375,0.78515625,1,1
127,2,0.4375,0.34765625,0.62109375,0.78515625,3,1
127,2,0.5390625,0.28515625,0.6640625,0.44921875,1,1
127,2,0.66015625,0.30078125,0.8046875,0.71875,1,1
127,2,0.66015625,0.30078125,0.8046875,0.71875,3,1
127,2,0.58984375,0.1875,0.67578125,0.33203125,1,1
127,2,0.79296875,0.30859375,0.94140625,0.67578125,1,1
127,2,0.79296875,0.30859375,0.94140625,0.67578125,3,1
127,2,0.8984375,0.29296875,0.9921875,0.6015625,1,1
127,2,0.70703125,0.23046875,0.77734375,0.37109375,2,1
127,2,0.70703125,0.23046875,0.77734375,0.37109375,5,1
118,5,0.02734375,0.38671875,0.09375,0.734375,1,1
118,5,0.02734375,0.38671875,0.09375,0.734375,3,1
118,5,0.1015625,0.34765625,0.18359375,0.70703125,1,1
118,5,0.1015625,0.34765625,0.18359375,0.70703125,3,1
118,5,0.14453125,0.37109375,0.234375,0.7890625,1,1
118,5,0.14453125,0.37109375,0.234375,0.7890625,3,1
118,5,0.22265625,0.33984375,0.32421875,0.74609375,1,1
118,5,0.22265625,0.33984375,0.32421875,0.74609375,3,1
118,5,0.3046875,0.3515625,0.4140625,0.77734375,1,1
118,5,0.3046875,0.3515625,0.4140625,0.77734375,3,1
118,5,0.3984375,0.3203125,0.53125,0.78515625,1,1
118,5,0.3984375,0.3203125,0.53125,0.78515625,3,1
118,5,0.515625,0.31640625,0.63671875,0.69140625,1,1
118,5,0.515625,0.31640625,0.63671875,0.69140625,3,1
118,5,0.609375,0.2890625,0.75,0.73046875,1,1
118,5,0.609375,0.2890625,0.75,0.73046875,3,1
118,5,0.6953125,0.2890625,0.84765625,0.69921875,1,1
118,5,0.6953125,0.2890625,0.84765625,0.69921875,3,1
118,5,0.78125,0.27734375,0.921875,0.6796875,1,1
118,5,0.78125,0.27734375,0.921875,0.6796875,3,1
118,5,0.83203125,0.26953125,0.97265625,0.6484375,1,1
118,5,0.83203125,0.26953125,0.97265625,0.6484375,3,1
118,6,0.0234375,0.36328125,0.09765625,0.75,1,1
118,6,0.0234375,0.36328125,0.09765625,0.75,3,1
118,6,0.0625,0.37109375,0.140625,0.7265625,1,1
118,6,0.0625,0.37109375,0.140625,0.7265625,3,1
118,6,0.1484375,0.3671875,0.2265625,0.765625,1,1
118,6,0.1484375,0.3671875,0.2265625,0.765625,3,1
118,6,0.23046875,0.3359375,0.3203125,0.765625,1,1
118,6,0.23046875,0.3359375,0.3203125,0.765625,3,1
118,6,0.30859375,0.328125,0.4375,0.765625,1,1
118,6,0.30859375,0.328125,0.4375,0.765625,3,1
118,6,0.40625,0.32421875,0.54296875,0.76953125,1,1
118,6,0.40625,0.32421875,0.54296875,0.76953125,3,1
118,6,0.5078125,0.30859375,0.62890625,0.703125,1,1
118,6,0.5078125,0.30859375,0.62890625,0.703125,3,1
118,6,0.609375,0.30859375,0.74609375,0.7109375,1,1
118,6,0.609375,0.30859375,0.74609375,0.7109375,3,1
118,6,0.6953125,0.2734375,0.83984375,0.68359375,1,1
118,6,0.6953125,0.2734375,0.83984375,0.68359375,3,1
118,6,0.79296875,0.3046875,0.91796875,0.703125,1,1
118,6,0.79296875,0.3046875,0.91796875,0.703125,3,1
118,6,0.84375,0.26171875,0.96875,0.63671875,1,1
118,6,0.84375,0.26171875,0.96875,0.63671875,3,1
118,7,0.01171875,0.375,0.0703125,0.74609375,1,1
118,7,0.01171875,0.375,0.0703125,0.74609375,3,1
118,7,0.0546875,0.33984375,0.125,0.74609375,1,1
118,7,0.0546875,0.33984375,0.125,0.74609375,3,1
118,7,0.140625,0.34375,0.2265625,0.74609375,1,1
118,7,0.140625,0.34375,0.2265625,0.74609375,3,1
118,7,0.23046875,0.33984375,0.33203125,0.73046875,1,1
118,7,0.23046875,0.33984375,0.33203125,0.73046875,3,1
118,7,0.3125,0.32421875,0.40625,0.75,1,1
118,7,0.3125,0.32421875,0.40625,0.75,3,1
118,7,0.40234375,0.328125,0.52734375,0.76171875,1,1
118,7,0.40234375,0.328125,0.52734375,0.76171875,3,1
118,7,0.50390625,0.3046875,0.640625,0.7421875,1,1
118,7,0.50390625,0.3046875,0.640625,0.7421875,3,1
118,7,0.609375,0.296875,0.73828125,0.72265625,1,1
118,7,0.609375,0.296875,0.73828125,0.72265625,3,1
118,7,0.70703125,0.296875,0.84765625,0.71484375,1,1
118,7,0.70703125,0.296875,0.84765625,0.71484375,3,1
118,7,0.85546875,0.3671875,0.90625,0.671875,1,1
118,7,0.85546875,0.3671875,0.90625,0.671875,3,1
118,7,0.91796875,0.37109375,0.96875,0.6484375,1,1
118,7,0.91796875,0.37109375,0.96875,0.6484375,3,1
119,7,0.01171875,0.34765625,0.12109375,0.75,1,1
119,7,0.01171875,0.34765625,0.12109375,0.75,3,1
119,7,0.1015625,0.36328125,0.171875,0.72265625,1,1
119,7,0.1015625,0.36328125,0.171875,0.72265625,3,1
119,7,0.1796875,0.34765625,0.2734375,0.71484375,1,1
119,7,0.1796875,0.34765625,0.2734375,0.71484375,3,1
119,7,0.27734375,0.35546875,0.36328125,0.7578125,1,1
119,7,0.27734375,0.35546875,0.36328125,0.7578125,3,1
119,7,0.37109375,0.3046875,0.46484375,0.7265625,1,1
119,7,0.37109375,0.3046875,0.46484375,0.7265625,3,1
119,7,0.44921875,0.296875,0.5390625,0.75390625,1,1
119,7,0.44921875,0.296875,0.5390625,0.75390625,3,1
119,7,0.53125,0.30859375,0.625,0.7734375,1,1
119,7,0.53125,0.30859375,0.625,0.7734375,3,1
119,7,0.62890625,0.28515625,0.734375,0.6640625,1,1
119,7,0.62890625,0.28515625,0.734375,0.6640625,3,1
119,7,0.7109375,0.31640625,0.8125,0.73046875,1,1
119,7,0.7109375,0.31640625,0.8125,0.73046875,3,1
119,7,0.80859375,0.30859375,0.8984375,0.703125,1,1
119,7,0.80859375,0.30859375,0.8984375,0.703125,3,1
119,7,0.90625,0.296875,0.9921875,0.6484375,1,1
119,7,0.90625,0.296875,0.9921875,0.6484375,3,1
120,2,0.17578125,0.2890625,0.24609375,0.4140625,2,1
120,2,0.17578125,0.2890625,0.24609375,0.4140625,5,1
120,2,0.07421875,0.48046875,0.234375,0.8203125,1,1
120,2,0.07421875,0.48046875,0.234375,0.8203125,3,1
120,2,0.29296875,0.3359375,0.421875,0.78515625,1,1
120,2,0.29296875,0.3359375,0.421875,0.78515625,3,1
120,2,0.46875,0.328125,0.58203125,0.69921875,1,1
120,2,0.3984375,0.23828125,0.4765625,0.421875,2,1
120,2,0.3984375,0.23828125,0.4765625,0.421875,5,1
120,2,0.48046875,0.1484375,0.58203125,0.25,1,1
120,2,0.54296875,0.2890625,0.6328125,0.4140625,2,1
120,2,0.54296875,0.2890625,0.6328125,0.4140625,5,1
120,2,0.8359375,0.3359375,0.984375,0.70703125,1,1
120,2,0.8359375,0.3359375,0.984375,0.70703125,3,1
120,2,0.66796875,0.21484375,0.73828125,0.3046875,2,1
120,2,0.66796875,0.21484375,0.73828125,0.3046875,5,1
120,2,0.76953125,0.2109375,0.8359375,0.3125,2,1
120,2,0.76953125,0.2109375,0.8359375,0.3125,5,1
120,2,0.85546875,0.21875,0.8984375,0.3046875,2,1
120,2,0.85546875,0.21875,0.8984375,0.3046875,5,1
120,2,0.1328125,0.3828125,0.265625,0.5078125,1,1
120,2,0.0,0.4296875,0.06640625,0.67578125,1,1
126,7,0.12890625,0.26171875,0.23046875,0.36328125,1,1
126,7,0.12890625,0.26171875,0.23046875,0.36328125,4,1
126,7,0.01171875,0.42578125,0.109375,0.76171875,1,1
126,7,0.01171875,0.42578125,0.109375,0.76171875,3,1
126,7,0.078125,0.36328125,0.17578125,0.76953125,1,1
126,7,0.078125,0.36328125,0.17578125,0.76953125,3,1
126,7,0.14453125,0.35546875,0.25,0.734375,1,1
126,7,0.14453125,0.35546875,0.25,0.734375,3,1
126,7,0.234375,0.359375,0.32421875,0.796875,1,1
126,7,0.234375,0.359375,0.32421875,0.796875,3,1
126,7,0.2890625,0.30078125,0.40625,0.76171875,1,1
126,7,0.2890625,0.30078125,0.40625,0.76171875,3,1
126,7,0.44140625,0.28515625,0.5703125,0.74609375,1,1
126,7,0.44140625,0.28515625,0.5703125,0.74609375,3,1
126,7,0.54296875,0.28125,0.62890625,0.73046875,1,1
126,7,0.54296875,0.28125,0.62890625,0.73046875,3,1
126,7,0.63671875,0.26953125,0.71484375,0.73046875,1,1
126,7,0.63671875,0.26953125,0.71484375,0.73046875,3,1
126,7,0.7265625,0.2734375,0.78515625,0.69921875,1,1
126,7,0.7265625,0.2734375,0.78515625,0.69921875,3,1
126,7,0.79296875,0.26953125,0.8515625,0.71875,1,1
126,7,0.79296875,0.26953125,0.8515625,0.71875,3,1
126,7,0.87109375,0.31640625,0.96484375,0.6875,1,1
126,7,0.87109375,0.31640625,0.96484375,0.6875,3,1
126,6,0.87890625,0.30859375,0.98046875,0.68359375,1,1
126,6,0.87890625,0.30859375,0.98046875,0.68359375,3,1
126,6,0.7890625,0.3046875,0.859375,0.65625,1,1
126,6,0.7890625,0.3046875,0.859375,0.65625,3,1
126,6,0.6953125,0.3046875,0.80078125,0.71484375,1,1
126,6,0.6953125,0.3046875,0.80078125,0.71484375,3,1
126,6,0.609375,0.26171875,0.71484375,0.76953125,1,1
126,6,0.609375,0.26171875,0.71484375,0.76953125,3,1
126,6,0.53515625,0.3046875,0.6328125,0.7265625,1,1
126,6,0.53515625,0.3046875,0.6328125,0.7265625,3,1
126,6,0.44921875,0.28515625,0.5703125,0.76953125,1,1
126,6,0.44921875,0.28515625,0.5703125,0.76953125,3,1
126,6,0.3046875,0.2734375,0.44921875,0.73828125,1,1
126,6,0.3046875,0.2734375,0.44921875,0.73828125,3,1
126,6,0.00390625,0.3984375,0.09765625,0.73046875,1,1
126,6,0.00390625,0.3984375,0.09765625,0.73046875,3,1
126,6,0.08203125,0.37890625,0.171875,0.7421875,1,1
126,6,0.08203125,0.37890625,0.171875,0.7421875,3,1
126,6,0.16015625,0.37890625,0.25390625,0.7734375,1,1
126,6,0.16015625,0.37890625,0.25390625,0.7734375,3,1
126,6,0.23828125,0.359375,0.328125,0.80078125,1,1
126,6,0.23828125,0.359375,0.328125,0.80078125,3,1
126,6,0.125,0.26171875,0.23046875,0.3828125,1,1
126,6,0.125,0.26171875,0.23046875,0.3828125,4,1
126,5,0.09765625,0.24609375,0.23828125,0.3984375,1,1
126,5,0.09765625,0.24609375,0.23828125,0.3984375,4,1
126,5,0.015625,0.390625,0.10546875,0.7890625,1,1
126,5,0.015625,0.390625,0.10546875,0.7890625,3,1
126,5,0.109375,0.44921875,0.1953125,0.74609375,1,1
126,5,0.109375,0.44921875,0.1953125,0.74609375,3,1
126,5,0.21484375,0.34765625,0.3046875,0.7890625,1,1
126,5,0.21484375,0.34765625,0.3046875,0.7890625,3,1
126,5,0.2890625,0.3515625,0.37890625,0.76171875,1,1
126,5,0.2890625,0.3515625,0.37890625,0.76171875,3,1
126,5,0.4453125,0.296875,0.56640625,0.765625,1,1
126,5,0.4453125,0.296875,0.56640625,0.765625,3,1
126,5,0.54296875,0.29296875,0.63671875,0.71875,1,1
126,5,0.54296875,0.29296875,0.63671875,0.71875,3,1
126,5,0.61328125,0.28125,0.70703125,0.75,1,1
126,5,0.61328125,0.28125,0.70703125,0.75,3,1
126,5,0.71484375,0.28515625,0.7890625,0.6953125,1,1
126,5,0.71484375,0.28515625,0.7890625,0.6953125,3,1
126,5,0.79296875,0.27734375,0.86328125,0.67578125,1,1
126,5,0.79296875,0.27734375,0.86328125,0.67578125,3,1
126,5,0.875,0.3203125,0.9765625,0.6640625,1,1
126,5,0.875,0.3203125,0.9765625,0.6640625,3,1
126,4,0.08984375,0.234375,0.23828125,0.40625,1,1
126,4,0.08984375,0.234375,0.23828125,0.40625,4,1
126,4,0.01171875,0.4140625,0.10546875,0.76171875,1,1
126,4,0.01171875,0.4140625,0.10546875,0.76171875,3,1
126,4,0.09765625,0.390625,0.19140625,0.76953125,1,1
126,4,0.09765625,0.390625,0.19140625,0.76953125,3,1
126,4,0.21875,0.36328125,0.30078125,0.74609375,1,1
126,4,0.21875,0.36328125,0.30078125,0.74609375,3,1
126,4,0.28125,0.33984375,0.359375,0.76171875,1,1
126,4,0.28125,0.33984375,0.359375,0.76171875,3,1
126,4,0.4296875,0.3203125,0.5703125,0.765625,1,1
126,4,0.4296875,0.3203125,0.5703125,0.765625,3,1
126,4,0.53515625,0.29296875,0.6328125,0.734375,1,1
126,4,0.53515625,0.29296875,0.6328125,0.734375,3,1
126,4,0.61328125,0.26171875,0.7109375,0.7734375,1,1
126,4,0.61328125,0.26171875,0.7109375,0.7734375,3,1
126,4,0.71484375,0.2890625,0.79296875,0.72265625,1,1
126,4,0.71484375,0.2890625,0.79296875,0.72265625,3,1
126,4,0.796875,0.28515625,0.87890625,0.7109375,1,1
126,4,0.796875,0.28515625,0.87890625,0.7109375,3,1
126,4,0.87890625,0.27734375,0.97265625,0.68359375,1,1
126,4,0.87890625,0.27734375,0.97265625,0.68359375,3,1
126,3,0.109375,0.24609375,0.25,0.3984375,1,1
126,3,0.109375,0.24609375,0.25,0.3984375,4,1
126,3,0.01171875,0.41015625,0.11328125,0.7421875,1,1
126,3,0.01171875,0.41015625,0.11328125,0.7421875,3,1
126,3,0.10546875,0.37890625,0.23046875,0.7734375,1,1
126,3,0.10546875,0.37890625,0.23046875,0.7734375,3,1
126,3,0.2265625,0.328125,0.32421875,0.78515625,1,1
126,3,0.2265625,0.328125,0.32421875,0.78515625,3,1
126,3,0.29296875,0.35546875,0.40625,0.7578125,1,1
126,3,0.29296875,0.35546875,0.40625,0.7578125,3,1
126,3,0.4296875,0.3125,0.57421875,0.76171875,1,1
126,3,0.4296875,0.3125,0.57421875,0.76171875,3,1
126,3,0.5390625,0.29296875,0.65625,0.7578125,1,1
126,3,0.5390625,0.29296875,0.65625,0.7578125,3,1
126,3,0.62890625,0.26953125,0.72265625,0.78125,1,1
126,3,0.62890625,0.26953125,0.72265625,0.78125,3,1
126,3,0.73046875,0.3046875,0.80859375,0.7109375,1,1
126,3,0.73046875,0.3046875,0.80859375,0.7109375,3,1
126,3,0.796875,0.3046875,0.875,0.703125,1,1
126,3,0.796875,0.3046875,0.875,0.703125,3,1
126,3,0.8828125,0.30078125,0.98046875,0.69140625,1,1
126,3,0.8828125,0.30078125,0.98046875,0.69140625,3,1
126,2,0.10546875,0.2109375,0.24609375,0.3984375,1,1
126,2,0.10546875,0.2109375,0.24609375,0.3984375,4,1
126,2,0.0,0.37890625,0.10546875,0.75,1,1
126,2,0.0,0.37890625,0.10546875,0.75,3,1
126,2,0.09375,0.359375,0.19140625,0.78125,1,1
126,2,0.09375,0.359375,0.19140625,0.78125,3,1
126,2,0.22265625,0.35546875,0.30859375,0.76171875,1,1
126,2,0.22265625,0.35546875,0.30859375,0.76171875,3,1
126,2,0.2890625,0.35546875,0.3828125,0.76953125,1,1
126,2,0.2890625,0.35546875,0.3828125,0.76953125,3,1
126,2,0.4296875,0.28515625,0.58203125,0.7578125,1,1
126,2,0.4296875,0.28515625,0.58203125,0.7578125,3,1
126,2,0.53515625,0.29296875,0.64453125,0.70703125,1,1
126,2,0.53515625,0.29296875,0.64453125,0.70703125,3,1
126,2,0.6171875,0.26953125,0.71484375,0.75,1,1
126,2,0.6171875,0.26953125,0.71484375,0.75,3,1
126,2,0.72265625,0.30078125,0.80859375,0.69140625,1,1
126,2,0.72265625,0.30078125,0.80859375,0.69140625,3,1
126,2,0.796875,0.29296875,0.87890625,0.68359375,1,1
126,2,0.796875,0.29296875,0.87890625,0.68359375,3,1
126,2,0.87890625,0.30859375,0.96875,0.69140625,1,1
126,2,0.87890625,0.30859375,0.96875,0.69140625,3,1
125,7,0.765625,0.29296875,0.91015625,0.6875,1,1
125,7,0.765625,0.29296875,0.91015625,0.6875,3,1
125,7,0.859375,0.24609375,0.9765625,0.671875,1,1
125,7,0.859375,0.24609375,0.9765625,0.671875,3,1
125,7,0.64453125,0.30859375,0.75,0.74609375,1,1
125,7,0.64453125,0.30859375,0.75,0.74609375,3,1
125,7,0.578125,0.24609375,0.66015625,0.3828125,2,1
125,7,0.578125,0.24609375,0.66015625,0.3828125,5,1
125,7,0.55859375,0.32421875,0.62890625,0.75,1,1
125,7,0.55859375,0.32421875,0.62890625,0.75,3,1
125,7,0.45703125,0.33203125,0.546875,0.75,1,1
125,7,0.45703125,0.33203125,0.546875,0.75,3,1
125,7,0.36328125,0.34375,0.4765625,0.78515625,1,1
125,7,0.36328125,0.34375,0.4765625,0.78515625,3,1
125,7,0.23046875,0.3046875,0.3984375,0.8046875,1,1
125,7,0.23046875,0.3046875,0.3984375,0.8046875,3,1
125,7,0.17578125,0.3046875,0.26953125,0.77734375,1,1
125,7,0.17578125,0.3046875,0.26953125,0.77734375,3,1
125,7,0.1328125,0.3359375,0.20703125,0.7265625,1,1
125,7,0.1328125,0.3359375,0.20703125,0.7265625,3,1
125,7,0.05078125,0.35546875,0.1484375,0.72265625,1,1
125,7,0.05078125,0.35546875,0.1484375,0.72265625,3,1
125,7,0.29296875,0.2421875,0.39453125,0.34765625,2,1
120,3,0.16796875,0.265625,0.26953125,0.4375,2,1
120,3,0.16796875,0.265625,0.26953125,0.4375,5,1
120,3,0.08203125,0.40625,0.265625,0.7734375,1,1
120,3,0.08203125,0.40625,0.265625,0.7734375,3,1
120,3,0.28125,0.34765625,0.421875,0.78125,1,1
120,3,0.28125,0.34765625,0.421875,0.78125,3,1
120,3,0.46875,0.31640625,0.55859375,0.69921875,1,1
120,3,0.46875,0.31640625,0.55859375,0.69921875,3,1
120,3,0.390625,0.2578125,0.46875,0.4296875,2,1
120,3,0.390625,0.2578125,0.46875,0.4296875,5,1
120,3,0.53125,0.24609375,0.6171875,0.41015625,2,1
120,3,0.46875,0.1328125,0.59765625,0.26953125,1,1
120,3,0.65234375,0.1953125,0.7265625,0.31640625,2,1
120,3,0.65234375,0.1953125,0.7265625,0.31640625,5,1
120,3,0.734375,0.203125,0.7890625,0.328125,2,1
120,3,0.734375,0.203125,0.7890625,0.328125,5,1
120,3,0.796875,0.21484375,0.8671875,0.3203125,2,1
120,3,0.796875,0.21484375,0.8671875,0.3203125,5,1
120,3,0.82421875,0.30859375,0.96875,0.6796875,1,1
120,3,0.82421875,0.30859375,0.96875,0.6796875,3,1
120,4,0.39453125,0.25390625,0.4765625,0.41015625,2,1
120,4,0.39453125,0.25390625,0.4765625,0.41015625,5,1
120,4,0.1796875,0.28125,0.26171875,0.39453125,2,1
120,4,0.1796875,0.28125,0.26171875,0.39453125,5,1
120,4,0.08203125,0.39453125,0.2734375,0.77734375,1,1
120,4,0.08203125,0.39453125,0.2734375,0.77734375,3,1
120,4,0.2890625,0.34765625,0.43359375,0.7578125,1,1
120,4,0.2890625,0.34765625,0.43359375,0.7578125,3,1
120,4,0.453125,0.3125,0.55078125,0.6640625,1,1
120,4,0.453125,0.3125,0.55078125,0.6640625,3,1
120,4,0.484375,0.16015625,0.58984375,0.25,1,1
120,4,0.546875,0.265625,0.6328125,0.41015625,2,1
120,4,0.546875,0.265625,0.6328125,0.41015625,5,1
120,4,0.65625,0.203125,0.734375,0.328125,2,1
120,4,0.65625,0.203125,0.734375,0.328125,5,1
120,4,0.73828125,0.2109375,0.80078125,0.33203125,2,1
120,4,0.73828125,0.2109375,0.80078125,0.33203125,5,1
120,4,0.83984375,0.3125,0.96875,0.69140625,1,1
120,4,0.83984375,0.3125,0.96875,0.69140625,3,1
120,5,0.8203125,0.30078125,0.9765625,0.7109375,1,1
120,5,0.8203125,0.30078125,0.9765625,0.7109375,3,1
120,5,0.44140625,0.3046875,0.56640625,0.60546875,1,1
120,5,0.27734375,0.33203125,0.40625,0.7421875,3,1
120,5,0.27734375,0.33203125,0.40625,0.7421875,1,1
120,5,0.09375,0.34765625,0.2734375,0.78515625,1,1
120,5,0.09375,0.34765625,0.2734375,0.78515625,3,1
120,5,0.0,0.42578125,0.10546875,0.67578125,1,1
120,5,0.17578125,0.2734375,0.265625,0.41015625,2,1
120,5,0.17578125,0.2734375,0.265625,0.41015625,5,1
120,5,0.46484375,0.14453125,0.6015625,0.25,1,1
120,5,0.38671875,0.2421875,0.4609375,0.41796875,2,1
120,5,0.38671875,0.2421875,0.4609375,0.41796875,5,1
120,5,0.5390625,0.24609375,0.62109375,0.4375,2,1
120,5,0.5390625,0.24609375,0.62109375,0.4375,5,1
120,5,0.65234375,0.1953125,0.74609375,0.328125,2,1
120,5,0.65234375,0.1953125,0.74609375,0.328125,5,1
120,5,0.796875,0.19921875,0.87109375,0.3046875,2,1
120,5,0.796875,0.19921875,0.87109375,0.3046875,5,1
120,6,0.453125,0.3046875,0.5546875,0.5859375,1,1
120,6,0.28515625,0.3515625,0.41796875,0.76953125,1,1
120,6,0.28515625,0.3515625,0.41796875,0.76953125,3,1
120,6,0.08203125,0.375,0.26953125,0.7734375,1,1
120,6,0.08203125,0.375,0.26953125,0.7734375,3,1
120,6,0.171875,0.28515625,0.28125,0.41796875,2,1
120,6,0.171875,0.28515625,0.28125,0.41796875,5,1
120,6,0.390625,0.265625,0.4765625,0.40625,2,1
120,6,0.390625,0.265625,0.4765625,0.40625,5,1
120,6,0.53515625,0.23046875,0.62890625,0.41015625,2,1
120,6,0.53515625,0.23046875,0.62890625,0.41015625,5,1
120,6,0.484375,0.1328125,0.58203125,0.2734375,1,1
120,6,0.6796875,0.19140625,0.75390625,0.296875,2,1
120,6,0.6796875,0.19140625,0.75390625,0.296875,5,1
120,6,0.7890625,0.19921875,0.86328125,0.3203125,2,1
120,6,0.7890625,0.19921875,0.86328125,0.3203125,5,1
120,6,0.83984375,0.28515625,0.984375,0.69140625,1,1
120,6,0.83984375,0.28515625,0.984375,0.69140625,3,1
120,6,0.890625,0.22265625,0.953125,0.3828125,2,1
120,6,0.890625,0.22265625,0.953125,0.3828125,5,1
120,7,0.6640625,0.19140625,0.74609375,0.328125,2,1
120,7,0.6640625,0.19140625,0.74609375,0.328125,5,1
120,7,0.7578125,0.19921875,0.83203125,0.3359375,2,1
120,7,0.7578125,0.19921875,0.83203125,0.3359375,5,1
120,7,0.8359375,0.30859375,0.984375,0.67578125,1,1
120,7,0.8359375,0.30859375,0.984375,0.67578125,3,1
120,7,0.484375,0.13671875,0.5859375,0.2421875,1,1
120,7,0.53515625,0.22265625,0.6171875,0.421875,2,1
120,7,0.53515625,0.22265625,0.6171875,0.421875,5,1
120,7,0.4453125,0.296875,0.58203125,0.609375,1,1
120,7,0.3984375,0.25390625,0.45703125,0.41796875,2,1
120,7,0.3984375,0.25390625,0.45703125,0.41796875,5,1
120,7,0.28125,0.34375,0.42578125,0.77734375,1,1
120,7,0.28125,0.34375,0.42578125,0.77734375,3,1
120,7,0.09375,0.390625,0.2734375,0.765625,1,1
120,7,0.09375,0.390625,0.2734375,0.765625,3,1
120,7,0.02734375,0.36328125,0.10546875,0.546875,1,1
120,7,0.171875,0.27734375,0.2734375,0.453125,2,1
120,7,0.171875,0.27734375,0.2734375,0.453125,5,1
120,7,0.8515625,0.19140625,0.94140625,0.3671875,2,1
120,7,0.8515625,0.19140625,0.94140625,0.3671875,5,1
121,2,0.28515625,0.30078125,0.37109375,0.4453125,2,1
121,2,0.28515625,0.30078125,0.37109375,0.4453125,5,1
121,2,0.1484375,0.359375,0.30078125,0.7734375,1,1
121,2,0.1484375,0.359375,0.30078125,0.7734375,3,1
121,2,0.01953125,0.40234375,0.1171875,0.6171875,1,1
121,2,0.453125,0.2265625,0.5078125,0.34765625,2,1
121,2,0.453125,0.2265625,0.5078125,0.34765625,5,1
121,2,0.53515625,0.234375,0.59765625,0.4140625,2,1
121,2,0.53515625,0.234375,0.59765625,0.4140625,5,1
121,2,0.62109375,0.1953125,0.6796875,0.44140625,1,1
121,2,0.69921875,0.2265625,0.7890625,0.42578125,2,1
121,2,0.69921875,0.2265625,0.7890625,0.42578125,5,1
121,2,0.796875,0.25390625,0.8671875,0.39453125,2,1
121,2,0.796875,0.25390625,0.8671875,0.39453125,5,1
121,2,0.86328125,0.296875,0.98046875,0.609375,1,1
121,2,0.86328125,0.296875,0.98046875,0.609375,3,1
121,3,0.6796875,0.2421875,0.7734375,0.40234375,2,1
121,3,0.6796875,0.2421875,0.7734375,0.40234375,5,1
121,3,0.60546875,0.1796875,0.67578125,0.42578125,1,1
121,3,0.52734375,0.2109375,0.58984375,0.4140625,2,1
121,3,0.52734375,0.2109375,0.58984375,0.4140625,5,1
121,3,0.26953125,0.28515625,0.34375,0.44140625,2,1
121,3,0.26953125,0.28515625,0.34375,0.44140625,5,1
121,3,0.171875,0.375,0.31640625,0.78125,1,1
121,3,0.171875,0.375,0.31640625,0.78125,3,1
121,3,0.01171875,0.40625,0.11328125,0.6171875,1,1
121,3,0.4609375,0.23046875,0.51953125,0.3359375,2,1
121,3,0.4609375,0.23046875,0.51953125,0.3359375,5,1
121,3,0.79296875,0.24609375,0.859375,0.3828125,2,1
121,3,0.79296875,0.24609375,0.859375,0.3828125,5,1
121,3,0.85546875,0.27734375,0.984375,0.63671875,1,1
121,3,0.85546875,0.27734375,0.984375,0.63671875,3,1
121,4,0.28515625,0.28515625,0.37890625,0.42578125,2,1
121,4,0.28515625,0.28515625,0.37890625,0.42578125,5,1
121,4,0.15625,0.359375,0.3203125,0.75,1,1
121,4,0.15625,0.359375,0.3203125,0.75,3,1
121,4,0.0234375,0.4375,0.12109375,0.6640625,1,1
121,4,0.453125,0.20703125,0.5078125,0.34375,2,1
121,4,0.453125,0.20703125,0.5078125,0.34375,5,1
121,4,0.53125,0.24609375,0.59765625,0.4140625,2,1
121,4,0.53125,0.24609375,0.59765625,0.4140625,5,1
121,4,0.609375,0.1875,0.6875,0.4375,1,1
121,4,0.6953125,0.2421875,0.78125,0.40234375,2,1
121,4,0.6953125,0.2421875,0.78125,0.40234375,5,1
121,4,0.78515625,0.234375,0.86328125,0.38671875,2,1
121,4,0.78515625,0.234375,0.86328125,0.38671875,5,1
121,4,0.85546875,0.29296875,0.99609375,0.640625,1,1
121,4,0.85546875,0.29296875,0.99609375,0.640625,3,1
121,5,0.27734375,0.2734375,0.3671875,0.4296875,2,1
121,5,0.27734375,0.2734375,0.3671875,0.4296875,5,1
121,5,0.171875,0.34765625,0.33984375,0.78515625,1,1
121,5,0.171875,0.34765625,0.33984375,0.78515625,3,1
121,5,0.01953125,0.41796875,0.125,0.625,1,1
121,5,0.453125,0.20703125,0.515625,0.33984375,2,1
121,5,0.453125,0.20703125,0.515625,0.33984375,5,1
121,5,0.53125,0.22265625,0.6015625,0.40625,2,1
121,5,0.53125,0.22265625,0.6015625,0.40625,5,1
121,5,0.6171875,0.2109375,0.6875,0.4375,1,1
121,5,0.69140625,0.2421875,0.77734375,0.4140625,2,1
121,5,0.69140625,0.2421875,0.77734375,0.4140625,5,1
121,5,0.78125,0.23828125,0.8515625,0.37890625,2,1
121,5,0.78125,0.23828125,0.8515625,0.37890625,5,1
121,5,0.84765625,0.29296875,0.98828125,0.64453125,1,1
121,6,0.53515625,0.21484375,0.6015625,0.4140625,2,1
121,6,0.53515625,0.21484375,0.6015625,0.4140625,5,1
121,6,0.44921875,0.2421875,0.51171875,0.33203125,2,1
121,6,0.44921875,0.2421875,0.51171875,0.33203125,5,1
121,6,0.28125,0.27734375,0.3515625,0.4296875,2,1
121,6,0.28125,0.27734375,0.3515625,0.4296875,5,1
121,6,0.15625,0.375,0.30078125,0.76953125,1,1
121,6,0.15625,0.375,0.30078125,0.76953125,3,1
121,6,0.0078125,0.40234375,0.11328125,0.64453125,1,1
121,6,0.60546875,0.1796875,0.68359375,0.44921875,1,1
121,6,0.6875,0.23046875,0.78125,0.40625,2,1
121,6,0.6875,0.23046875,0.78125,0.40625,5,1
121,6,0.78125,0.2421875,0.8671875,0.390625,2,1
121,6,0.78125,0.2421875,0.8671875,0.390625,5,1
121,6,0.85546875,0.296875,0.98828125,0.66796875,1,1
121,6,0.85546875,0.296875,0.98828125,0.66796875,3,1
121,7,0.6875,0.23828125,0.77734375,0.41015625,2,1
121,7,0.6875,0.23828125,0.77734375,0.41015625,5,1
121,7,0.59765625,0.19140625,0.68359375,0.44140625,1,1
121,7,0.53515625,0.22265625,0.5859375,0.4453125,2,1
121,7,0.53515625,0.22265625,0.5859375,0.4453125,5,1
121,7,0.46484375,0.21484375,0.515625,0.3359375,2,1
121,7,0.46484375,0.21484375,0.515625,0.3359375,5,1
121,7,0.2734375,0.265625,0.35546875,0.44140625,2,1
121,7,0.2734375,0.265625,0.35546875,0.44140625,5,1
121,7,0.171875,0.3515625,0.31640625,0.76953125,1,1
121,7,0.171875,0.3515625,0.31640625,0.76953125,3,1
121,7,0.00390625,0.40625,0.12109375,0.66015625,1,1
121,7,0.375,0.234375,0.421875,0.33203125,2,1
121,7,0.375,0.234375,0.421875,0.33203125,5,1
121,7,0.78125,0.2265625,0.86328125,0.39453125,2,1
121,7,0.78125,0.2265625,0.86328125,0.39453125,5,1
121,7,0.85546875,0.28515625,0.98828125,0.671875,1,1
121,7,0.85546875,0.28515625,0.98828125,0.671875,3,1
125,6,0.76953125,0.2734375,0.9140625,0.69921875,1,1
125,6,0.76953125,0.2734375,0.9140625,0.69921875,3,1
125,6,0.6171875,0.3046875,0.7578125,0.73828125,1,1
125,6,0.6171875,0.3046875,0.7578125,0.73828125,3,1
125,6,0.5625,0.30078125,0.6328125,0.7734375,1,1
125,6,0.5625,0.30078125,0.6328125,0.7734375,3,1
125,6,0.453125,0.29296875,0.55078125,0.77734375,1,1
125,6,0.453125,0.29296875,0.55078125,0.77734375,3,1
125,6,0.375,0.33984375,0.4765625,0.765625,1,1
125,6,0.375,0.33984375,0.4765625,0.765625,3,1
125,6,0.58203125,0.234375,0.66796875,0.3828125,2,1
125,6,0.30859375,0.2578125,0.37890625,0.34765625,2,1
125,6,0.2109375,0.265625,0.375,0.8125,1,1
125,6,0.2109375,0.265625,0.375,0.8125,3,1
125,6,0.859375,0.2734375,0.97265625,0.64453125,1,1
125,6,0.859375,0.2734375,0.97265625,0.64453125,3,1
125,6,0.14453125,0.31640625,0.2421875,0.78125,1,1
125,6,0.14453125,0.31640625,0.2421875,0.78125,3,1
125,6,0.046875,0.38671875,0.16015625,0.73046875,1,1
125,6,0.046875,0.38671875,0.16015625,0.73046875,3,1
125,5,0.03125,0.35546875,0.1171875,0.75390625,1,1
125,5,0.03125,0.35546875,0.1171875,0.75390625,3,1
125,5,0.13671875,0.328125,0.20703125,0.75,1,1
125,5,0.13671875,0.328125,0.20703125,0.75,3,1
125,5,0.18359375,0.34375,0.30078125,0.8203125,1,1
125,5,0.18359375,0.34375,0.30078125,0.8203125,3,1
125,5,0.36328125,0.32421875,0.4765625,0.78515625,1,1
125,5,0.36328125,0.32421875,0.4765625,0.78515625,3,1
125,5,0.46484375,0.2890625,0.546875,0.765625,1,1
125,5,0.46484375,0.2890625,0.546875,0.765625,3,1
125,5,0.54296875,0.3203125,0.65234375,0.765625,1,1
125,5,0.54296875,0.3203125,0.65234375,0.765625,3,1
125,5,0.640625,0.3203125,0.76953125,0.73046875,1,1
125,5,0.640625,0.3203125,0.76953125,0.73046875,3,1
125,5,0.765625,0.26171875,0.90234375,0.6953125,1,1
125,5,0.765625,0.26171875,0.90234375,0.6953125,3,1
125,5,0.87109375,0.30078125,0.9765625,0.65625,1,1
125,5,0.87109375,0.30078125,0.9765625,0.65625,3,1
125,5,0.59765625,0.23046875,0.65625,0.359375,2,1
125,5,0.59765625,0.23046875,0.65625,0.359375,5,1
125,5,0.3203125,0.26171875,0.4140625,0.32421875,2,1
125,5,0.3203125,0.26171875,0.4140625,0.32421875,5,1
125,5,0.640625,0.19921875,0.703125,0.30078125,2,1
125,4,0.6328125,0.20703125,0.703125,0.3125,2,1
125,4,0.6328125,0.20703125,0.703125,0.3125,5,1
125,4,0.5859375,0.21875,0.66015625,0.35546875,2,1
125,4,0.5859375,0.21875,0.66015625,0.35546875,5,1
125,4,0.33203125,0.23828125,0.42578125,0.34375,2,1
125,4,0.03515625,0.34765625,0.14453125,0.71875,1,1
125,4,0.03515625,0.34765625,0.14453125,0.71875,3,1
125,4,0.1328125,0.3203125,0.20703125,0.78125,1,1
125,4,0.1328125,0.3203125,0.20703125,0.78125,3,1
125,4,0.1953125,0.30078125,0.44921875,0.8046875,1,1
125,4,0.1953125,0.30078125,0.44921875,0.8046875,3,1
125,4,0.3828125,0.3203125,0.49609375,0.78125,1,1
125,4,0.3828125,0.3203125,0.49609375,0.78125,3,1
125,4,0.4609375,0.26953125,0.53515625,0.79296875,1,1
125,4,0.4609375,0.26953125,0.53515625,0.79296875,3,1
125,4,0.55078125,0.3046875,0.62109375,0.76171875,1,1
125,4,0.55078125,0.3046875,0.62109375,0.76171875,3,1
125,4,0.6328125,0.29296875,0.78125,0.7421875,1,1
125,4,0.6328125,0.29296875,0.78125,0.7421875,3,1
125,4,0.765625,0.26953125,0.9140625,0.6875,1,1
125,4,0.765625,0.26953125,0.9140625,0.6875,3,1
125,4,0.85546875,0.265625,0.9765625,0.66015625,1,1
125,4,0.85546875,0.265625,0.9765625,0.66015625,3,1
125,3,0.75390625,0.27734375,0.89453125,0.71875,1,1
125,3,0.75390625,0.27734375,0.89453125,0.71875,3,1
125,3,0.85546875,0.265625,0.9765625,0.671875,1,1
125,3,0.85546875,0.265625,0.9765625,0.671875,3,1
125,3,0.5859375,0.25,0.65625,0.375,2,1
125,3,0.5859375,0.25,0.65625,0.375,5,1
125,3,0.640625,0.28515625,0.73828125,0.71875,1,1
125,3,0.640625,0.28515625,0.73828125,0.71875,3,1
125,3,0.55078125,0.296875,0.62890625,0.73828125,1,1
125,3,0.55078125,0.296875,0.62890625,0.73828125,3,1
125,3,0.46484375,0.30078125,0.5703125,0.7265625,1,1
125,3,0.46484375,0.30078125,0.5703125,0.7265625,3,1
125,3,0.3828125,0.328125,0.484375,0.76953125,1,1
125,3,0.3828125,0.328125,0.484375,0.76953125,3,1
125,3,0.1796875,0.3203125,0.3828125,0.765625,1,1
125,3,0.1796875,0.3203125,0.3828125,0.765625,3,1
125,3,0.0625,0.3359375,0.15625,0.75390625,1,1
125,3,0.0625,0.3359375,0.15625,0.75390625,3,1
125,2,0.59765625,0.21875,0.66015625,0.359375,2,1
125,2,0.59765625,0.21875,0.66015625,0.359375,5,1
125,2,0.30078125,0.2734375,0.390625,0.34765625,2,1
125,2,0.30078125,0.2734375,0.390625,0.34765625,5,1
125,2,0.03515625,0.36328125,0.13671875,0.77734375,1,1
125,2,0.03515625,0.36328125,0.13671875,0.77734375,3,1
125,2,0.15625,0.3515625,0.19140625,0.78515625,1,1
125,2,0.15625,0.3515625,0.19140625,0.78515625,3,1
125,2,0.20703125,0.3125,0.42578125,0.8046875,1,1
125,2,0.20703125,0.3125,0.42578125,0.8046875,3,1
125,2,0.3828125,0.31640625,0.49609375,0.77734375,1,1
125,2,0.3828125,0.31640625,0.49609375,0.77734375,3,1
125,2,0.4765625,0.30078125,0.58984375,0.73828125,1,1
125,2,0.4765625,0.30078125,0.58984375,0.73828125,3,1
125,2,0.5625,0.3203125,0.65234375,0.78515625,1,1
125,2,0.5625,0.3203125,0.65234375,0.78515625,3,1
125,2,0.63671875,0.296875,0.765625,0.72265625,1,1
125,2,0.63671875,0.296875,0.765625,0.72265625,3,1
125,2,0.765625,0.25,0.90234375,0.65234375,1,1
125,2,0.765625,0.25,0.90234375,0.65234375,3,1
125,2,0.86328125,0.2890625,0.9765625,0.66796875,1,1
125,2,0.86328125,0.2890625,0.9765625,0.66796875,3,1
124,7,0.6171875,0.33203125,0.76171875,0.765625,1,1
124,7,0.6171875,0.33203125,0.76171875,0.765625,3,1
124,7,0.51953125,0.25390625,0.6015625,0.41015625,2,1
124,7,0.51953125,0.25390625,0.6015625,0.41015625,5,1
124,7,0.69140625,0.2421875,0.78125,0.375,2,1
124,7,0.69140625,0.2421875,0.78125,0.375,5,1
124,7,0.79296875,0.23828125,0.88671875,0.390625,2,1
124,7,0.79296875,0.23828125,0.88671875,0.390625,5,1
124,7,0.87109375,0.234375,0.94140625,0.3984375,2,1
124,7,0.87109375,0.234375,0.94140625,0.3984375,5,1
124,7,0.92578125,0.2265625,0.984375,0.39453125,2,1
124,7,0.92578125,0.2265625,0.984375,0.39453125,5,1
124,7,0.3828125,0.28125,0.48046875,0.41015625,2,1
124,7,0.3828125,0.28125,0.48046875,0.41015625,5,1
124,7,0.26171875,0.29296875,0.359375,0.44140625,2,1
124,7,0.26171875,0.29296875,0.359375,0.44140625,5,1
124,7,0.15625,0.28515625,0.25390625,0.5078125,1,1
124,7,0.15625,0.28515625,0.25390625,0.5078125,4,1
124,7,0.015625,0.421875,0.1640625,0.65234375,1,1
124,6,0.13671875,0.25390625,0.24609375,0.47265625,1,1
124,6,0.13671875,0.25390625,0.24609375,0.47265625,4,1
124,6,0.01953125,0.43359375,0.15234375,0.65234375,1,1
124,6,0.2734375,0.27734375,0.3671875,0.4609375,2,1
124,6,0.2734375,0.27734375,0.3671875,0.4609375,5,1
124,6,0.38671875,0.2578125,0.47265625,0.41015625,2,1
124,6,0.38671875,0.2578125,0.47265625,0.41015625,5,1
124,6,0.53515625,0.24609375,0.6015625,0.3984375,2,1
124,6,0.53515625,0.24609375,0.6015625,0.3984375,5,1
124,6,0.6328125,0.328125,0.74609375,0.75390625,1,1
124,6,0.6328125,0.328125,0.74609375,0.75390625,3,1
124,6,0.6875,0.23828125,0.77734375,0.390625,2,1
124,6,0.6875,0.23828125,0.77734375,0.390625,5,1
124,6,0.7890625,0.234375,0.8828125,0.43359375,2,1
124,6,0.7890625,0.234375,0.8828125,0.43359375,5,1
124,6,0.8671875,0.25390625,0.94140625,0.390625,2,1
124,6,0.8671875,0.25390625,0.94140625,0.390625,5,1
124,6,0.93359375,0.25,0.984375,0.390625,2,1
124,6,0.93359375,0.25,0.984375,0.390625,5,1
124,5,0.390625,0.2578125,0.484375,0.41796875,2,1
124,5,0.390625,0.2578125,0.484375,0.41796875,5,1
124,5,0.265625,0.26171875,0.359375,0.4609375,2,1
124,5,0.265625,0.26171875,0.359375,0.4609375,5,1
124,5,0.1640625,0.27734375,0.2421875,0.48828125,1,1
124,5,0.1640625,0.27734375,0.2421875,0.48828125,4,1
124,5,0.0625,0.3203125,0.15625,0.48828125,1,1
124,5,0.0625,0.3203125,0.15625,0.48828125,4,1
124,5,0.01171875,0.4375,0.15234375,0.62890625,1,1
124,5,0.53125,0.23046875,0.60546875,0.4140625,2,1
124,5,0.53125,0.23046875,0.60546875,0.4140625,5,1
124,5,0.63671875,0.31640625,0.76171875,0.7421875,1,1
124,5,0.63671875,0.31640625,0.76171875,0.7421875,3,1
124,5,0.703125,0.22265625,0.80859375,0.37890625,2,1
124,5,0.703125,0.22265625,0.80859375,0.37890625,5,1
124,5,0.796875,0.21875,0.89453125,0.40625,2,1
124,5,0.796875,0.21875,0.89453125,0.40625,5,1
124,5,0.86328125,0.24609375,0.9453125,0.40625,2,1
124,5,0.86328125,0.24609375,0.9453125,0.40625,5,1
124,5,0.93359375,0.23828125,0.984375,0.4140625,2,1
124,5,0.93359375,0.23828125,0.984375,0.4140625,5,1
124,5,0.83203125,0.171875,0.92578125,0.26171875,1,1
124,4,0.828125,0.15625,0.91015625,0.26953125,1,1
124,4,0.78125,0.23046875,0.8671875,0.421875,2,1
124,4,0.78125,0.23046875,0.8671875,0.421875,5,1
124,4,0.87109375,0.2578125,0.93359375,0.4140625,2,1
124,4,0.87109375,0.2578125,0.93359375,0.4140625,5,1
124,4,0.9296875,0.23828125,0.984375,0.3984375,2,1
124,4,0.9296875,0.23828125,0.984375,0.3984375,5,1
124,4,0.62890625,0.3125,0.74609375,0.76171875,1,1
124,4,0.62890625,0.3125,0.74609375,0.76171875,3,1
124,4,0.67578125,0.21875,0.77734375,0.37890625,2,1
124,4,0.67578125,0.21875,0.77734375,0.37890625,5,1
124,4,0.53515625,0.23046875,0.59765625,0.40234375,2,1
124,4,0.53515625,0.23046875,0.59765625,0.40234375,5,1
124,4,0.3828125,0.25,0.4765625,0.4296875,2,1
124,4,0.3828125,0.25,0.4765625,0.4296875,5,1
124,4,0.26171875,0.2578125,0.359375,0.44921875,2,1
124,4,0.26171875,0.2578125,0.359375,0.44921875,5,1
124,4,0.15625,0.27734375,0.24609375,0.50390625,1,1
124,4,0.15625,0.27734375,0.24609375,0.50390625,4,1
124,4,0.05078125,0.30859375,0.1484375,0.5078125,1,1
124,4,0.05078125,0.30859375,0.1484375,0.5078125,4,1
124,4,0.015625,0.4296875,0.1640625,0.62109375,1,1
124,3,0.1328125,0.24609375,0.2421875,0.45703125,1,1
124,3,0.1328125,0.24609375,0.2421875,0.45703125,4,1
124,3,0.04296875,0.359375,0.171875,0.48828125,1,1
124,3,0.04296875,0.359375,0.171875,0.48828125,4,1
124,3,0.01953125,0.44140625,0.18359375,0.68359375,1,1
124,3,0.26953125,0.265625,0.35546875,0.44140625,2,1
124,3,0.26953125,0.265625,0.35546875,0.44140625,5,1
124,3,0.390625,0.23828125,0.484375,0.421875,2,1
124,3,0.390625,0.23828125,0.484375,0.421875,5,1
124,3,0.53515625,0.23828125,0.60546875,0.40234375,2,1
124,3,0.53515625,0.23828125,0.60546875,0.40234375,5,1
124,3,0.62890625,0.3125,0.76171875,0.74609375,1,1
124,3,0.62890625,0.3125,0.76171875,0.74609375,3,1
124,3,0.68359375,0.22265625,0.78515625,0.41015625,2,1
124,3,0.68359375,0.22265625,0.78515625,0.41015625,5,1
124,3,0.8046875,0.23046875,0.87890625,0.421875,2,1
124,3,0.8046875,0.23046875,0.87890625,0.421875,5,1
124,3,0.87109375,0.265625,0.94921875,0.41015625,2,1
124,3,0.87109375,0.265625,0.94921875,0.41015625,5,1
124,3,0.92578125,0.2421875,0.98046875,0.40234375,2,1
124,3,0.92578125,0.2421875,0.98046875,0.40234375,5,1
124,3,0.84375,0.16015625,0.8984375,0.265625,1,1
124,2,0.8359375,0.1640625,0.8984375,0.265625,1,1
124,2,0.79296875,0.2421875,0.88671875,0.4140625,2,1
124,2,0.79296875,0.2421875,0.88671875,0.4140625,5,1
124,2,0.87109375,0.2578125,0.94140625,0.4140625,2,1
124,2,0.87109375,0.2578125,0.94140625,0.4140625,5,1
124,2,0.9375,0.23828125,0.9921875,0.40234375,2,1
124,2,0.9375,0.23828125,0.9921875,0.40234375,5,1
124,2,0.69921875,0.2421875,0.77734375,0.375,2,1
124,2,0.69921875,0.2421875,0.77734375,0.375,5,1
124,2,0.625,0.3125,0.7578125,0.76953125,1,1
124,2,0.625,0.3125,0.7578125,0.76953125,3,1
124,2,0.53515625,0.23828125,0.59375,0.40625,2,1
124,2,0.53515625,0.23828125,0.59375,0.40625,5,1
124,2,0.3828125,0.2578125,0.47265625,0.43359375,2,1
124,2,0.3828125,0.2578125,0.47265625,0.43359375,5,1
124,2,0.25,0.265625,0.359375,0.45703125,2,1
124,2,0.25,0.265625,0.359375,0.45703125,5,1
124,2,0.16015625,0.26171875,0.2421875,0.50390625,1,1
124,2,0.16015625,0.26171875,0.2421875,0.50390625,4,1
124,2,0.05859375,0.328125,0.16015625,0.48828125,1,1
124,2,0.05859375,0.328125,0.16015625,0.48828125,4,1
124,2,0.015625,0.4453125,0.1328125,0.65234375,1,1
123,2,0.1484375,0.26953125,0.1953125,0.42578125,1,1
123,2,0.1484375,0.26953125,0.1953125,0.42578125,4,1
123,2,0.1171875,0.41796875,0.2109375,0.76953125,1,1
123,2,0.1171875,0.41796875,0.2109375,0.76953125,3,1
123,2,0.0078125,0.4453125,0.09765625,0.734375,1,1
123,2,0.27734375,0.3515625,0.38671875,0.7890625,1,1
123,2,0.27734375,0.3515625,0.38671875,0.7890625,3,1
123,2,0.203125,0.3046875,0.2578125,0.4375,2,1
123,2,0.203125,0.3046875,0.2578125,0.4375,5,1
123,2,0.27734375,0.27734375,0.37109375,0.41015625,2,1
123,2,0.27734375,0.27734375,0.37109375,0.41015625,5,1
123,2,0.3984375,0.26953125,0.48828125,0.4609375,2,1
123,2,0.3984375,0.26953125,0.48828125,0.4609375,5,1
123,2,0.53515625,0.23828125,0.6171875,0.4296875,2,1
123,2,0.53515625,0.23828125,0.6171875,0.4296875,5,1
123,2,0.60546875,0.15234375,0.671875,0.26171875,1,1
123,2,0.6875,0.20703125,0.74609375,0.33984375,2,1
123,2,0.6875,0.20703125,0.74609375,0.33984375,5,1
123,2,0.76171875,0.1796875,0.82421875,0.35546875,2,1
123,2,0.76171875,0.1796875,0.82421875,0.35546875,5,1
123,2,0.828125,0.23046875,0.8828125,0.3515625,2,1
123,2,0.828125,0.23046875,0.8828125,0.3515625,5,1
123,3,0.53515625,0.2421875,0.6171875,0.40625,2,1
123,3,0.53515625,0.2421875,0.6171875,0.40625,5,1
123,3,0.390625,0.27734375,0.484375,0.4375,2,1
123,3,0.390625,0.27734375,0.484375,0.4375,5,1
123,3,0.26953125,0.37109375,0.36328125,0.8046875,1,1
123,3,0.26953125,0.37109375,0.36328125,0.8046875,3,1
123,3,0.11328125,0.453125,0.21484375,0.75390625,1,1
123,3,0.11328125,0.453125,0.21484375,0.75390625,3,1
123,3,0.00390625,0.4453125,0.09765625,0.74609375,1,1
123,3,0.00390625,0.4453125,0.09765625,0.74609375,3,1
123,3,0.18359375,0.296875,0.2421875,0.453125,2,1
123,3,0.18359375,0.296875,0.2421875,0.453125,5,1
123,3,0.140625,0.25,0.1875,0.4296875,1,1
123,3,0.140625,0.25,0.1875,0.4296875,4,1
123,3,0.62109375,0.1484375,0.69140625,0.296875,1,1
123,3,0.71875,0.18359375,0.78125,0.34375,2,1
123,3,0.71875,0.18359375,0.78125,0.34375,5,1
123,3,0.8046875,0.2109375,0.8671875,0.3046875,2,1
123,3,0.8046875,0.2109375,0.8671875,0.3046875,5,1
123,3,0.88671875,0.2265625,0.9296875,0.29296875,2,1
123,3,0.88671875,0.2265625,0.9296875,0.29296875,5,1
123,7,0.26953125,0.33984375,0.37109375,0.7734375,1,1
123,7,0.26953125,0.33984375,0.37109375,0.7734375,3,1
123,7,0.1171875,0.43359375,0.23046875,0.765625,1,1
123,7,0.1171875,0.43359375,0.23046875,0.765625,3,1
123,7,0.0,0.453125,0.1015625,0.74609375,1,1
123,7,0.0,0.453125,0.1015625,0.74609375,3,1
123,7,0.14453125,0.26953125,0.1953125,0.41015625,1,1
123,7,0.14453125,0.26953125,0.1953125,0.41015625,4,1
123,7,0.1953125,0.296875,0.25,0.4453125,2,1
123,7,0.1953125,0.296875,0.25,0.4453125,5,1
123,7,0.2734375,0.26171875,0.3515625,0.40625,2,1
123,7,0.2734375,0.26171875,0.3515625,0.40625,5,1
123,7,0.3984375,0.2734375,0.484375,0.4296875,2,1
123,7,0.3984375,0.2734375,0.484375,0.4296875,5,1
123,7,0.5390625,0.24609375,0.6015625,0.41015625,2,1
123,7,0.5390625,0.24609375,0.6015625,0.41015625,5,1
123,7,0.60546875,0.15625,0.671875,0.26953125,1,1
123,7,0.6875,0.21484375,0.76953125,0.3515625,2,1
123,7,0.6875,0.21484375,0.76953125,0.3515625,5,1
123,7,0.796875,0.2109375,0.83203125,0.33203125,2,1
123,7,0.796875,0.2109375,0.83203125,0.33203125,5,1
123,7,0.84375,0.234375,0.890625,0.3359375,2,1
123,7,0.84375,0.234375,0.890625,0.3359375,5,1
123,7,0.890625,0.23828125,0.953125,0.33203125,2,1
123,7,0.890625,0.23828125,0.953125,0.33203125,5,1
123,6,0.60546875,0.15234375,0.67578125,0.30078125,1,1
123,6,0.69140625,0.22265625,0.73828125,0.34375,2,1
123,6,0.69140625,0.22265625,0.73828125,0.34375,5,1
123,6,0.7421875,0.22265625,0.80078125,0.3203125,2,1
123,6,0.54296875,0.24609375,0.609375,0.4296875,2,1
123,6,0.54296875,0.24609375,0.609375,0.4296875,5,1
123,6,0.38671875,0.2421875,0.5,0.45703125,2,1
123,6,0.38671875,0.2421875,0.5,0.45703125,5,1
123,6,0.28125,0.36328125,0.36328125,0.76953125,1,1
123,6,0.28125,0.36328125,0.36328125,0.76953125,3,1
123,6,0.12109375,0.44140625,0.21484375,0.72265625,1,1
123,6,0.12109375,0.44140625,0.21484375,0.72265625,3,1
123,6,0.0,0.41796875,0.09765625,0.73828125,1,1
123,6,0.0,0.41796875,0.09765625,0.73828125,3,1
123,6,0.140625,0.26171875,0.1953125,0.41796875,1,1
123,6,0.140625,0.26171875,0.1953125,0.41796875,4,1
123,6,0.19140625,0.30859375,0.24609375,0.45703125,2,1
123,6,0.19140625,0.30859375,0.24609375,0.45703125,5,1
123,6,0.2421875,0.21484375,0.30078125,0.3203125,1,1
123,6,0.80859375,0.2421875,0.87109375,0.3125,2,1
123,6,0.80859375,0.2421875,0.87109375,0.3125,5,1
123,6,0.8828125,0.22265625,0.94921875,0.3359375,2,1
123,6,0.8828125,0.22265625,0.94921875,0.3359375,5,1
123,5,0.89453125,0.23046875,0.953125,0.3359375,2,1
123,5,0.89453125,0.23046875,0.953125,0.3359375,5,1
123,5,0.75390625,0.17578125,0.80859375,0.2578125,1,1
123,5,0.71484375,0.21484375,0.78515625,0.32421875,2,1
123,5,0.71484375,0.21484375,0.78515625,0.32421875,5,1
123,5,0.609375,0.171875,0.6796875,0.34375,1,1
123,5,0.53515625,0.234375,0.6328125,0.421875,2,1
123,5,0.53515625,0.234375,0.6328125,0.421875,5,1
123,5,0.8125,0.20703125,0.87109375,0.33984375,2,1
123,5,0.8125,0.20703125,0.87109375,0.33984375,5,1
123,5,0.390625,0.26953125,0.49609375,0.421875,2,1
123,5,0.390625,0.26953125,0.49609375,0.421875,5,1
123,5,0.28125,0.36328125,0.3828125,0.76953125,1,1
123,5,0.28125,0.36328125,0.3828125,0.76953125,3,1
123,5,0.12890625,0.43359375,0.22265625,0.75390625,1,1
123,5,0.12890625,0.43359375,0.22265625,0.75390625,3,1
123,5,0.0,0.42578125,0.1015625,0.73828125,1,1
123,5,0.0,0.42578125,0.1015625,0.73828125,3,1
123,5,0.1953125,0.26171875,0.2578125,0.44140625,2,1
123,5,0.1953125,0.26171875,0.2578125,0.44140625,5,1
123,5,0.125,0.26171875,0.1796875,0.40625,1,1
123,5,0.125,0.26171875,0.1796875,0.40625,4,1
123,4,0.609375,0.1640625,0.6796875,0.30078125,1,1
123,4,0.53125,0.24609375,0.62109375,0.41796875,2,1
123,4,0.53125,0.24609375,0.62109375,0.41796875,5,1
123,4,0.3984375,0.25390625,0.47265625,0.41015625,2,1
123,4,0.3984375,0.25390625,0.47265625,0.41015625,5,1
123,4,0.2734375,0.3671875,0.3828125,0.82421875,1,1
123,4,0.2734375,0.3671875,0.3828125,0.82421875,3,1
123,4,0.125,0.421875,0.21484375,0.75390625,1,1
123,4,0.125,0.421875,0.21484375,0.75390625,3,1
123,4,0.0078125,0.4296875,0.1015625,0.71875,1,1
123,4,0.0078125,0.4296875,0.1015625,0.71875,3,1
123,4,0.19140625,0.28125,0.25,0.44140625,2,1
123,4,0.19140625,0.28125,0.25,0.44140625,5,1
123,4,0.140625,0.265625,0.19140625,0.4140625,1,1
123,4,0.140625,0.265625,0.19140625,0.4140625,4,1
123,4,0.6875,0.19140625,0.72265625,0.296875,2,1
123,4,0.6875,0.19140625,0.72265625,0.296875,5,1
123,4,0.7265625,0.1953125,0.796875,0.3359375,2,1
123,4,0.7265625,0.1953125,0.796875,0.3359375,5,1
123,4,0.80078125,0.22265625,0.84765625,0.30078125,2,1
123,4,0.80078125,0.22265625,0.84765625,0.30078125,5,1
123,4,0.85546875,0.23046875,0.90234375,0.30859375,2,1
123,4,0.85546875,0.23046875,0.90234375,0.30859375,5,1
131,2,0.37109375,0.25390625,0.48828125,0.4296875,2,1
131,2,0.37109375,0.25390625,0.48828125,0.4296875,5,1
131,2,0.5546875,0.15234375,0.63671875,0.3203125,1,1
131,2,0.5546875,0.15234375,0.63671875,0.3203125,5,1
131,2,0.67578125,0.20703125,0.78125,0.42578125,2,1
131,2,0.67578125,0.20703125,0.78125,0.42578125,5,1
131,3,0.37890625,0.25,0.484375,0.4296875,2,1
131,3,0.37890625,0.25,0.484375,0.4296875,5,1
131,3,0.5546875,0.15234375,0.625,0.3203125,1,1
131,3,0.5546875,0.15234375,0.625,0.3203125,5,1
131,3,0.66796875,0.21875,0.78515625,0.39453125,2,1
131,3,0.66796875,0.21875,0.78515625,0.39453125,5,1
131,4,0.37890625,0.23046875,0.48828125,0.4296875,2,1
131,4,0.37890625,0.23046875,0.48828125,0.4296875,5,1
131,4,0.55859375,0.1484375,0.63671875,0.34765625,1,1
131,4,0.68359375,0.21484375,0.80859375,0.40234375,2,1
131,4,0.68359375,0.21484375,0.80859375,0.40234375,5,1
131,5,0.359375,0.23828125,0.484375,0.4375,2,1
131,5,0.359375,0.23828125,0.484375,0.4375,5,1
131,5,0.5625,0.15234375,0.64453125,0.3359375,1,1
131,5,0.5625,0.15234375,0.64453125,0.3359375,5,1
131,5,0.68359375,0.19921875,0.81640625,0.39453125,2,1
131,5,0.68359375,0.19921875,0.81640625,0.39453125,5,1
131,6,0.38671875,0.2578125,0.484375,0.42578125,2,1
131,6,0.38671875,0.2578125,0.484375,0.42578125,5,1
131,6,0.55078125,0.1640625,0.625,0.31640625,1,1
131,6,0.68359375,0.2109375,0.78125,0.3984375,2,1
131,6,0.68359375,0.2109375,0.78125,0.3984375,5,1
131,7,0.3828125,0.25390625,0.48046875,0.4296875,2,1
131,7,0.3828125,0.25390625,0.48046875,0.4296875,5,1
131,7,0.5625,0.15234375,0.64453125,0.3203125,2,1
131,7,0.5625,0.15234375,0.64453125,0.3203125,5,1
131,7,0.6796875,0.203125,0.8046875,0.39453125,2,1
131,7,0.6796875,0.203125,0.8046875,0.39453125,5,1
132,2,0.125,0.25,0.23828125,0.421875,1,1
132,2,0.125,0.25,0.23828125,0.421875,4,1
132,2,0.015625,0.4375,0.09375,0.734375,1,1
132,2,0.015625,0.4375,0.09375,0.734375,3,1
132,2,0.34375,0.25390625,0.421875,0.3671875,2,1
132,2,0.46875,0.2109375,0.515625,0.3359375,2,1
132,2,0.46875,0.2109375,0.515625,0.3359375,5,1
132,2,0.5703125,0.265625,0.6640625,0.4140625,2,1
132,2,0.69921875,0.25390625,0.78515625,0.4140625,2,1
132,2,0.69921875,0.25390625,0.78515625,0.4140625,5,1
132,2,0.6328125,0.21875,0.68359375,0.3046875,2,1
132,2,0.79296875,0.15234375,0.84765625,0.30859375,1,1
132,3,0.1328125,0.2421875,0.234375,0.41015625,1,1
132,3,0.0,0.390625,0.1015625,0.73046875,1,1
132,3,0.0,0.390625,0.1015625,0.73046875,3,1
132,3,0.33984375,0.24609375,0.41796875,0.3515625,2,1
132,3,0.33984375,0.24609375,0.41796875,0.3515625,5,1
132,3,0.4609375,0.21484375,0.515625,0.3515625,2,1
132,3,0.4609375,0.21484375,0.515625,0.3515625,5,1
132,3,0.58203125,0.24609375,0.66796875,0.41015625,2,1
132,3,0.58203125,0.24609375,0.66796875,0.41015625,5,1
132,3,0.703125,0.25,0.77734375,0.40234375,2,1
132,3,0.703125,0.25,0.77734375,0.40234375,5,1
132,3,0.625,0.203125,0.6953125,0.3203125,2,1
132,3,0.625,0.203125,0.6953125,0.3203125,5,1
132,3,0.71484375,0.20703125,0.78125,0.30859375,2,1
132,3,0.80078125,0.1640625,0.84765625,0.30859375,1,1
132,4,0.125,0.25390625,0.23828125,0.4375,1,1
132,4,0.00390625,0.4296875,0.08984375,0.734375,1,1
132,4,0.00390625,0.4296875,0.08984375,0.734375,3,1
132,4,0.32421875,0.23046875,0.421875,0.36328125,2,1
132,4,0.32421875,0.23046875,0.421875,0.36328125,5,1
132,4,0.4609375,0.20703125,0.515625,0.33203125,2,1
132,4,0.4609375,0.20703125,0.515625,0.33203125,5,1
132,4,0.56640625,0.23828125,0.66796875,0.41796875,2,1
132,4,0.56640625,0.23828125,0.66796875,0.41796875,5,1
132,4,0.6171875,0.203125,0.6953125,0.33203125,2,1
132,4,0.6171875,0.203125,0.6953125,0.33203125,5,1
132,4,0.70703125,0.26171875,0.78125,0.4140625,2,1
132,4,0.70703125,0.26171875,0.78125,0.4140625,5,1
132,4,0.78515625,0.16796875,0.83984375,0.3125,1,1
132,5,0.1171875,0.25390625,0.23828125,0.45703125,1,1
132,5,0.01171875,0.41796875,0.0859375,0.74609375,1,1
132,5,0.01171875,0.41796875,0.0859375,0.74609375,3,1
132,5,0.34765625,0.24609375,0.42578125,0.37109375,2,1
132,5,0.34765625,0.24609375,0.42578125,0.37109375,5,1
132,5,0.4609375,0.21875,0.51171875,0.33984375,2,1
132,5,0.4609375,0.21875,0.51171875,0.33984375,5,1
132,5,0.5546875,0.24609375,0.66796875,0.4140625,2,1
132,5,0.5546875,0.24609375,0.66796875,0.4140625,5,1
132,5,0.625,0.203125,0.68359375,0.3125,2,1
132,5,0.6953125,0.25,0.7734375,0.38671875,2,1
132,5,0.6953125,0.25,0.7734375,0.38671875,5,1
132,5,0.7890625,0.15234375,0.8359375,0.296875,1,1
132,6,0.79296875,0.16015625,0.84375,0.30078125,1,1
132,6,0.6875,0.25,0.7734375,0.3984375,2,1
132,6,0.6875,0.25,0.7734375,0.3984375,5,1
132,6,0.56640625,0.25390625,0.66796875,0.4140625,2,1
132,6,0.56640625,0.25390625,0.66796875,0.4140625,5,1
132,6,0.46484375,0.2109375,0.515625,0.3671875,2,1
132,6,0.46484375,0.2109375,0.515625,0.3671875,5,1
132,6,0.3515625,0.23828125,0.4140625,0.37890625,2,1
132,6,0.13671875,0.27734375,0.23828125,0.4140625,1,1
132,6,0.01953125,0.42578125,0.078125,0.7734375,1,1
132,6,0.01953125,0.42578125,0.078125,0.7734375,3,1
132,7,0.01953125,0.40625,0.1015625,0.70703125,1,1
132,7,0.01953125,0.40625,0.1015625,0.70703125,3,1
132,7,0.12890625,0.25390625,0.234375,0.4140625,1,1
132,7,0.34765625,0.25390625,0.41796875,0.37890625,2,1
132,7,0.4609375,0.21875,0.515625,0.34375,2,1
132,7,0.5546875,0.2265625,0.66796875,0.41015625,2,1
132,7,0.5546875,0.2265625,0.66796875,0.41015625,5,1
132,7,0.703125,0.24609375,0.78515625,0.3984375,2,1
132,7,0.703125,0.24609375,0.78515625,0.3984375,5,1
132,7,0.6328125,0.203125,0.68359375,0.3046875,2,1
132,7,0.79296875,0.16796875,0.8515625,0.3203125,1,1
133,2,0.703125,0.16015625,0.78125,0.33203125,1,1
133,2,0.578125,0.25390625,0.66015625,0.41015625,2,1
133,2,0.578125,0.25390625,0.66015625,0.41015625,5,1
133,2,0.34375,0.23828125,0.42578125,0.36328125,2,1
133,2,0.18359375,0.35546875,0.28125,0.78515625,1,1
133,2,0.18359375,0.35546875,0.28125,0.78515625,3,1
133,2,0.03515625,0.37109375,0.15234375,0.79296875,1,1
133,2,0.03515625,0.37109375,0.15234375,0.79296875,3,1
133,2,0.62890625,0.22265625,0.6875,0.31640625,2,1
133,2,0.83203125,0.33203125,0.96875,0.65234375,1,1
133,2,0.83203125,0.33203125,0.96875,0.65234375,3,1
133,2,0.8046875,0.2265625,0.85546875,0.3125,2,1
133,3,0.33203125,0.25,0.41796875,0.37109375,2,1
133,3,0.33203125,0.25,0.41796875,0.37109375,5,1
133,3,0.171875,0.37109375,0.2734375,0.78125,1,1
133,3,0.171875,0.37109375,0.2734375,0.78125,3,1
133,3,0.0390625,0.40625,0.1484375,0.7890625,1,1
133,3,0.0390625,0.40625,0.1484375,0.7890625,3,1
133,3,0.5703125,0.25,0.6640625,0.4140625,2,1
133,3,0.5703125,0.25,0.6640625,0.4140625,5,1
133,3,0.62109375,0.203125,0.69921875,0.3203125,2,1
133,3,0.703125,0.1640625,0.7734375,0.32421875,1,1
133,3,0.7890625,0.203125,0.85546875,0.3046875,2,1
133,3,0.81640625,0.3125,0.96484375,0.65625,1,1
133,3,0.81640625,0.3125,0.96484375,0.65625,3,1
133,4,0.5703125,0.25390625,0.671875,0.421875,2,1
133,4,0.5703125,0.25390625,0.671875,0.421875,5,1
133,4,0.34375,0.2578125,0.43359375,0.3671875,2,1
133,4,0.18359375,0.36328125,0.26953125,0.76171875,1,1
133,4,0.18359375,0.36328125,0.26953125,0.76171875,3,1
133,4,0.03515625,0.39453125,0.1484375,0.765625,1,1
133,4,0.03515625,0.39453125,0.1484375,0.765625,3,1
133,4,0.82421875,0.3203125,0.98046875,0.67578125,1,1
133,4,0.82421875,0.3203125,0.98046875,0.67578125,3,1
133,4,0.69140625,0.16015625,0.77734375,0.31640625,1,1
133,4,0.625,0.21875,0.68359375,0.32421875,2,1
133,4,0.7890625,0.21484375,0.859375,0.3125,2,1
133,5,0.3359375,0.25390625,0.44140625,0.37890625,2,1
133,5,0.3359375,0.25390625,0.44140625,0.37890625,5,1
133,5,0.19140625,0.37109375,0.28125,0.7578125,1,1
133,5,0.19140625,0.37109375,0.28125,0.7578125,3,1
133,5,0.05078125,0.3984375,0.1640625,0.7890625,1,1
133,5,0.05078125,0.3984375,0.1640625,0.7890625,3,1
133,5,0.578125,0.23828125,0.671875,0.40234375,2,1
133,5,0.578125,0.23828125,0.671875,0.40234375,5,1
133,5,0.62109375,0.2109375,0.6953125,0.34375,2,1
133,5,0.70703125,0.15234375,0.76953125,0.3203125,1,1
133,5,0.7890625,0.22265625,0.84765625,0.3203125,2,1
133,5,0.7890625,0.22265625,0.84765625,0.3203125,5,1
133,5,0.8359375,0.3203125,0.97265625,0.640625,1,1
133,5,0.8359375,0.3203125,0.97265625,0.640625,3,1
133,6,0.05078125,0.3828125,0.15234375,0.7734375,1,1
133,6,0.05078125,0.3828125,0.15234375,0.7734375,3,1
133,6,0.16796875,0.3671875,0.2734375,0.78515625,1,1
133,6,0.16796875,0.3671875,0.2734375,0.78515625,3,1
133,6,0.3125,0.234375,0.42578125,0.359375,2,1
133,6,0.546875,0.2265625,0.65234375,0.4296875,2,1
133,6,0.546875,0.2265625,0.65234375,0.4296875,5,1
133,6,0.61328125,0.19921875,0.6953125,0.33203125,2,1
133,6,0.61328125,0.19921875,0.6953125,0.33203125,5,1
133,6,0.69921875,0.1484375,0.7734375,0.33203125,1,1
133,6,0.796875,0.21875,0.875,0.32421875,2,1
133,6,0.796875,0.21875,0.875,0.32421875,5,1
133,6,0.828125,0.33203125,0.98046875,0.69921875,1,1
133,6,0.828125,0.33203125,0.98046875,0.69921875,3,1
133,7,0.328125,0.26171875,0.4140625,0.35546875,2,1
133,7,0.328125,0.26171875,0.4140625,0.35546875,5,1
133,7,0.17578125,0.37109375,0.28515625,0.73046875,1,1
133,7,0.17578125,0.37109375,0.28515625,0.73046875,3,1
133,7,0.03515625,0.390625,0.1484375,0.7578125,1,1
133,7,0.03515625,0.390625,0.1484375,0.7578125,3,1
133,7,0.56640625,0.2421875,0.66015625,0.40234375,2,1
133,7,0.56640625,0.2421875,0.66015625,0.40234375,5,1
133,7,0.62109375,0.1953125,0.69140625,0.3125,2,1
133,7,0.62109375,0.1953125,0.69140625,0.3125,5,1
133,7,0.70703125,0.1640625,0.7734375,0.3203125,1,1
133,7,0.79296875,0.20703125,0.84765625,0.31640625,2,1
133,7,0.79296875,0.20703125,0.84765625,0.31640625,5,1
133,7,0.82421875,0.33203125,0.97265625,0.6953125,1,1
133,7,0.82421875,0.33203125,0.97265625,0.6953125,3,1
134,2,0.13671875,0.3046875,0.2421875,0.5234375,1,1
134,2,0.05859375,0.421875,0.15234375,0.75390625,1,1
134,2,0.05859375,0.421875,0.15234375,0.75390625,3,1
134,2,0.0,0.4296875,0.0390625,0.71875,1,1
134,2,0.0,0.4296875,0.0390625,0.71875,3,1
134,2,0.2578125,0.25,0.3359375,0.4609375,1,1
134,2,0.3515625,0.35546875,0.4765625,0.78125,1,1
134,2,0.3515625,0.35546875,0.4765625,0.78125,3,1
134,2,0.39453125,0.24609375,0.48046875,0.40234375,2,1
134,2,0.39453125,0.24609375,0.48046875,0.40234375,5,1
134,2,0.58984375,0.296875,0.69140625,0.7578125,1,1
134,2,0.58984375,0.296875,0.69140625,0.7578125,3,1
134,2,0.73828125,0.3046875,0.8515625,0.73046875,1,1
134,2,0.73828125,0.3046875,0.8515625,0.73046875,3,1
134,2,0.80859375,0.26953125,0.953125,0.6484375,1,1
134,2,0.80859375,0.26953125,0.953125,0.6484375,3,1
134,2,0.53515625,0.25,0.58984375,0.40625,2,1
134,2,0.53515625,0.25,0.58984375,0.40625,5,1
134,2,0.58203125,0.2109375,0.65625,0.375,2,1
134,2,0.58203125,0.2109375,0.65625,0.375,5,1
134,2,0.68359375,0.20703125,0.765625,0.3828125,2,1
134,2,0.68359375,0.20703125,0.765625,0.3828125,5,1
134,2,0.8046875,0.14453125,0.87109375,0.2734375,1,1
134,2,0.91015625,0.32421875,0.98046875,0.67578125,1,1
134,2,0.91015625,0.32421875,0.98046875,0.67578125,3,1
141,7,0.37109375,0.2734375,0.48046875,0.4296875,2,1
141,7,0.5703125,0.20703125,0.62890625,0.296875,2,1
141,7,0.62890625,0.16015625,0.68359375,0.29296875,1,1
141,7,0.6796875,0.2421875,0.78515625,0.39453125,2,1
141,7,0.7890625,0.14453125,0.85546875,0.30859375,1,1
141,6,0.3828125,0.26171875,0.4765625,0.4375,2,1
141,6,0.3828125,0.26171875,0.4765625,0.4375,5,1
141,6,0.56640625,0.203125,0.62109375,0.3125,2,1
141,6,0.625,0.140625,0.671875,0.3125,1,1
141,6,0.67578125,0.23046875,0.7890625,0.39453125,2,1
141,6,0.67578125,0.23046875,0.7890625,0.39453125,5,1
141,6,0.77734375,0.14453125,0.83203125,0.24609375,1,1
141,5,0.36328125,0.27734375,0.46484375,0.42578125,2,1
141,5,0.57421875,0.1953125,0.625,0.30078125,2,1
141,5,0.640625,0.17578125,0.6796875,0.296875,1,1
141,5,0.68359375,0.2421875,0.7890625,0.40234375,2,1
141,5,0.77734375,0.13671875,0.83203125,0.27734375,1,1
141,4,0.3671875,0.2734375,0.46875,0.4375,2,1
141,4,0.5703125,0.2109375,0.640625,0.31640625,2,1
141,4,0.6796875,0.234375,0.78125,0.39453125,2,1
141,4,0.625,0.16015625,0.69140625,0.29296875,1,1
141,4,0.7890625,0.16796875,0.84765625,0.28125,1,1
141,3,0.3671875,0.28125,0.4765625,0.42578125,2,1
141,3,0.55859375,0.19921875,0.62890625,0.31640625,2,1
141,3,0.6796875,0.24609375,0.79296875,0.4296875,2,1
141,3,0.63671875,0.16796875,0.69921875,0.30859375,1,1
141,3,0.78515625,0.1484375,0.8359375,0.28515625,1,1
141,2,0.3671875,0.25,0.46484375,0.42578125,2,1
141,2,0.3671875,0.25,0.46484375,0.42578125,5,1
141,2,0.57421875,0.23046875,0.62890625,0.328125,2,1
141,2,0.625,0.16015625,0.6875,0.328125,1,1
141,2,0.6796875,0.25,0.7890625,0.41015625,2,1
141,2,0.6796875,0.25,0.7890625,0.41015625,5,1
141,2,0.77734375,0.16015625,0.84765625,0.30078125,1,1
140,7,0.26171875,0.26171875,0.37890625,0.453125,2,1
140,7,0.26171875,0.26171875,0.37890625,0.453125,5,1
140,7,0.390625,0.2734375,0.484375,0.42578125,2,1
140,7,0.390625,0.2734375,0.484375,0.42578125,5,1
140,7,0.46875,0.20703125,0.515625,0.328125,2,1
140,7,0.5625,0.234375,0.65625,0.41015625,2,1
140,7,0.5625,0.234375,0.65625,0.41015625,5,1
140,7,0.59765625,0.12109375,0.6796875,0.26171875,1,1
140,7,0.671875,0.24609375,0.7890625,0.4140625,2,1
140,7,0.671875,0.24609375,0.7890625,0.4140625,5,1
140,7,0.80078125,0.2578125,0.8828125,0.39453125,2,1
140,7,0.80078125,0.2578125,0.8828125,0.39453125,5,1
140,7,0.875,0.2734375,0.95703125,0.37890625,2,1
140,7,0.875,0.2734375,0.95703125,0.37890625,5,1
140,6,0.2734375,0.24609375,0.37890625,0.45703125,2,1
140,6,0.2734375,0.24609375,0.37890625,0.45703125,5,1
140,6,0.39453125,0.28515625,0.48046875,0.43359375,2,1
140,6,0.39453125,0.28515625,0.48046875,0.43359375,5,1
140,6,0.36328125,0.23046875,0.41796875,0.34375,2,1
140,6,0.36328125,0.23046875,0.41796875,0.34375,5,1
140,6,0.46875,0.2109375,0.51953125,0.34375,2,1
140,6,0.46875,0.2109375,0.51953125,0.34375,5,1
140,6,0.55859375,0.2265625,0.65625,0.421875,2,1
140,6,0.55859375,0.2265625,0.65625,0.421875,5,1
140,6,0.59765625,0.12109375,0.6796875,0.28515625,1,1
140,6,0.671875,0.2265625,0.78125,0.40625,2,1
140,6,0.671875,0.2265625,0.78125,0.40625,5,1
140,6,0.7890625,0.234375,0.87109375,0.37890625,2,1
140,6,0.7890625,0.234375,0.87109375,0.37890625,5,1
140,6,0.8828125,0.25390625,0.94921875,0.390625,2,1
140,6,0.8828125,0.25390625,0.94921875,0.390625,5,1
140,5,0.25,0.25,0.375,0.453125,2,1
140,5,0.25,0.25,0.375,0.453125,5,1
140,5,0.390625,0.27734375,0.4765625,0.421875,2,1
140,5,0.390625,0.27734375,0.4765625,0.421875,5,1
140,5,0.4609375,0.21875,0.515625,0.34765625,2,1
140,5,0.4609375,0.21875,0.515625,0.34765625,5,1
140,5,0.5625,0.25,0.67578125,0.41796875,2,1
140,5,0.5625,0.25,0.67578125,0.41796875,5,1
140,5,0.60546875,0.1328125,0.68359375,0.26953125,1,1
140,5,0.671875,0.234375,0.7890625,0.40625,2,1
140,5,0.671875,0.234375,0.7890625,0.40625,5,1
140,5,0.796875,0.25390625,0.86328125,0.40234375,2,1
140,5,0.796875,0.25390625,0.86328125,0.40234375,5,1
140,5,0.875,0.25,0.94921875,0.390625,2,1
140,5,0.875,0.25,0.94921875,0.390625,5,1
140,4,0.2421875,0.234375,0.37109375,0.453125,2,1
140,4,0.2421875,0.234375,0.37109375,0.453125,5,1
140,4,0.39453125,0.265625,0.484375,0.4375,2,1
140,4,0.39453125,0.265625,0.484375,0.4375,5,1
140,4,0.46484375,0.21484375,0.51953125,0.34375,2,1
140,4,0.5625,0.24609375,0.6640625,0.41015625,2,1
140,4,0.5625,0.24609375,0.6640625,0.41015625,5,1
140,4,0.609375,0.1328125,0.67578125,0.2890625,1,1
140,4,0.67578125,0.25,0.77734375,0.390625,2,1
140,4,0.67578125,0.25,0.77734375,0.390625,5,1
140,4,0.8046875,0.2421875,0.87890625,0.40625,2,1
140,4,0.8046875,0.2421875,0.87890625,0.40625,5,1
140,4,0.8828125,0.2578125,0.96875,0.38671875,2,1
140,4,0.8828125,0.2578125,0.96875,0.38671875,5,1
140,3,0.2578125,0.24609375,0.375,0.45703125,2,1
140,3,0.2578125,0.24609375,0.375,0.45703125,5,1
140,3,0.39453125,0.27734375,0.4921875,0.44921875,2,1
140,3,0.39453125,0.27734375,0.4921875,0.44921875,5,1
140,3,0.4609375,0.22265625,0.51953125,0.3515625,2,1
140,3,0.5625,0.24609375,0.6640625,0.4140625,2,1
140,3,0.5625,0.24609375,0.6640625,0.4140625,5,1
140,3,0.61328125,0.140625,0.67578125,0.2890625,1,1
140,3,0.6796875,0.22265625,0.7734375,0.4140625,2,1
140,3,0.6796875,0.22265625,0.7734375,0.4140625,5,1
140,3,0.80078125,0.2421875,0.8671875,0.3984375,2,1
140,3,0.875,0.265625,0.953125,0.40625,2,1
140,2,0.265625,0.23828125,0.37890625,0.45703125,2,1
140,2,0.265625,0.23828125,0.37890625,0.45703125,5,1
140,2,0.390625,0.28125,0.48828125,0.4375,2,1
140,2,0.390625,0.28125,0.48828125,0.4375,5,1
140,2,0.45703125,0.21484375,0.51171875,0.35546875,2,1
140,2,0.5703125,0.25390625,0.6640625,0.421875,2,1
140,2,0.5703125,0.25390625,0.6640625,0.421875,5,1
140,2,0.6015625,0.1328125,0.67578125,0.2890625,1,1
140,2,0.68359375,0.25,0.78125,0.4140625,2,1
140,2,0.68359375,0.25,0.78125,0.4140625,5,1
140,2,0.796875,0.23828125,0.86328125,0.40234375,2,1
140,2,0.796875,0.23828125,0.86328125,0.40234375,5,1
140,2,0.87109375,0.2421875,0.94921875,0.3828125,2,1
140,2,0.87109375,0.2421875,0.94921875,0.3828125,5,1
139,7,0.26953125,0.265625,0.3828125,0.453125,2,1
139,7,0.26953125,0.265625,0.3828125,0.453125,5,1
139,7,0.359375,0.22265625,0.4296875,0.3671875,2,1
139,7,0.359375,0.22265625,0.4296875,0.3671875,5,1
139,7,0.45703125,0.20703125,0.515625,0.3359375,2,1
139,7,0.45703125,0.20703125,0.515625,0.3359375,5,1
139,7,0.55078125,0.23828125,0.6640625,0.40234375,2,1
139,7,0.55078125,0.23828125,0.6640625,0.40234375,5,1
139,7,0.5546875,0.140625,0.61328125,0.26953125,1,1
139,7,0.66796875,0.2265625,0.765625,0.39453125,2,1
139,7,0.66796875,0.2265625,0.765625,0.39453125,5,1
139,7,0.79296875,0.26171875,0.87109375,0.390625,2,1
139,7,0.79296875,0.26171875,0.87109375,0.390625,5,1
139,7,0.88671875,0.25390625,0.94921875,0.3984375,2,1
139,7,0.88671875,0.25390625,0.94921875,0.3984375,5,1
139,6,0.26953125,0.27734375,0.38671875,0.4453125,2,1
139,6,0.26953125,0.27734375,0.38671875,0.4453125,5,1
139,6,0.36328125,0.2421875,0.43359375,0.34765625,2,1
139,6,0.46875,0.2265625,0.51953125,0.3359375,2,1
139,6,0.5625,0.15625,0.61328125,0.24609375,1,1
139,6,0.5625,0.2578125,0.6484375,0.40625,2,1
139,6,0.5625,0.2578125,0.6484375,0.40625,5,1
139,6,0.68359375,0.2578125,0.76953125,0.40234375,2,1
139,6,0.68359375,0.2578125,0.76953125,0.40234375,5,1
139,6,0.78515625,0.24609375,0.86328125,0.390625,2,1
139,6,0.78515625,0.24609375,0.86328125,0.390625,5,1
139,6,0.8828125,0.26171875,0.94921875,0.40234375,2,1
139,6,0.8828125,0.26171875,0.94921875,0.40234375,5,1
134,3,0.0625,0.3671875,0.14453125,0.7421875,1,1
134,3,0.0625,0.3671875,0.14453125,0.7421875,3,1
134,3,0.0,0.4296875,0.04296875,0.72265625,1,1
134,3,0.0,0.4296875,0.04296875,0.72265625,3,1
134,3,0.12890625,0.296875,0.25,0.51171875,1,1
134,3,0.12890625,0.296875,0.25,0.51171875,4,1
134,3,0.2421875,0.22265625,0.328125,0.51953125,1,1
134,3,0.3515625,0.34765625,0.4921875,0.8046875,1,1
134,3,0.3515625,0.34765625,0.4921875,0.8046875,3,1
134,3,0.3984375,0.25,0.48828125,0.40234375,2,1
134,3,0.58984375,0.296875,0.72265625,0.75390625,1,1
134,3,0.58984375,0.296875,0.72265625,0.75390625,3,1
134,3,0.73046875,0.28515625,0.83203125,0.71484375,1,1
134,3,0.73046875,0.28515625,0.83203125,0.71484375,3,1
134,3,0.84375,0.28515625,0.94140625,0.6484375,1,1
134,3,0.8828125,0.25,0.98828125,0.703125,1,1
134,3,0.8828125,0.25,0.98828125,0.703125,3,1
134,3,0.5625,0.22265625,0.65625,0.37109375,2,1
134,3,0.5234375,0.2421875,0.578125,0.41796875,2,1
134,3,0.5234375,0.2421875,0.578125,0.41796875,5,1
134,3,0.8046875,0.15234375,0.8671875,0.26171875,1,1
134,4,0.06640625,0.41015625,0.15234375,0.76171875,1,1
134,4,0.06640625,0.41015625,0.15234375,0.76171875,3,1
134,4,0.0,0.4140625,0.046875,0.7265625,1,1
134,4,0.0,0.4140625,0.046875,0.7265625,3,1
134,4,0.125,0.2890625,0.2421875,0.5,1,1
134,4,0.125,0.2890625,0.2421875,0.5,4,1
134,4,0.2578125,0.2421875,0.3359375,0.5078125,1,1
134,4,0.35546875,0.359375,0.4765625,0.75390625,1,1
134,4,0.35546875,0.359375,0.4765625,0.75390625,3,1
134,4,0.609375,0.3203125,0.703125,0.73046875,1,1
134,4,0.609375,0.3203125,0.703125,0.73046875,3,1
134,4,0.53125,0.2265625,0.59375,0.38671875,2,1
134,4,0.3828125,0.234375,0.48828125,0.41015625,2,1
134,4,0.3828125,0.234375,0.48828125,0.41015625,5,1
134,4,0.6171875,0.19140625,0.69140625,0.33203125,2,1
134,4,0.7109375,0.22265625,0.7734375,0.36328125,2,1
134,4,0.734375,0.28515625,0.86328125,0.7421875,1,1
134,4,0.734375,0.28515625,0.86328125,0.7421875,3,1
134,4,0.81640625,0.2734375,0.9453125,0.578125,1,1
134,4,0.81640625,0.2734375,0.9453125,0.578125,3,1
134,4,0.87890625,0.2890625,0.98828125,0.703125,1,1
134,4,0.87890625,0.2890625,0.98828125,0.703125,3,1
134,4,0.8046875,0.171875,0.8828125,0.26171875,1,1
134,5,0.06640625,0.41796875,0.15625,0.76171875,1,1
134,5,0.06640625,0.41796875,0.15625,0.76171875,3,1
134,5,0.0,0.46875,0.05078125,0.765625,1,1
134,5,0.0,0.46875,0.05078125,0.765625,3,1
134,5,0.13671875,0.3125,0.25,0.5234375,1,1
134,5,0.13671875,0.3125,0.25,0.5234375,4,1
134,5,0.265625,0.26953125,0.34765625,0.48046875,1,1
134,5,0.35546875,0.35546875,0.484375,0.7890625,1,1
134,5,0.35546875,0.35546875,0.484375,0.7890625,3,1
134,5,0.39453125,0.265625,0.4921875,0.40625,2,1
134,5,0.39453125,0.265625,0.4921875,0.40625,5,1
134,5,0.53515625,0.23828125,0.6015625,0.41015625,2,1
134,5,0.6015625,0.3125,0.69921875,0.81640625,1,1
134,5,0.6015625,0.3125,0.69921875,0.81640625,3,1
134,5,0.734375,0.2890625,0.85546875,0.73828125,1,1
134,5,0.734375,0.2890625,0.85546875,0.73828125,3,1
134,5,0.62890625,0.2265625,0.6796875,0.29296875,2,1
134,5,0.79296875,0.14453125,0.87890625,0.265625,1,1
134,5,0.81640625,0.29296875,0.93359375,0.69921875,1,1
134,5,0.89453125,0.29296875,0.9921875,0.7265625,1,1
134,5,0.89453125,0.29296875,0.9921875,0.7265625,3,1
135,3,0.30078125,0.36328125,0.40625,0.76953125,1,1
135,3,0.30078125,0.36328125,0.40625,0.76953125,3,1
135,3,0.0078125,0.453125,0.0625,0.62890625,1,1
135,3,0.28515625,0.3125,0.36328125,0.41796875,2,1
135,3,0.28515625,0.3125,0.36328125,0.41796875,5,1
135,3,0.3984375,0.2734375,0.48046875,0.41015625,2,1
135,3,0.3984375,0.2734375,0.48046875,0.41015625,5,1
135,3,0.51171875,0.19921875,0.58203125,0.421875,1,1
135,3,0.59375,0.23828125,0.66015625,0.41015625,2,1
135,3,0.59375,0.23828125,0.66015625,0.41015625,5,1
135,3,0.66796875,0.29296875,0.796875,0.75390625,1,1
135,3,0.66796875,0.29296875,0.796875,0.75390625,3,1
135,3,0.8046875,0.28125,0.9609375,0.66796875,1,1
135,3,0.8046875,0.28125,0.9609375,0.66796875,3,1
135,3,0.66015625,0.1484375,0.73046875,0.24609375,2,1
135,3,0.86328125,0.1796875,0.91015625,0.2578125,1,1
135,4,0.6640625,0.3125,0.8125,0.71875,1,1
135,4,0.6640625,0.3125,0.8125,0.71875,3,1
135,4,0.80078125,0.29296875,0.98046875,0.66796875,1,1
135,4,0.80078125,0.29296875,0.98046875,0.66796875,3,1
135,4,0.578125,0.21875,0.66015625,0.421875,2,1
135,4,0.578125,0.21875,0.66015625,0.421875,5,1
135,4,0.53125,0.18359375,0.578125,0.4140625,1,1
135,4,0.3984375,0.2578125,0.484375,0.41796875,2,1
135,4,0.3984375,0.2578125,0.484375,0.41796875,5,1
135,4,0.28125,0.35546875,0.38671875,0.77734375,1,1
135,4,0.28125,0.35546875,0.38671875,0.77734375,3,1
135,4,0.0078125,0.44921875,0.07421875,0.6328125,1,1
135,4,0.27734375,0.2734375,0.359375,0.4453125,2,1
135,4,0.27734375,0.2734375,0.359375,0.4453125,5,1
135,4,0.66796875,0.15625,0.7109375,0.23828125,1,1
135,4,0.734375,0.21484375,0.796875,0.30859375,2,1
134,6,0.05859375,0.4140625,0.16796875,0.74609375,1,1
134,6,0.05859375,0.4140625,0.16796875,0.74609375,3,1
134,6,0.1328125,0.30078125,0.25,0.546875,1,1
134,6,0.1328125,0.30078125,0.25,0.546875,4,1
134,6,0.26171875,0.23046875,0.33203125,0.5078125,1,1
134,6,0.35546875,0.34375,0.48828125,0.76953125,1,1
134,6,0.35546875,0.34375,0.48828125,0.76953125,3,1
134,6,0.3984375,0.25,0.484375,0.390625,2,1
134,6,0.3984375,0.25,0.484375,0.390625,5,1
134,6,0.5234375,0.2421875,0.6015625,0.3984375,2,1
134,6,0.5234375,0.2421875,0.6015625,0.3984375,5,1
134,6,0.58984375,0.20703125,0.65625,0.390625,2,1
134,6,0.609375,0.3046875,0.69140625,0.78125,1,1
134,6,0.609375,0.3046875,0.69140625,0.78125,3,1
134,6,0.6875,0.21875,0.7578125,0.3828125,2,1
134,6,0.6875,0.21875,0.7578125,0.3828125,5,1
134,6,0.73828125,0.28125,0.875,0.75390625,1,1
134,6,0.73828125,0.28125,0.875,0.75390625,3,1
134,6,0.8125,0.25390625,0.9140625,0.5859375,1,1
134,6,0.890625,0.2890625,0.984375,0.71875,1,1
134,6,0.890625,0.2890625,0.984375,0.71875,3,1
134,6,0.80859375,0.15234375,0.8828125,0.2578125,1,1
134,7,0.06640625,0.41796875,0.1640625,0.75390625,1,1
134,7,0.06640625,0.41796875,0.1640625,0.75390625,3,1
134,7,0.14453125,0.31640625,0.2421875,0.51171875,1,1
134,7,0.14453125,0.31640625,0.2421875,0.51171875,4,1
134,7,0.2578125,0.265625,0.33984375,0.50390625,1,1
134,7,0.359375,0.33984375,0.4921875,0.81640625,1,1
134,7,0.359375,0.33984375,0.4921875,0.81640625,3,1
134,7,0.390625,0.265625,0.49609375,0.39453125,2,1
134,7,0.5390625,0.24609375,0.59375,0.40234375,2,1
134,7,0.609375,0.3125,0.6953125,0.828125,1,1
134,7,0.609375,0.3125,0.6953125,0.828125,3,1
134,7,0.73828125,0.28125,0.875,0.74609375,1,1
134,7,0.73828125,0.28125,0.875,0.74609375,3,1
134,7,0.8125,0.2890625,0.94140625,0.59375,1,1
134,7,0.90625,0.296875,0.98046875,0.70703125,1,1
134,7,0.90625,0.296875,0.98046875,0.70703125,3,1
134,7,0.8046875,0.15234375,0.87109375,0.25390625,1,1
134,7,0.62890625,0.21875,0.69140625,0.30859375,2,1
134,7,0.62890625,0.21875,0.69140625,0.30859375,5,1
135,2,0.296875,0.34765625,0.41796875,0.796875,1,1
135,2,0.296875,0.34765625,0.41796875,0.796875,3,1
135,2,0.27734375,0.296875,0.390625,0.4375,2,1
135,2,0.27734375,0.296875,0.390625,0.4375,5,1
135,2,0.40234375,0.2578125,0.484375,0.421875,2,1
135,2,0.40234375,0.2578125,0.484375,0.421875,5,1
135,2,0.53515625,0.1953125,0.58984375,0.41796875,1,1
135,2,0.5859375,0.23046875,0.6640625,0.41796875,2,1
135,2,0.5859375,0.23046875,0.6640625,0.41796875,5,1
135,2,0.66796875,0.29296875,0.8046875,0.73046875,1,1
135,2,0.66796875,0.29296875,0.8046875,0.73046875,3,1
135,2,0.8125,0.30078125,0.95703125,0.66015625,1,1
135,2,0.8125,0.30078125,0.95703125,0.66015625,3,1
135,2,0.6640625,0.16015625,0.7109375,0.2265625,1,1
135,2,0.875,0.1796875,0.9140625,0.25390625,1,1
135,2,0.72265625,0.23828125,0.7734375,0.29296875,2,1
135,2,0.79296875,0.22265625,0.83984375,0.29296875,2,1
135,5,0.01171875,0.390625,0.09375,0.73046875,1,1
135,5,0.01171875,0.390625,0.09375,0.73046875,3,1
135,5,0.27734375,0.3359375,0.40234375,0.703125,1,1
135,5,0.27734375,0.3359375,0.40234375,0.703125,3,1
135,5,0.26171875,0.28125,0.34375,0.41015625,2,1
135,5,0.3984375,0.27734375,0.48828125,0.4375,2,1
135,5,0.3984375,0.27734375,0.48828125,0.4375,5,1
135,5,0.53125,0.17578125,0.5859375,0.41015625,1,1
135,5,0.58203125,0.2265625,0.65625,0.40625,2,1
135,5,0.58203125,0.2265625,0.65625,0.40625,5,1
135,5,0.6640625,0.28125,0.8125,0.71484375,1,1
135,5,0.6640625,0.28125,0.8125,0.71484375,3,1
135,5,0.8046875,0.2890625,0.96484375,0.625,1,1
135,5,0.86328125,0.171875,0.921875,0.28125,1,1
135,5,0.66015625,0.15234375,0.72265625,0.265625,1,1
135,6,0.671875,0.16796875,0.72265625,0.28515625,1,1
135,6,0.59375,0.24609375,0.66015625,0.4140625,2,1
135,6,0.59375,0.24609375,0.66015625,0.4140625,5,1
135,6,0.53515625,0.1796875,0.57421875,0.3984375,1,1
135,6,0.3828125,0.265625,0.48046875,0.4140625,2,1
135,6,0.3828125,0.265625,0.48046875,0.4140625,5,1
135,6,0.27734375,0.35546875,0.41015625,0.73046875,1,1
135,6,0.27734375,0.35546875,0.41015625,0.73046875,3,1
135,6,0.01171875,0.40625,0.12890625,0.7265625,1,1
135,6,0.01171875,0.40625,0.12890625,0.7265625,3,1
135,6,0.2734375,0.2734375,0.359375,0.421875,2,1
135,6,0.671875,0.29296875,0.796875,0.765625,1,1
135,6,0.671875,0.29296875,0.796875,0.765625,3,1
135,6,0.8046875,0.296875,0.95703125,0.66015625,1,1
135,6,0.8046875,0.296875,0.95703125,0.66015625,3,1
135,6,0.75,0.2109375,0.796875,0.28515625,2,1
135,6,0.8671875,0.171875,0.91015625,0.2578125,1,1
135,7,0.2890625,0.328125,0.41015625,0.765625,1,1
135,7,0.0,0.37890625,0.1171875,0.75,1,1
135,7,0.0,0.37890625,0.1171875,0.75,3,1
135,7,0.26953125,0.2734375,0.359375,0.4140625,2,1
135,7,0.40625,0.26953125,0.484375,0.421875,2,1
135,7,0.40625,0.26953125,0.484375,0.421875,5,1
135,7,0.53125,0.1796875,0.58203125,0.41796875,1,1
135,7,0.58984375,0.2265625,0.66015625,0.40625,2,1
135,7,0.58984375,0.2265625,0.66015625,0.40625,5,1
135,7,0.671875,0.296875,0.796875,0.76171875,1,1
135,7,0.671875,0.296875,0.796875,0.76171875,3,1
135,7,0.8046875,0.3203125,0.98046875,0.66796875,1,1
135,7,0.8046875,0.3203125,0.98046875,0.66796875,3,1
135,7,0.67578125,0.1640625,0.73046875,0.25,1,1
135,7,0.859375,0.17578125,0.9375,0.2578125,1,1
136,2,0.5625,0.1484375,0.62890625,0.26171875,1,1
136,2,0.578125,0.25390625,0.6953125,0.4140625,2,1
136,2,0.578125,0.25390625,0.6953125,0.4140625,5,1
136,2,0.37890625,0.28125,0.484375,0.4453125,2,1
136,2,0.1796875,0.390625,0.3125,0.78515625,1,1
136,2,0.1796875,0.390625,0.3125,0.78515625,3,1
136,2,0.26953125,0.25,0.36328125,0.37890625,2,1
136,2,0.46875,0.24609375,0.53125,0.3515625,2,1
136,2,0.66796875,0.2109375,0.71875,0.30078125,2,1
136,2,0.7265625,0.21484375,0.78125,0.3203125,2,1
136,2,0.8046875,0.2578125,0.8671875,0.38671875,2,1
136,2,0.875,0.265625,0.94921875,0.3828125,2,1
136,3,0.390625,0.2578125,0.4765625,0.41796875,2,1
136,3,0.390625,0.2578125,0.4765625,0.41796875,5,1
136,3,0.1953125,0.375,0.3125,0.77734375,1,1
136,3,0.1953125,0.375,0.3125,0.77734375,3,1
136,3,0.28515625,0.2890625,0.3515625,0.36328125,2,1
136,3,0.46875,0.2265625,0.5234375,0.34375,2,1
136,3,0.578125,0.2421875,0.68359375,0.41015625,2,1
136,3,0.578125,0.2421875,0.68359375,0.41015625,5,1
136,3,0.56640625,0.1484375,0.64453125,0.24609375,1,1
136,3,0.6875,0.22265625,0.71875,0.31640625,2,1
136,3,0.7265625,0.23046875,0.765625,0.30859375,2,1
136,3,0.8046875,0.25,0.86328125,0.390625,2,1
136,3,0.875,0.265625,0.94140625,0.38671875,2,1
136,4,0.86328125,0.2421875,0.9296875,0.38671875,2,1
136,4,0.79296875,0.2734375,0.87109375,0.3828125,2,1
136,4,0.71875,0.20703125,0.765625,0.30859375,2,1
136,4,0.671875,0.2109375,0.7265625,0.31640625,2,1
136,4,0.6328125,0.2265625,0.66796875,0.30859375,2,1
136,4,0.6328125,0.2265625,0.66796875,0.30859375,5,1
136,4,0.56640625,0.23046875,0.6640625,0.4296875,2,1
136,4,0.56640625,0.23046875,0.6640625,0.4296875,5,1
136,4,0.5625,0.1484375,0.60546875,0.2109375,1,1
136,4,0.390625,0.28515625,0.4765625,0.4296875,2,1
136,4,0.390625,0.28515625,0.4765625,0.4296875,5,1
136,4,0.47265625,0.2265625,0.5078125,0.3203125,2,1
136,4,0.47265625,0.2265625,0.5078125,0.3203125,5,1
136,4,0.27734375,0.2734375,0.34375,0.3671875,2,1
136,4,0.27734375,0.2734375,0.34375,0.3671875,5,1
136,4,0.19140625,0.3828125,0.3203125,0.77734375,1,1
136,4,0.19140625,0.3828125,0.3203125,0.77734375,3,1
136,5,0.1953125,0.375,0.31640625,0.7578125,1,1
136,5,0.1953125,0.375,0.31640625,0.7578125,3,1
136,5,0.28125,0.27734375,0.34765625,0.359375,2,1
136,5,0.28125,0.27734375,0.34765625,0.359375,5,1
136,5,0.359375,0.2578125,0.40625,0.328125,2,1
136,5,0.39453125,0.26953125,0.484375,0.4375,2,1
136,5,0.39453125,0.26953125,0.484375,0.4375,5,1
136,5,0.4609375,0.23046875,0.5234375,0.34375,2,1
136,5,0.56640625,0.2421875,0.671875,0.40234375,2,1
136,5,0.56640625,0.2421875,0.671875,0.40234375,5,1
136,5,0.5625,0.171875,0.6171875,0.25390625,1,1
136,5,0.66015625,0.21875,0.71875,0.32421875,2,1
136,5,0.72265625,0.22265625,0.78515625,0.33203125,2,1
136,5,0.796875,0.23828125,0.86328125,0.37890625,2,1
136,5,0.875,0.28125,0.9375,0.38671875,2,1
139,5,0.2734375,0.26171875,0.37109375,0.44140625,2,1
139,5,0.2734375,0.26171875,0.37109375,0.44140625,5,1
139,5,0.36328125,0.21484375,0.421875,0.34375,2,1
139,5,0.4609375,0.20703125,0.515625,0.33984375,2,1
139,5,0.5625,0.15234375,0.6171875,0.265625,1,1
139,5,0.5625,0.25,0.671875,0.4140625,2,1
139,5,0.5625,0.25,0.671875,0.4140625,5,1
139,5,0.6875,0.2421875,0.765625,0.3984375,2,1
139,5,0.6875,0.2421875,0.765625,0.3984375,5,1
139,5,0.79296875,0.25,0.875,0.390625,2,1
139,5,0.79296875,0.25,0.875,0.390625,5,1
139,5,0.875,0.25,0.953125,0.390625,2,1
139,5,0.875,0.25,0.953125,0.390625,5,1
139,4,0.26953125,0.2734375,0.37890625,0.4453125,2,1
139,4,0.26953125,0.2734375,0.37890625,0.4453125,5,1
139,4,0.375,0.2421875,0.41796875,0.3515625,2,1
139,4,0.453125,0.20703125,0.51953125,0.34765625,2,1
139,4,0.5546875,0.1484375,0.6171875,0.25390625,1,1
139,4,0.5625,0.25,0.671875,0.41015625,2,1
139,4,0.5625,0.25,0.671875,0.41015625,5,1
139,4,0.6796875,0.26171875,0.7734375,0.40234375,2,1
139,4,0.6796875,0.26171875,0.7734375,0.40234375,5,1
139,4,0.7890625,0.265625,0.87109375,0.39453125,2,1
139,4,0.7890625,0.265625,0.87109375,0.39453125,5,1
139,4,0.87890625,0.28125,0.94140625,0.40234375,2,1
139,4,0.87890625,0.28125,0.94140625,0.40234375,5,1
139,4,0.8203125,0.1484375,0.875,0.2421875,1,1
139,3,0.28515625,0.28515625,0.3828125,0.4453125,2,1
139,3,0.28515625,0.28515625,0.3828125,0.4453125,5,1
139,3,0.3671875,0.24609375,0.4375,0.359375,2,1
139,3,0.4609375,0.20703125,0.51171875,0.34765625,2,1
139,3,0.55859375,0.140625,0.609375,0.23828125,1,1
139,3,0.5625,0.25390625,0.66796875,0.4140625,2,1
139,3,0.5625,0.25390625,0.66796875,0.4140625,5,1
139,3,0.6796875,0.23828125,0.7734375,0.390625,2,1
139,3,0.6796875,0.23828125,0.7734375,0.390625,5,1
139,3,0.7890625,0.2578125,0.875,0.390625,2,1
139,3,0.7890625,0.2578125,0.875,0.390625,5,1
139,3,0.890625,0.27734375,0.95703125,0.390625,2,1
139,3,0.890625,0.27734375,0.95703125,0.390625,5,1
139,3,0.81640625,0.17578125,0.8828125,0.25,1,1
139,2,0.2890625,0.2734375,0.375,0.4375,2,1
139,2,0.2890625,0.2734375,0.375,0.4375,5,1
139,2,0.3671875,0.24609375,0.41796875,0.33203125,2,1
139,2,0.46875,0.23046875,0.5078125,0.33984375,2,1
139,2,0.46875,0.23046875,0.5078125,0.33984375,5,1
139,2,0.56640625,0.16015625,0.6171875,0.234375,1,1
139,2,0.55859375,0.2578125,0.66796875,0.4140625,2,1
139,2,0.55859375,0.2578125,0.66796875,0.4140625,5,1
139,2,0.68359375,0.25,0.765625,0.390625,2,1
139,2,0.68359375,0.25,0.765625,0.390625,5,1
139,2,0.7890625,0.25390625,0.875,0.41015625,2,1
139,2,0.7890625,0.25390625,0.875,0.41015625,5,1
139,2,0.8125,0.16015625,0.875,0.23828125,1,1
139,2,0.87890625,0.265625,0.953125,0.38671875,2,1
139,2,0.87890625,0.265625,0.953125,0.38671875,5,1
136,7,0.015625,0.43359375,0.11328125,0.609375,1,1
136,7,0.1796875,0.36328125,0.3203125,0.73828125,1,1
136,7,0.1796875,0.36328125,0.3203125,0.73828125,3,1
136,7,0.2734375,0.2578125,0.34765625,0.36328125,2,1
136,7,0.2734375,0.2578125,0.34765625,0.36328125,5,1
136,7,0.3984375,0.25,0.47265625,0.43359375,2,1
136,7,0.3984375,0.25,0.47265625,0.43359375,5,1
136,7,0.359375,0.25390625,0.40234375,0.3359375,2,1
136,7,0.46484375,0.21875,0.51171875,0.33203125,2,1
136,7,0.5625,0.2421875,0.66796875,0.40625,2,1
136,7,0.5625,0.2421875,0.66796875,0.40625,5,1
136,7,0.5625,0.16015625,0.62109375,0.26171875,1,1
136,7,0.66796875,0.20703125,0.72265625,0.3125,2,1
136,7,0.66796875,0.20703125,0.72265625,0.3125,5,1
136,7,0.73046875,0.20703125,0.7734375,0.33203125,2,1
136,7,0.73046875,0.20703125,0.7734375,0.33203125,5,1
136,7,0.8046875,0.25390625,0.8671875,0.3984375,2,1
136,7,0.8046875,0.25390625,0.8671875,0.3984375,5,1
136,7,0.8828125,0.25,0.9296875,0.40234375,2,1
137,2,0.7890625,0.25,0.8671875,0.3984375,2,1
137,2,0.7890625,0.25,0.8671875,0.3984375,5,1
137,2,0.55859375,0.2421875,0.68359375,0.4140625,2,1
137,2,0.55859375,0.2421875,0.68359375,0.4140625,5,1
137,2,0.3828125,0.28125,0.484375,0.41796875,2,1
137,2,0.3828125,0.28125,0.484375,0.41796875,5,1
137,2,0.3671875,0.25,0.41796875,0.33203125,2,1
137,2,0.3671875,0.25,0.41796875,0.33203125,5,1
137,2,0.2578125,0.26171875,0.3515625,0.3828125,2,1
137,2,0.2578125,0.26171875,0.3515625,0.3828125,5,1
137,2,0.47265625,0.21875,0.515625,0.3515625,2,1
137,2,0.47265625,0.21875,0.515625,0.3515625,5,1
137,2,0.5859375,0.15625,0.6953125,0.24609375,1,1
137,2,0.703125,0.21875,0.7421875,0.33203125,2,1
137,2,0.703125,0.21875,0.7421875,0.33203125,5,1
137,2,0.74609375,0.21484375,0.78125,0.34375,2,1
137,2,0.74609375,0.21484375,0.78125,0.34375,5,1
137,2,0.8828125,0.28125,0.953125,0.40234375,2,1
137,2,0.8828125,0.28125,0.953125,0.40234375,5,1
137,2,0.94921875,0.265625,0.98828125,0.3984375,2,1
137,2,0.94921875,0.265625,0.98828125,0.3984375,5,1
137,3,0.265625,0.265625,0.3359375,0.37109375,2,1
137,3,0.265625,0.265625,0.3359375,0.37109375,5,1
137,3,0.35546875,0.234375,0.4140625,0.328125,2,1
137,3,0.35546875,0.234375,0.4140625,0.328125,5,1
137,3,0.39453125,0.28125,0.48828125,0.44140625,2,1
137,3,0.39453125,0.28125,0.48828125,0.44140625,5,1
137,3,0.46875,0.2109375,0.51953125,0.37109375,2,1
137,3,0.46875,0.2109375,0.51953125,0.37109375,5,1
137,3,0.5625,0.25,0.6640625,0.421875,2,1
137,3,0.5625,0.25,0.6640625,0.421875,5,1
137,3,0.56640625,0.14453125,0.69140625,0.28125,1,1
137,3,0.69921875,0.2109375,0.734375,0.3046875,2,1
137,3,0.734375,0.2109375,0.78515625,0.30078125,2,1
137,3,0.7890625,0.25,0.86328125,0.421875,2,1
137,3,0.87890625,0.26953125,0.94921875,0.40234375,2,1
137,3,0.9453125,0.26953125,0.984375,0.40625,2,1
137,4,0.26171875,0.2734375,0.34375,0.3671875,2,1
137,4,0.3671875,0.24609375,0.41796875,0.3203125,2,1
137,4,0.390625,0.2734375,0.48828125,0.4296875,2,1
137,4,0.390625,0.2734375,0.48828125,0.4296875,5,1
137,4,0.45703125,0.21875,0.51953125,0.34765625,2,1
137,4,0.5625,0.23046875,0.66796875,0.40625,2,1
137,4,0.578125,0.16015625,0.6875,0.2734375,1,1
137,4,0.69921875,0.21875,0.78125,0.3359375,2,1
137,4,0.79296875,0.26171875,0.87890625,0.40625,2,1
137,4,0.875,0.27734375,0.9375,0.390625,2,1
137,4,0.9375,0.25390625,0.98046875,0.3984375,2,1
137,5,0.26171875,0.265625,0.34375,0.390625,2,1
137,5,0.359375,0.24609375,0.41796875,0.34765625,2,1
137,5,0.390625,0.2734375,0.47265625,0.44140625,2,1
137,5,0.390625,0.2734375,0.47265625,0.44140625,5,1
137,5,0.46484375,0.22265625,0.51171875,0.3515625,2,1
137,5,0.46484375,0.22265625,0.51171875,0.3515625,5,1
137,5,0.5625,0.24609375,0.67578125,0.43359375,2,1
137,5,0.5625,0.24609375,0.67578125,0.43359375,5,1
137,5,0.59375,0.16796875,0.6796875,0.26953125,1,1
137,5,0.6953125,0.2265625,0.73828125,0.32421875,2,1
137,5,0.74609375,0.22265625,0.79296875,0.3203125,2,1
137,5,0.80078125,0.25,0.87109375,0.40625,2,1
137,5,0.80078125,0.25,0.87109375,0.40625,5,1
137,5,0.875,0.24609375,0.9375,0.390625,2,1
137,5,0.875,0.24609375,0.9375,0.390625,5,1
137,5,0.9375,0.26171875,0.984375,0.38671875,2,1
137,5,0.9375,0.26171875,0.984375,0.38671875,5,1
137,6,0.265625,0.2578125,0.3515625,0.375,2,1
137,6,0.265625,0.2578125,0.3515625,0.375,5,1
137,6,0.375,0.25,0.42578125,0.3203125,2,1
137,6,0.3984375,0.28515625,0.484375,0.42578125,2,1
137,6,0.46484375,0.22265625,0.515625,0.328125,2,1
137,6,0.57421875,0.25,0.67578125,0.41796875,2,1
137,6,0.57421875,0.25,0.67578125,0.41796875,5,1
137,6,0.5859375,0.15234375,0.68359375,0.26953125,1,1
137,6,0.70703125,0.234375,0.78125,0.3359375,2,1
137,6,0.8046875,0.26171875,0.87109375,0.40625,2,1
137,6,0.8046875,0.26171875,0.87109375,0.40625,5,1
137,6,0.87890625,0.2734375,0.94140625,0.3984375,2,1
137,6,0.87890625,0.2734375,0.94140625,0.3984375,5,1
137,6,0.9375,0.25390625,0.984375,0.39453125,2,1
137,6,0.9375,0.25390625,0.984375,0.39453125,5,1
137,7,0.26171875,0.265625,0.34375,0.38671875,2,1
137,7,0.26171875,0.265625,0.34375,0.38671875,5,1
137,7,0.35546875,0.2421875,0.41796875,0.3515625,2,1
137,7,0.35546875,0.2421875,0.41796875,0.3515625,5,1
137,7,0.3984375,0.27734375,0.46875,0.4375,2,1
137,7,0.3984375,0.27734375,0.46875,0.4375,5,1
137,7,0.46484375,0.21875,0.51171875,0.3515625,2,1
137,7,0.5546875,0.24609375,0.67578125,0.43359375,2,1
137,7,0.5546875,0.24609375,0.67578125,0.43359375,5,1
137,7,0.58984375,0.1484375,0.6796875,0.296875,1,1
137,7,0.703125,0.21875,0.7578125,0.328125,2,1
137,7,0.703125,0.21875,0.7578125,0.328125,5,1
137,7,0.78125,0.23828125,0.859375,0.40234375,2,1
137,7,0.78125,0.23828125,0.859375,0.40234375,5,1
137,7,0.87890625,0.265625,0.9453125,0.390625,2,1
137,7,0.87890625,0.265625,0.9453125,0.390625,5,1
137,7,0.9375,0.24609375,0.98828125,0.390625,2,1
137,7,0.9375,0.24609375,0.98828125,0.390625,5,1
138,2,0.2734375,0.28125,0.36328125,0.44921875,2,1
138,2,0.2734375,0.28125,0.36328125,0.44921875,5,1
138,2,0.390625,0.26171875,0.48046875,0.44140625,2,1
138,2,0.390625,0.26171875,0.48046875,0.44140625,5,1
138,2,0.46875,0.2109375,0.51953125,0.34375,2,1
138,2,0.46875,0.2109375,0.51953125,0.34375,5,1
138,2,0.546875,0.2109375,0.65234375,0.41796875,2,1
138,2,0.546875,0.2109375,0.65234375,0.41796875,5,1
138,2,0.6171875,0.140625,0.66796875,0.25390625,1,1
138,2,0.6953125,0.25,0.76953125,0.40625,2,1
138,2,0.6953125,0.25,0.76953125,0.40625,5,1
138,2,0.83203125,0.21484375,0.8828125,0.3046875,2,1
138,2,0.8828125,0.26171875,0.953125,0.41015625,2,1
138,2,0.8828125,0.26171875,0.953125,0.41015625,5,1
138,2,0.93359375,0.25390625,0.98828125,0.40234375,2,1
138,2,0.93359375,0.25390625,0.98828125,0.40234375,5,1
138,3,0.2734375,0.2734375,0.375,0.4375,2,1
138,3,0.2734375,0.2734375,0.375,0.4375,5,1
138,3,0.390625,0.25390625,0.48046875,0.41796875,2,1
138,3,0.390625,0.25390625,0.48046875,0.41796875,5,1
138,3,0.46875,0.23046875,0.51171875,0.33984375,2,1
138,3,0.5625,0.2265625,0.66796875,0.42578125,2,1
138,3,0.5625,0.2265625,0.66796875,0.42578125,5,1
138,3,0.62109375,0.14453125,0.6875,0.23828125,1,1
138,3,0.69921875,0.24609375,0.78125,0.390625,2,1
138,3,0.69921875,0.24609375,0.78125,0.390625,5,1
138,3,0.8046875,0.22265625,0.8515625,0.3203125,2,1
138,3,0.875,0.24609375,0.93359375,0.390625,2,1
138,3,0.9375,0.28515625,0.984375,0.40234375,2,1
138,4,0.265625,0.2890625,0.37109375,0.43359375,2,1
138,4,0.265625,0.2890625,0.37109375,0.43359375,5,1
138,4,0.3984375,0.26171875,0.47265625,0.421875,2,1
138,4,0.3984375,0.26171875,0.47265625,0.421875,5,1
138,4,0.4609375,0.21484375,0.5078125,0.328125,2,1
138,4,0.5703125,0.23828125,0.66015625,0.4140625,2,1
138,4,0.5703125,0.23828125,0.66015625,0.4140625,5,1
138,4,0.625,0.15234375,0.6875,0.3046875,1,1
138,4,0.6953125,0.24609375,0.765625,0.40625,2,1
138,4,0.6953125,0.24609375,0.765625,0.40625,5,1
138,4,0.7890625,0.2109375,0.83203125,0.2734375,2,1
138,4,0.83984375,0.22265625,0.8828125,0.31640625,2,1
138,4,0.8828125,0.25390625,0.94921875,0.4296875,2,1
138,4,0.94140625,0.26953125,0.9921875,0.39453125,2,1
138,5,0.26953125,0.28125,0.37109375,0.4375,2,1
138,5,0.26953125,0.28125,0.37109375,0.4375,5,1
138,5,0.3671875,0.2421875,0.41796875,0.359375,2,1
138,5,0.40234375,0.28515625,0.47265625,0.43359375,2,1
138,5,0.40234375,0.28515625,0.47265625,0.43359375,5,1
138,5,0.46484375,0.23046875,0.515625,0.3359375,2,1
138,5,0.5625,0.23046875,0.66015625,0.421875,2,1
138,5,0.5625,0.23046875,0.66015625,0.421875,5,1
138,5,0.609375,0.1484375,0.6640625,0.2578125,2,1
138,5,0.609375,0.1484375,0.6640625,0.2578125,5,1
138,5,0.67578125,0.24609375,0.76171875,0.4296875,2,1
138,5,0.67578125,0.24609375,0.76171875,0.4296875,5,1
138,5,0.78125,0.21484375,0.84375,0.30078125,2,1
138,5,0.8515625,0.21875,0.88671875,0.30078125,2,1
138,5,0.8515625,0.21875,0.88671875,0.30078125,5,1
138,5,0.8828125,0.24609375,0.9375,0.40625,2,1
138,5,0.8828125,0.24609375,0.9375,0.40625,5,1
138,5,0.9453125,0.265625,0.984375,0.40625,2,1
138,5,0.9453125,0.265625,0.984375,0.40625,5,1
138,6,0.2734375,0.265625,0.37109375,0.45703125,2,1
138,6,0.2734375,0.265625,0.37109375,0.45703125,5,1
138,6,0.37109375,0.234375,0.41015625,0.33984375,2,1
138,6,0.37109375,0.234375,0.41015625,0.33984375,5,1
138,6,0.39453125,0.26953125,0.48046875,0.43359375,2,1
138,6,0.39453125,0.26953125,0.48046875,0.43359375,5,1
138,6,0.46875,0.2109375,0.51953125,0.3515625,2,1
138,6,0.546875,0.2265625,0.65625,0.42578125,2,1
138,6,0.546875,0.2265625,0.65625,0.42578125,5,1
138,6,0.62109375,0.1640625,0.6875,0.3125,1,1
138,6,0.69140625,0.2265625,0.78515625,0.37890625,2,1
138,6,0.69140625,0.2265625,0.78515625,0.37890625,5,1
138,6,0.8046875,0.2265625,0.86328125,0.3125,2,1
138,6,0.87109375,0.23828125,0.94140625,0.39453125,2,1
138,6,0.87109375,0.23828125,0.94140625,0.39453125,5,1
138,6,0.953125,0.28515625,0.984375,0.4140625,2,1
138,6,0.953125,0.28515625,0.984375,0.4140625,5,1
138,7,0.26953125,0.2890625,0.3828125,0.45703125,2,1
138,7,0.26953125,0.2890625,0.3828125,0.45703125,5,1
138,7,0.38671875,0.2421875,0.46875,0.43359375,2,1
138,7,0.38671875,0.2421875,0.46875,0.43359375,5,1
138,7,0.46484375,0.2109375,0.5234375,0.33203125,2,1
138,7,0.46484375,0.2109375,0.5234375,0.33203125,5,1
138,7,0.55078125,0.21875,0.671875,0.421875,2,1
138,7,0.55078125,0.21875,0.671875,0.421875,5,1
138,7,0.609375,0.15625,0.6953125,0.31640625,1,1
138,7,0.69140625,0.24609375,0.77734375,0.4140625,2,1
138,7,0.69140625,0.24609375,0.77734375,0.4140625,5,1
138,7,0.8046875,0.23828125,0.89453125,0.30078125,2,1
138,7,0.8046875,0.23828125,0.89453125,0.30078125,5,1
138,7,0.890625,0.26953125,0.9375,0.41015625,2,1
138,7,0.9453125,0.28515625,0.98828125,0.40234375,2,1
136,6,0.19140625,0.41015625,0.328125,0.7578125,1,1
136,6,0.19140625,0.41015625,0.328125,0.7578125,3,1
136,6,0.015625,0.4609375,0.12890625,0.63671875,1,1
136,6,0.27734375,0.2734375,0.34375,0.37109375,2,1
136,6,0.3671875,0.24609375,0.41015625,0.34375,2,1
136,6,0.39453125,0.28515625,0.48828125,0.44921875,2,1
136,6,0.39453125,0.28515625,0.48828125,0.44921875,5,1
136,6,0.47265625,0.19921875,0.5234375,0.34375,2,1
136,6,0.5625,0.25,0.671875,0.42578125,2,1
136,6,0.5625,0.25,0.671875,0.42578125,5,1
136,6,0.55078125,0.140625,0.6171875,0.25390625,1,1
136,6,0.66015625,0.21484375,0.71484375,0.32421875,2,1
136,6,0.72265625,0.21484375,0.7734375,0.33203125,2,1
136,6,0.80078125,0.25,0.86328125,0.390625,2,1
136,6,0.80078125,0.25,0.86328125,0.390625,5,1
136,6,0.875,0.26171875,0.93359375,0.3828125,2,1
135,3,0.2421875,0.20703125,0.30078125,0.31640625,1,1
135,2,0.24609375,0.2265625,0.30078125,0.3046875,1,1
135,4,0.24609375,0.23046875,0.30078125,0.2890625,1,1
135,5,0.2421875,0.22265625,0.31640625,0.296875,1,1
135,6,0.24609375,0.2109375,0.3125,0.2890625,1,1
135,7,0.24609375,0.22265625,0.3046875,0.29296875,1,1
142,2,0.37890625,0.16015625,0.5,0.30859375,1,1
142,2,0.54296875,0.23828125,0.6171875,0.4140625,2,1
142,2,0.54296875,0.23828125,0.6171875,0.4140625,5,1
142,2,0.58203125,0.17578125,0.63671875,0.30078125,2,1
142,2,0.67578125,0.1953125,0.7734375,0.4140625,1,1
142,2,0.8203125,0.2109375,0.8828125,0.41796875,1,1
142,2,0.89453125,0.27734375,0.94140625,0.390625,2,1
142,3,0.3828125,0.16015625,0.50390625,0.31640625,1,1
142,3,0.3828125,0.16015625,0.50390625,0.31640625,5,1
142,3,0.546875,0.2421875,0.6171875,0.40234375,2,1
142,3,0.546875,0.2421875,0.6171875,0.40234375,5,1
142,3,0.58203125,0.18359375,0.64453125,0.32421875,2,1
142,3,0.671875,0.19140625,0.76953125,0.4140625,1,1
142,3,0.80859375,0.203125,0.87890625,0.40625,1,1
142,3,0.88671875,0.234375,0.94140625,0.37890625,2,1
142,4,0.375,0.16015625,0.49609375,0.328125,1,1
142,4,0.54296875,0.24609375,0.61328125,0.40234375,2,1
142,4,0.54296875,0.24609375,0.61328125,0.40234375,5,1
142,4,0.58984375,0.20703125,0.65234375,0.328125,2,1
142,4,0.67578125,0.203125,0.77734375,0.41015625,1,1
142,4,0.8046875,0.21484375,0.8828125,0.4296875,1,1
142,4,0.89453125,0.26953125,0.9453125,0.40625,2,1
142,5,0.25390625,0.26171875,0.33984375,0.375,2,1
142,5,0.359375,0.2578125,0.40625,0.3359375,2,1
142,5,0.37890625,0.1484375,0.5,0.29296875,1,1
142,5,0.54296875,0.2265625,0.609375,0.41796875,2,1
142,5,0.54296875,0.2265625,0.609375,0.41796875,5,1
142,5,0.60546875,0.2265625,0.6484375,0.31640625,2,1
142,5,0.6796875,0.203125,0.78125,0.4296875,1,1
142,5,0.81640625,0.2109375,0.8828125,0.42578125,1,1
142,5,0.890625,0.25390625,0.9375,0.39453125,2,1
142,6,0.2578125,0.2578125,0.33984375,0.37890625,2,1
142,6,0.2578125,0.2578125,0.33984375,0.37890625,5,1
142,6,0.359375,0.26171875,0.41015625,0.36328125,2,1
142,6,0.359375,0.26171875,0.41015625,0.36328125,5,1
142,6,0.38671875,0.140625,0.5,0.3046875,1,1
142,6,0.546875,0.24609375,0.61328125,0.4140625,2,1
142,6,0.546875,0.24609375,0.61328125,0.4140625,5,1
142,6,0.5859375,0.2109375,0.64453125,0.3046875,2,1
142,6,0.5859375,0.2109375,0.64453125,0.3046875,5,1
142,6,0.69140625,0.203125,0.77734375,0.42578125,1,1
142,6,0.80859375,0.19921875,0.88671875,0.43359375,1,1
142,6,0.89453125,0.265625,0.94140625,0.390625,2,1
142,6,0.89453125,0.265625,0.94140625,0.390625,5,1
142,7,0.38671875,0.1484375,0.49609375,0.3046875,1,1
142,7,0.359375,0.26171875,0.4140625,0.39453125,2,1
142,7,0.359375,0.26171875,0.4140625,0.39453125,5,1
142,7,0.26953125,0.2734375,0.3359375,0.37890625,2,1
142,7,0.26953125,0.2734375,0.3359375,0.37890625,5,1
142,7,0.546875,0.234375,0.61328125,0.421875,2,1
142,7,0.546875,0.234375,0.61328125,0.421875,5,1
142,7,0.58203125,0.203125,0.65625,0.328125,2,1
142,7,0.58203125,0.203125,0.65625,0.328125,5,1
142,7,0.67578125,0.2109375,0.77734375,0.40625,1,1
142,7,0.80859375,0.203125,0.87890625,0.4140625,1,1
142,7,0.87890625,0.24609375,0.9375,0.3984375,2,1
143,2,0.0,0.4296875,0.10546875,0.62109375,1,1
143,2,0.046875,0.31640625,0.1484375,0.4453125,1,1
143,2,0.1484375,0.390625,0.2265625,0.62890625,1,1
143,2,0.171875,0.2890625,0.234375,0.390625,1,1
143,2,0.23046875,0.24609375,0.29296875,0.4296875,1,1
143,2,0.28125,0.28125,0.359375,0.4453125,2,1
143,2,0.37109375,0.234375,0.4375,0.453125,1,1
143,2,0.4453125,0.22265625,0.5078125,0.421875,1,1
143,2,0.53515625,0.25,0.7421875,0.4921875,1,1
143,2,0.65234375,0.359375,0.92578125,0.5859375,1,1
143,2,0.734375,0.1953125,0.84765625,0.3671875,1,1
143,2,0.84765625,0.22265625,0.89453125,0.32421875,1,1
143,2,0.89453125,0.21484375,0.953125,0.40234375,1,1
143,3,0.0,0.421875,0.109375,0.66796875,1,1
143,3,0.1484375,0.37109375,0.24609375,0.63671875,1,1
143,3,0.140625,0.30078125,0.21875,0.4375,1,1
143,3,0.203125,0.234375,0.27734375,0.45703125,1,1
143,3,0.2890625,0.27734375,0.35546875,0.45703125,2,1
143,3,0.2890625,0.27734375,0.35546875,0.45703125,5,1
143,3,0.37109375,0.2421875,0.44140625,0.44921875,1,1
143,3,0.44921875,0.19921875,0.515625,0.4453125,1,1
143,3,0.5390625,0.28125,0.75,0.515625,1,1
143,3,0.671875,0.35546875,0.90625,0.5859375,1,1
143,3,0.609375,0.203125,0.67578125,0.27734375,1,1
143,3,0.7265625,0.18359375,0.84765625,0.36328125,1,1
143,3,0.83203125,0.203125,0.88671875,0.328125,1,1
143,3,0.890625,0.2109375,0.9609375,0.38671875,1,1
143,4,0.87890625,0.21875,0.95703125,0.39453125,1,1
143,4,0.828125,0.1953125,0.89453125,0.359375,1,1
143,4,0.734375,0.20703125,0.8359375,0.36328125,1,1
143,4,0.67578125,0.33984375,0.91796875,0.63671875,1,1
143,4,0.5390625,0.24609375,0.75,0.45703125,1,1
143,4,0.453125,0.234375,0.5234375,0.43359375,1,1
143,4,0.37109375,0.2265625,0.44140625,0.4609375,1,1
143,4,0.2734375,0.26953125,0.3515625,0.44140625,2,1
143,4,0.2734375,0.26953125,0.3515625,0.44140625,5,1
143,4,0.20703125,0.25,0.296875,0.4296875,1,1
143,4,0.15625,0.375,0.24609375,0.625,1,1
143,4,0.13671875,0.27734375,0.2109375,0.41015625,1,1
143,4,0.0078125,0.4375,0.12109375,0.63671875,1,1
143,4,0.05078125,0.3046875,0.12890625,0.42578125,1,1
143,5,0.15234375,0.26171875,0.2265625,0.375,1,1
143,5,0.16015625,0.35546875,0.24609375,0.62109375,1,1
143,5,0.08203125,0.421875,0.17578125,0.6328125,1,1
143,5,0.0078125,0.42578125,0.08203125,0.6171875,1,1
143,5,0.22265625,0.27734375,0.28515625,0.4375,1,1
143,5,0.26953125,0.265625,0.36328125,0.4296875,2,1
143,5,0.26953125,0.265625,0.36328125,0.4296875,5,1
143,5,0.37890625,0.25,0.4453125,0.46875,1,1
143,5,0.453125,0.2109375,0.515625,0.4609375,1,1
143,5,0.5390625,0.27734375,0.7421875,0.484375,1,1
143,5,0.66015625,0.33203125,0.89453125,0.609375,1,1
143,5,0.734375,0.19140625,0.84375,0.3515625,1,1
143,5,0.8515625,0.2265625,0.890625,0.36328125,1,1
143,5,0.8984375,0.21484375,0.96875,0.41015625,1,1
144,2,0.77734375,0.234375,0.8671875,0.40234375,2,1
144,2,0.77734375,0.234375,0.8671875,0.40234375,5,1
144,2,0.86328125,0.25390625,0.94140625,0.40234375,2,1
144,2,0.86328125,0.25390625,0.94140625,0.40234375,5,1
144,2,0.58203125,0.23828125,0.671875,0.41015625,2,1
144,2,0.6796875,0.2265625,0.73828125,0.31640625,2,1
144,2,0.390625,0.3359375,0.5859375,0.75,1,1
144,2,0.390625,0.3359375,0.5859375,0.75,3,1
144,2,0.22265625,0.30078125,0.41015625,0.57421875,1,1
144,2,0.0546875,0.4296875,0.18359375,0.65234375,1,1
144,2,0.109375,0.3203125,0.1796875,0.4140625,1,1
144,2,0.37109375,0.2421875,0.51171875,0.37890625,1,1
144,3,0.203125,0.33984375,0.4140625,0.5625,1,1
144,3,0.03515625,0.41796875,0.171875,0.63671875,1,1
144,3,0.1640625,0.2578125,0.34375,0.4765625,1,1
144,3,0.3984375,0.3203125,0.59375,0.796875,1,1
144,3,0.3984375,0.3203125,0.59375,0.796875,3,1
144,3,0.58203125,0.2421875,0.66796875,0.41015625,2,1
144,3,0.58203125,0.2421875,0.66796875,0.41015625,5,1
144,3,0.671875,0.2109375,0.734375,0.3203125,2,1
144,3,0.671875,0.2109375,0.734375,0.3203125,5,1
144,3,0.76953125,0.2421875,0.87890625,0.40234375,2,1
144,3,0.76953125,0.2421875,0.87890625,0.40234375,5,1
144,3,0.8671875,0.2265625,0.9453125,0.37890625,2,1
144,3,0.8671875,0.2265625,0.9453125,0.37890625,5,1
143,7,0.0234375,0.3671875,0.16015625,0.61328125,1,1
143,7,0.1640625,0.27734375,0.23046875,0.484375,1,1
143,7,0.203125,0.3203125,0.296875,0.5,1,1
143,7,0.28515625,0.296875,0.36328125,0.43359375,2,1
143,7,0.28515625,0.296875,0.36328125,0.43359375,5,1
143,7,0.375,0.25,0.4453125,0.47265625,1,1
143,7,0.453125,0.2265625,0.51171875,0.46875,1,1
143,7,0.5390625,0.26953125,0.7421875,0.41015625,1,1
143,7,0.671875,0.34765625,0.921875,0.5859375,1,1
143,7,0.70703125,0.1953125,0.83984375,0.34765625,1,1
143,7,0.84765625,0.2109375,0.8984375,0.3359375,1,1
143,7,0.8984375,0.203125,0.953125,0.41796875,1,1
143,6,0.87890625,0.20703125,0.96484375,0.39453125,1,1
143,6,0.66796875,0.34765625,0.9140625,0.66015625,1,1
143,6,0.54296875,0.28515625,0.7578125,0.4609375,1,1
143,6,0.4453125,0.23828125,0.51171875,0.4375,1,1
143,6,0.3671875,0.23046875,0.44140625,0.4765625,1,1
143,6,0.2734375,0.26953125,0.3515625,0.453125,2,1
143,6,0.2734375,0.26953125,0.3515625,0.453125,5,1
143,6,0.16796875,0.30859375,0.2578125,0.578125,1,1
143,6,0.03515625,0.37109375,0.13671875,0.63671875,1,1
143,6,0.16015625,0.25,0.23828125,0.36328125,1,1
143,6,0.60546875,0.19921875,0.71875,0.30859375,1,1
143,6,0.734375,0.19140625,0.859375,0.34765625,1,1
145,7,0.53515625,0.22265625,0.6015625,0.3984375,2,1
145,7,0.53515625,0.22265625,0.6015625,0.3984375,5,1
145,7,0.5859375,0.23828125,0.6640625,0.39453125,2,1
145,7,0.5859375,0.23828125,0.6640625,0.39453125,5,1
145,7,0.69140625,0.24609375,0.7734375,0.421875,2,1
145,7,0.69140625,0.24609375,0.7734375,0.421875,5,1
145,7,0.78515625,0.2421875,0.87890625,0.41015625,2,1
145,7,0.78515625,0.2421875,0.87890625,0.41015625,5,1
145,7,0.90625,0.20703125,0.97265625,0.44140625,1,1
145,7,0.36328125,0.2578125,0.50390625,0.4921875,1,1
145,7,0.28515625,0.2734375,0.3671875,0.46484375,1,1
145,7,0.20703125,0.26171875,0.27734375,0.47265625,1,1
145,7,0.03515625,0.421875,0.21484375,0.59375,1,1
145,7,0.11328125,0.2734375,0.1953125,0.41015625,1,1
145,7,0.2421875,0.1796875,0.33984375,0.28125,1,1
145,6,0.2421875,0.1875,0.33203125,0.28515625,1,1
145,6,0.203125,0.25390625,0.2734375,0.45703125,1,1
145,6,0.11328125,0.265625,0.19921875,0.4296875,1,1
145,6,0.11328125,0.265625,0.19921875,0.4296875,4,1
145,6,0.0234375,0.38671875,0.2109375,0.625,1,1
145,6,0.33203125,0.29296875,0.50390625,0.5078125,1,1
145,6,0.28515625,0.30078125,0.3203125,0.46875,1,1
145,6,0.53125,0.234375,0.59765625,0.41015625,2,1
145,6,0.59765625,0.2578125,0.66796875,0.41796875,2,1
145,6,0.59765625,0.2578125,0.66796875,0.41796875,5,1
145,6,0.6796875,0.23046875,0.76171875,0.3984375,2,1
145,6,0.78125,0.23828125,0.875,0.38671875,2,1
145,6,0.90625,0.21484375,0.96484375,0.42578125,1,1
145,5,0.25390625,0.17578125,0.328125,0.28125,1,1
145,5,0.2109375,0.2578125,0.26953125,0.48828125,1,1
145,5,0.046875,0.38671875,0.18359375,0.65234375,1,1
145,5,0.296875,0.30078125,0.5078125,0.52734375,1,1
145,5,0.53515625,0.24609375,0.6015625,0.41796875,2,1
145,5,0.53515625,0.24609375,0.6015625,0.41796875,5,1
145,5,0.59765625,0.25,0.67578125,0.41796875,2,1
145,5,0.59765625,0.25,0.67578125,0.41796875,5,1
145,5,0.67578125,0.2109375,0.71484375,0.296875,2,1
145,5,0.703125,0.265625,0.7734375,0.41015625,2,1
145,5,0.79296875,0.25,0.87109375,0.390625,2,1
145,5,0.9140625,0.22265625,0.9609375,0.44921875,1,1
145,4,0.91015625,0.22265625,0.96875,0.44921875,1,1
145,4,0.79296875,0.26953125,0.87109375,0.390625,2,1
145,4,0.79296875,0.26953125,0.87109375,0.390625,5,1
145,4,0.6953125,0.26171875,0.77734375,0.40625,2,1
145,4,0.6640625,0.203125,0.71875,0.3046875,2,1
145,4,0.59765625,0.2265625,0.65234375,0.4296875,2,1
145,4,0.53515625,0.25390625,0.6015625,0.38671875,2,1
145,4,0.53515625,0.25390625,0.6015625,0.38671875,5,1
145,4,0.23828125,0.28515625,0.47265625,0.53125,1,1
145,4,0.046875,0.40234375,0.203125,0.5859375,1,1
145,4,0.12890625,0.28515625,0.21875,0.4296875,1,1
145,4,0.0859375,0.296875,0.16796875,0.39453125,1,1
145,4,0.25390625,0.1875,0.34765625,0.265625,1,1
145,3,0.25390625,0.1953125,0.33203125,0.2890625,1,1
145,3,0.20703125,0.28515625,0.2578125,0.45703125,1,1
145,3,0.01953125,0.4140625,0.2109375,0.64453125,1,1
145,3,0.2421875,0.3125,0.43359375,0.5234375,1,1
145,3,0.5390625,0.24609375,0.6015625,0.39453125,2,1
145,3,0.59765625,0.25,0.66796875,0.3984375,2,1
145,3,0.69921875,0.26953125,0.77734375,0.39453125,2,1
145,3,0.67578125,0.2109375,0.73046875,0.27734375,2,1
145,3,0.78515625,0.25,0.875,0.390625,2,1
145,3,0.9140625,0.2109375,0.9765625,0.42578125,1,1
145,2,0.77734375,0.23046875,0.8828125,0.39453125,2,1
145,2,0.77734375,0.23046875,0.8828125,0.39453125,5,1
145,2,0.69140625,0.25390625,0.76953125,0.38671875,2,1
145,2,0.69140625,0.25390625,0.76953125,0.38671875,5,1
145,2,0.671875,0.2109375,0.73828125,0.29296875,2,1
145,2,0.58984375,0.2421875,0.6640625,0.41796875,2,1
145,2,0.58984375,0.2421875,0.6640625,0.41796875,5,1
145,2,0.5390625,0.22265625,0.57421875,0.43359375,2,1
145,2,0.5390625,0.22265625,0.57421875,0.43359375,5,1
145,2,0.90625,0.21875,0.97265625,0.4140625,1,1
145,2,0.2109375,0.3125,0.38671875,0.55078125,1,1
145,2,0.40234375,0.26171875,0.453125,0.45703125,2,1
145,2,0.40234375,0.26171875,0.453125,0.45703125,5,1
145,2,0.25390625,0.19140625,0.3203125,0.296875,1,1
145,2,0.015625,0.359375,0.2109375,0.625,1,1
145,2,0.1328125,0.26171875,0.1953125,0.34765625,1,1
144,7,0.41015625,0.34765625,0.58984375,0.765625,1,1
144,7,0.41015625,0.34765625,0.58984375,0.765625,3,1
144,7,0.21875,0.296875,0.40625,0.5859375,1,1
144,7,0.15234375,0.33203125,0.23046875,0.48828125,1,1
144,7,0.4140625,0.2578125,0.50390625,0.34765625,1,1
144,7,0.53515625,0.22265625,0.58203125,0.34375,1,1
144,7,0.6015625,0.2421875,0.6875,0.4296875,2,1
144,7,0.6015625,0.2421875,0.6875,0.4296875,5,1
144,7,0.78515625,0.23828125,0.87109375,0.40234375,2,1
144,7,0.78515625,0.23828125,0.87109375,0.40234375,5,1
144,7,0.87109375,0.234375,0.94140625,0.39453125,2,1
144,7,0.87109375,0.234375,0.94140625,0.39453125,5,1
144,7,0.6875,0.2109375,0.734375,0.30078125,2,1
144,6,0.66796875,0.22265625,0.73046875,0.32421875,2,1
144,6,0.59375,0.24609375,0.67578125,0.40625,2,1
144,6,0.59375,0.24609375,0.67578125,0.40625,5,1
144,6,0.7734375,0.2421875,0.8671875,0.39453125,2,1
144,6,0.8671875,0.234375,0.94140625,0.40625,2,1
144,6,0.40234375,0.3515625,0.59375,0.7734375,1,1
144,6,0.40234375,0.3515625,0.59375,0.7734375,3,1
144,6,0.20703125,0.3515625,0.40625,0.578125,1,1
144,6,0.1484375,0.3125,0.2265625,0.53125,1,1
144,6,0.03125,0.41796875,0.1484375,0.671875,1,1
144,6,0.40234375,0.26171875,0.5,0.359375,1,1
144,6,0.53125,0.2109375,0.56640625,0.3359375,1,1
144,5,0.53515625,0.20703125,0.57421875,0.34765625,1,1
144,5,0.41015625,0.35546875,0.6015625,0.77734375,1,1
144,5,0.41015625,0.35546875,0.6015625,0.77734375,3,1
144,5,0.203125,0.3046875,0.41015625,0.5859375,1,1
144,5,0.1328125,0.31640625,0.20703125,0.5546875,1,1
144,5,0.03125,0.42578125,0.1640625,0.76953125,1,1
144,5,0.59765625,0.23046875,0.66796875,0.4140625,2,1
144,5,0.59765625,0.23046875,0.66796875,0.4140625,5,1
144,5,0.75390625,0.21484375,0.8671875,0.37890625,2,1
144,5,0.75390625,0.21484375,0.8671875,0.37890625,5,1
144,5,0.8671875,0.234375,0.94140625,0.39453125,2,1
144,5,0.8671875,0.234375,0.94140625,0.39453125,5,1
144,5,0.68359375,0.2109375,0.73046875,0.3125,2,1
144,4,0.5859375,0.24609375,0.671875,0.40625,2,1
144,4,0.5859375,0.24609375,0.671875,0.40625,5,1
144,4,0.6796875,0.21484375,0.734375,0.30859375,2,1
144,4,0.7578125,0.25,0.87109375,0.39453125,2,1
144,4,0.7578125,0.25,0.87109375,0.39453125,5,1
144,4,0.85546875,0.234375,0.9375,0.390625,2,1
144,4,0.85546875,0.234375,0.9375,0.390625,5,1
144,4,0.40625,0.35546875,0.59375,0.75,1,1
144,4,0.40625,0.35546875,0.59375,0.75,3,1
144,4,0.22265625,0.3203125,0.40625,0.5859375,1,1
144,4,0.046875,0.40625,0.1875,0.6328125,1,1
144,4,0.109375,0.296875,0.17578125,0.38671875,1,1
144,4,0.390625,0.23828125,0.5078125,0.3515625,1,1
144,4,0.53515625,0.21484375,0.5703125,0.33984375,1,1
144,3,0.52734375,0.21484375,0.57421875,0.296875,1,1
147,2,0.12109375,0.265625,0.22265625,0.3671875,1,1
147,2,0.12109375,0.265625,0.22265625,0.3671875,4,1
147,2,0.01171875,0.41015625,0.1328125,0.65625,1,1
147,2,0.1484375,0.359375,0.42578125,0.7265625,1,1
147,2,0.3203125,0.27734375,0.46484375,0.47265625,1,1
147,2,0.4453125,0.22265625,0.515625,0.4375,2,1
147,2,0.4453125,0.22265625,0.515625,0.4375,5,1
147,2,0.5390625,0.234375,0.59765625,0.421875,2,1
147,2,0.5390625,0.234375,0.59765625,0.421875,5,1
147,2,0.6015625,0.1953125,0.6640625,0.46484375,1,1
147,2,0.69140625,0.2109375,0.78125,0.46484375,1,1
147,2,0.80859375,0.2734375,0.890625,0.55859375,1,1
147,2,0.765625,0.1640625,0.83203125,0.328125,1,1
147,2,0.8671875,0.2421875,0.9375,0.37890625,2,1
147,2,0.8671875,0.2421875,0.9375,0.37890625,5,1
147,2,0.92578125,0.30078125,0.98828125,0.5390625,1,1
147,3,0.15234375,0.3359375,0.35546875,0.73046875,1,1
147,3,0.0390625,0.3359375,0.14453125,0.61328125,1,1
147,3,0.1171875,0.23046875,0.23828125,0.39453125,1,1
147,3,0.1171875,0.23046875,0.23828125,0.39453125,4,1
147,3,0.453125,0.23046875,0.51953125,0.43359375,2,1
147,3,0.453125,0.23046875,0.51953125,0.43359375,5,1
147,3,0.53515625,0.23828125,0.60546875,0.41796875,2,1
147,3,0.53515625,0.23828125,0.60546875,0.41796875,5,1
147,3,0.58984375,0.203125,0.65234375,0.453125,1,1
147,3,0.6640625,0.18359375,0.703125,0.4140625,1,1
147,3,0.69921875,0.234375,0.78515625,0.48828125,1,1
147,3,0.8125,0.28125,0.8828125,0.5625,1,1
147,3,0.76171875,0.19140625,0.8515625,0.359375,1,1
147,3,0.8671875,0.2421875,0.9296875,0.37109375,2,1
147,3,0.91796875,0.3046875,0.9921875,0.53125,1,1
147,4,0.1484375,0.359375,0.36328125,0.71484375,1,1
147,4,0.04296875,0.3828125,0.1171875,0.51953125,1,1
147,4,0.109375,0.25390625,0.22265625,0.359375,1,1
147,4,0.109375,0.25390625,0.22265625,0.359375,4,1
147,4,0.21875,0.2109375,0.27734375,0.2890625,1,1
147,4,0.3203125,0.30859375,0.453125,0.4609375,1,1
147,4,0.45703125,0.2265625,0.51953125,0.4140625,2,1
147,4,0.45703125,0.2265625,0.51953125,0.4140625,5,1
147,4,0.53515625,0.22265625,0.60546875,0.41015625,2,1
147,4,0.53515625,0.22265625,0.60546875,0.41015625,5,1
147,4,0.5859375,0.1875,0.66015625,0.46484375,1,1
147,4,0.66796875,0.1875,0.703125,0.4296875,1,1
147,4,0.703125,0.2421875,0.79296875,0.46875,1,1
147,4,0.80859375,0.2734375,0.89453125,0.546875,1,1
147,4,0.859375,0.23046875,0.91796875,0.38671875,2,1
147,4,0.9140625,0.3125,0.99609375,0.56640625,1,1
173,2,0.22265625,0.25390625,0.33984375,0.5078125,1,1
173,2,0.07421875,0.30078125,0.1953125,0.51953125,1,1
173,2,0.07421875,0.30078125,0.1953125,0.51953125,4,1
173,2,0.3515625,0.24609375,0.421875,0.36328125,2,1
173,2,0.3515625,0.24609375,0.421875,0.36328125,5,1
173,2,0.44921875,0.22265625,0.5078125,0.359375,2,1
173,2,0.44921875,0.22265625,0.5078125,0.359375,5,1
173,2,0.52734375,0.1484375,0.57421875,0.29296875,1,1
173,2,0.59765625,0.1953125,0.68359375,0.328125,2,1
173,2,0.59765625,0.1953125,0.68359375,0.328125,5,1
173,2,0.69921875,0.25,0.78515625,0.40234375,2,1
173,2,0.69921875,0.25,0.78515625,0.40234375,5,1
173,2,0.734375,0.13671875,0.79296875,0.2734375,1,1
173,2,0.77734375,0.1640625,0.86328125,0.2734375,1,1
173,2,0.87109375,0.265625,0.9375,0.38671875,2,1
173,2,0.87109375,0.265625,0.9375,0.38671875,5,1
173,2,0.9296875,0.2109375,0.9921875,0.41015625,2,1
173,2,0.9296875,0.2109375,0.9921875,0.41015625,5,1
173,3,0.21484375,0.23046875,0.33984375,0.48828125,1,1
173,3,0.07421875,0.28125,0.1953125,0.5,1,1
173,3,0.07421875,0.28125,0.1953125,0.5,4,1
173,3,0.359375,0.234375,0.4140625,0.36328125,2,1
173,3,0.359375,0.234375,0.4140625,0.36328125,5,1
173,3,0.44140625,0.22265625,0.51171875,0.34765625,2,1
173,3,0.44140625,0.22265625,0.51171875,0.34765625,5,1
173,3,0.53125,0.15625,0.578125,0.31640625,1,1
173,3,0.609375,0.2109375,0.671875,0.33203125,2,1
173,3,0.609375,0.2109375,0.671875,0.33203125,5,1
173,3,0.703125,0.25390625,0.7890625,0.40234375,2,1
173,3,0.703125,0.25390625,0.7890625,0.40234375,5,1
173,3,0.71875,0.1484375,0.78125,0.2578125,1,1
173,3,0.79296875,0.15625,0.86328125,0.2890625,1,1
173,3,0.8671875,0.25390625,0.9375,0.37890625,2,1
173,3,0.8671875,0.25390625,0.9375,0.37890625,5,1
173,3,0.9296875,0.21484375,0.99609375,0.39453125,2,1
173,3,0.9296875,0.21484375,0.99609375,0.39453125,5,1
147,5,0.23046875,0.22265625,0.2890625,0.30859375,1,1
147,5,0.11328125,0.26953125,0.2265625,0.37890625,1,1
147,5,0.03515625,0.38671875,0.1484375,0.6328125,1,1
147,5,0.15234375,0.359375,0.40625,0.6796875,1,1
147,5,0.3125,0.30078125,0.4453125,0.4921875,1,1
147,5,0.45703125,0.234375,0.515625,0.421875,2,1
147,5,0.5390625,0.234375,0.60546875,0.421875,2,1
147,5,0.5390625,0.234375,0.60546875,0.421875,5,1
147,5,0.59765625,0.19921875,0.66015625,0.453125,1,1
147,5,0.66796875,0.18359375,0.7109375,0.33203125,1,1
147,5,0.703125,0.23828125,0.796875,0.47265625,1,1
147,5,0.8125,0.28125,0.88671875,0.56640625,1,1
147,5,0.76953125,0.19140625,0.83984375,0.3203125,1,1
147,5,0.859375,0.25,0.921875,0.37109375,2,1
147,5,0.9140625,0.3046875,0.99609375,0.58203125,1,1
147,5,0.93359375,0.2265625,0.9921875,0.34765625,1,1
147,6,0.13671875,0.3515625,0.359375,0.72265625,1,1
147,6,0.05859375,0.32421875,0.2109375,0.52734375,1,1
147,6,0.01953125,0.4140625,0.1171875,0.640625,1,1
147,6,0.1171875,0.2421875,0.23046875,0.375,1,1
147,6,0.23046875,0.21484375,0.28125,0.30859375,1,1
147,6,0.33984375,0.296875,0.4453125,0.47265625,1,1
147,6,0.453125,0.23046875,0.51953125,0.41796875,2,1
147,6,0.453125,0.23046875,0.51953125,0.41796875,5,1
147,6,0.5390625,0.234375,0.59375,0.41015625,2,1
147,6,0.5390625,0.234375,0.59375,0.41015625,5,1
147,6,0.59765625,0.18359375,0.65625,0.4453125,1,1
147,6,0.6640625,0.1953125,0.7109375,0.33203125,1,1
147,6,0.69921875,0.23828125,0.79296875,0.46875,1,1
147,6,0.8125,0.26171875,0.89453125,0.5703125,1,1
147,6,0.86328125,0.2421875,0.9296875,0.37109375,2,1
147,6,0.86328125,0.2421875,0.9296875,0.37109375,5,1
147,6,0.91796875,0.2890625,0.9921875,0.55078125,1,1
147,7,0.16015625,0.359375,0.36328125,0.72265625,1,1
147,7,0.01171875,0.390625,0.09765625,0.65234375,1,1
147,7,0.0703125,0.33203125,0.1875,0.59375,1,1
147,7,0.09765625,0.24609375,0.21484375,0.359375,1,1
147,7,0.09765625,0.24609375,0.21484375,0.359375,4,1
147,7,0.2265625,0.203125,0.28125,0.3203125,1,1
147,7,0.3046875,0.3046875,0.45703125,0.48046875,1,1
147,7,0.4453125,0.2578125,0.515625,0.4296875,2,1
147,7,0.4453125,0.2578125,0.515625,0.4296875,5,1
147,7,0.53515625,0.23828125,0.60546875,0.4140625,2,1
147,7,0.53515625,0.23828125,0.60546875,0.4140625,5,1
147,7,0.59375,0.17578125,0.65625,0.44140625,1,1
147,7,0.6640625,0.18359375,0.7109375,0.328125,1,1
147,7,0.69921875,0.2421875,0.78515625,0.4765625,1,1
147,7,0.765625,0.1875,0.8203125,0.3203125,1,1
147,7,0.8125,0.2734375,0.89453125,0.59375,1,1
147,7,0.86328125,0.2109375,0.92578125,0.37890625,2,1
147,7,0.86328125,0.2109375,0.92578125,0.37890625,5,1
147,7,0.921875,0.31640625,0.99609375,0.5703125,1,1
147,7,0.9375,0.22265625,0.9921875,0.3515625,1,1
148,2,0.36328125,0.25,0.4296875,0.47265625,1,1
148,2,0.26953125,0.21484375,0.34765625,0.2890625,1,1
148,2,0.203125,0.296875,0.35546875,0.484375,1,1
148,2,0.07421875,0.37109375,0.2421875,0.71484375,1,1
148,2,0.0234375,0.4140625,0.09375,0.734375,1,1
148,2,0.41015625,0.21484375,0.5625,0.47265625,1,1
148,2,0.5,0.359375,0.765625,0.67578125,1,1
148,2,0.5859375,0.2421875,0.7578125,0.35546875,1,1
148,2,0.6796875,0.3203125,0.91015625,0.5546875,1,1
148,2,0.78515625,0.234375,0.8984375,0.34375,1,1
148,2,0.87890625,0.28515625,0.984375,0.46875,1,1
148,2,0.9140625,0.23046875,0.9921875,0.35546875,1,1
148,3,0.04296875,0.3203125,0.17578125,0.4296875,1,1
148,3,0.04296875,0.3203125,0.17578125,0.4296875,4,1
148,3,0.01953125,0.41015625,0.08984375,0.73828125,1,1
148,3,0.08203125,0.39453125,0.2421875,0.70703125,1,1
148,3,0.1953125,0.296875,0.36328125,0.46484375,1,1
148,3,0.3671875,0.24609375,0.43359375,0.4609375,1,1
148,3,0.3984375,0.203125,0.56640625,0.48046875,1,1
148,3,0.4921875,0.35546875,0.76171875,0.625,1,1
148,3,0.58984375,0.2421875,0.765625,0.3515625,1,1
148,3,0.671875,0.32421875,0.90234375,0.578125,1,1
148,3,0.78125,0.2265625,0.859375,0.37109375,2,1
148,3,0.78125,0.2265625,0.859375,0.37109375,5,1
148,3,0.87890625,0.28125,0.9921875,0.5078125,1,1
148,4,0.26171875,0.1953125,0.34765625,0.30078125,1,1
148,4,0.1640625,0.2890625,0.33203125,0.4921875,1,1
148,4,0.0859375,0.38671875,0.24609375,0.7578125,1,1
148,4,0.01171875,0.375,0.078125,0.73046875,1,1
148,4,0.375,0.23828125,0.4375,0.46875,1,1
148,4,0.4140625,0.25390625,0.56640625,0.359375,1,1
148,4,0.49609375,0.35546875,0.7578125,0.62890625,1,1
148,4,0.578125,0.2578125,0.765625,0.3515625,1,1
148,4,0.6953125,0.328125,0.8984375,0.609375,1,1
148,4,0.77734375,0.22265625,0.86328125,0.359375,2,1
148,4,0.77734375,0.22265625,0.86328125,0.359375,5,1
148,4,0.88671875,0.2578125,0.9609375,0.546875,1,1
148,7,0.0703125,0.40234375,0.2421875,0.71875,1,1
148,7,0.015625,0.37890625,0.1015625,0.625,1,1
148,7,0.07421875,0.2890625,0.1796875,0.40625,1,1
148,7,0.25390625,0.18359375,0.33203125,0.28515625,1,1
148,7,0.20703125,0.3046875,0.38671875,0.48828125,1,1
148,7,0.36328125,0.2265625,0.43359375,0.484375,1,1
148,7,0.49609375,0.375,0.74609375,0.6796875,1,1
148,7,0.44140625,0.2578125,0.58203125,0.4453125,1,1
148,7,0.55078125,0.23828125,0.7578125,0.35546875,1,1
148,7,0.72265625,0.3203125,0.875,0.58203125,1,1
148,7,0.7734375,0.23046875,0.87109375,0.3671875,2,1
148,7,0.7734375,0.23046875,0.87109375,0.3671875,5,1
148,7,0.8671875,0.28515625,0.9765625,0.58984375,1,1
148,7,0.9296875,0.2421875,0.98828125,0.375,2,1
148,7,0.9296875,0.2421875,0.98828125,0.375,5,1
148,5,0.0859375,0.39453125,0.234375,0.7265625,1,1
148,5,0.01953125,0.38671875,0.08984375,0.72265625,1,1
148,5,0.0703125,0.3046875,0.1640625,0.43359375,1,1
148,5,0.14453125,0.2421875,0.2265625,0.3359375,1,1
148,5,0.1875,0.359375,0.34765625,0.4609375,1,1
148,5,0.265625,0.203125,0.33203125,0.29296875,1,1
148,5,0.37109375,0.22265625,0.43359375,0.45703125,1,1
148,5,0.42578125,0.2578125,0.56640625,0.36328125,1,1
148,5,0.47265625,0.375,0.71484375,0.67578125,1,1
148,5,0.69140625,0.32421875,0.8828125,0.609375,1,1
148,5,0.58203125,0.24609375,0.7734375,0.35546875,1,1
148,5,0.78125,0.23046875,0.85546875,0.359375,2,1
148,5,0.78125,0.23046875,0.85546875,0.359375,5,1
148,5,0.875,0.2890625,0.98046875,0.5625,1,1
148,5,0.9140625,0.24609375,0.98828125,0.37890625,2,1
148,5,0.9140625,0.24609375,0.98828125,0.37890625,5,1
148,6,0.08984375,0.37890625,0.23828125,0.734375,1,1
148,6,0.01953125,0.40625,0.1015625,0.671875,1,1
148,6,0.1875,0.32421875,0.359375,0.4921875,1,1
148,6,0.109375,0.28515625,0.21875,0.3671875,1,1
148,6,0.2578125,0.19140625,0.33203125,0.28515625,1,1
148,6,0.36328125,0.203125,0.4296875,0.4609375,1,1
148,6,0.4296875,0.2578125,0.5546875,0.37109375,1,1
148,6,0.46875,0.37890625,0.74609375,0.6328125,1,1
148,6,0.703125,0.33203125,0.88671875,0.58984375,1,1
148,6,0.5703125,0.2421875,0.7578125,0.375,1,1
148,6,0.7890625,0.2265625,0.86328125,0.37109375,2,1
148,6,0.7890625,0.2265625,0.86328125,0.37109375,5,1
148,6,0.8671875,0.296875,0.96484375,0.59765625,1,1
148,6,0.92578125,0.2421875,0.9921875,0.390625,2,1
148,6,0.92578125,0.2421875,0.9921875,0.390625,5,1
173,4,0.203125,0.2421875,0.33984375,0.4921875,1,1
173,4,0.06640625,0.30859375,0.19140625,0.5078125,1,1
173,4,0.06640625,0.30859375,0.19140625,0.5078125,4,1
173,4,0.35546875,0.25,0.41796875,0.359375,2,1
173,4,0.35546875,0.25,0.41796875,0.359375,5,1
173,4,0.44921875,0.21875,0.5078125,0.3515625,2,1
173,4,0.44921875,0.21875,0.5078125,0.3515625,5,1
173,4,0.53125,0.16015625,0.57421875,0.30078125,1,1
173,4,0.59765625,0.19921875,0.67578125,0.33984375,2,1
173,4,0.59765625,0.19921875,0.67578125,0.33984375,5,1
173,4,0.69140625,0.25,0.78125,0.3984375,2,1
173,4,0.69140625,0.25,0.78125,0.3984375,5,1
173,4,0.72265625,0.1640625,0.7890625,0.28125,1,1
173,4,0.7890625,0.15625,0.84765625,0.30859375,1,1
173,4,0.859375,0.2578125,0.93359375,0.390625,2,1
173,4,0.859375,0.2578125,0.93359375,0.390625,5,1
173,4,0.92578125,0.2109375,0.9921875,0.390625,1,1
173,5,0.08203125,0.3046875,0.1875,0.5,1,1
173,5,0.08203125,0.3046875,0.1875,0.5,4,1
173,5,0.2265625,0.25,0.328125,0.50390625,1,1
173,5,0.35546875,0.23828125,0.41796875,0.3671875,2,1
173,5,0.35546875,0.23828125,0.41796875,0.3671875,5,1
173,5,0.453125,0.23828125,0.51171875,0.36328125,5,1
173,5,0.453125,0.23828125,0.51171875,0.36328125,2,1
173,5,0.53125,0.15234375,0.57421875,0.30859375,1,1
173,5,0.6015625,0.2109375,0.66796875,0.34375,2,1
173,5,0.6015625,0.2109375,0.66796875,0.34375,5,1
173,5,0.6953125,0.24609375,0.765625,0.390625,2,1
173,5,0.6953125,0.24609375,0.765625,0.390625,5,1
173,5,0.73828125,0.15234375,0.7890625,0.3046875,1,1
173,5,0.79296875,0.16015625,0.83984375,0.3125,1,1
173,5,0.859375,0.25,0.94140625,0.40234375,2,1
173,5,0.859375,0.25,0.94140625,0.40234375,5,1
173,5,0.9296875,0.20703125,0.99609375,0.40625,1,1
176,7,0.26171875,0.2734375,0.3671875,0.4453125,2,1
176,7,0.26171875,0.2734375,0.3671875,0.4453125,5,1
176,7,0.01953125,0.37890625,0.109375,0.75390625,1,1
176,7,0.01953125,0.37890625,0.109375,0.75390625,3,1
176,7,0.38671875,0.25,0.4765625,0.44921875,2,1
176,7,0.38671875,0.25,0.4765625,0.44921875,5,1
176,7,0.44921875,0.14453125,0.51171875,0.2421875,1,1
176,7,0.46484375,0.2421875,0.51171875,0.3359375,2,1
176,7,0.5390625,0.26171875,0.62109375,0.40234375,2,1
176,7,0.5390625,0.26171875,0.62109375,0.40234375,5,1
176,7,0.6875,0.23828125,0.77734375,0.3984375,2,1
176,7,0.6875,0.23828125,0.77734375,0.3984375,5,1
176,7,0.75,0.15234375,0.859375,0.265625,1,1
176,7,0.796875,0.26171875,0.88671875,0.38671875,2,1
176,7,0.796875,0.26171875,0.88671875,0.38671875,5,1
176,7,0.9140625,0.2578125,0.984375,0.40234375,2,1
176,7,0.9140625,0.2578125,0.984375,0.40234375,5,1
176,7,0.875,0.1796875,0.92578125,0.2734375,1,1
176,6,0.26953125,0.27734375,0.36328125,0.45703125,2,1
176,6,0.26953125,0.27734375,0.36328125,0.45703125,5,1
176,6,0.01171875,0.40625,0.09765625,0.73046875,1,1
176,6,0.01171875,0.40625,0.09765625,0.73046875,3,1
176,6,0.3671875,0.234375,0.40625,0.3359375,2,1
176,6,0.38671875,0.28515625,0.484375,0.42578125,2,1
176,6,0.4609375,0.2421875,0.51953125,0.3359375,2,1
176,6,0.4609375,0.140625,0.57421875,0.2421875,1,1
176,6,0.5390625,0.2578125,0.62109375,0.44921875,2,1
176,6,0.5390625,0.2578125,0.62109375,0.44921875,5,1
176,6,0.6640625,0.24609375,0.76953125,0.40625,2,1
176,6,0.6640625,0.24609375,0.76953125,0.40625,5,1
176,6,0.7421875,0.15625,0.83984375,0.25,1,1
176,6,0.80078125,0.265625,0.88671875,0.40625,2,1
176,6,0.80078125,0.265625,0.88671875,0.40625,5,1
176,6,0.87890625,0.18359375,0.9296875,0.29296875,1,1
176,6,0.92578125,0.265625,0.98828125,0.39453125,2,1
176,6,0.92578125,0.265625,0.98828125,0.39453125,5,1
176,5,0.2734375,0.28125,0.36328125,0.4375,2,1
176,5,0.2734375,0.28125,0.36328125,0.4375,5,1
176,5,0.02734375,0.40625,0.1015625,0.73046875,3,1
176,5,0.02734375,0.40625,0.1015625,0.73046875,1,1
176,5,0.36328125,0.23828125,0.41015625,0.33203125,2,1
176,5,0.36328125,0.23828125,0.41015625,0.33203125,5,1
176,5,0.390625,0.2734375,0.49609375,0.44140625,2,1
176,5,0.390625,0.2734375,0.49609375,0.44140625,5,1
176,5,0.46875,0.2109375,0.515625,0.32421875,2,1
176,5,0.46875,0.2109375,0.515625,0.32421875,5,1
176,5,0.5,0.1484375,0.6015625,0.23828125,1,1
176,5,0.53515625,0.25,0.59765625,0.40234375,2,1
176,5,0.53515625,0.25,0.59765625,0.40234375,5,1
176,5,0.671875,0.23828125,0.7734375,0.41015625,2,1
176,5,0.671875,0.23828125,0.7734375,0.41015625,5,1
176,5,0.7265625,0.16015625,0.8359375,0.25,1,1
176,5,0.79296875,0.26171875,0.875,0.38671875,2,1
176,5,0.79296875,0.26171875,0.875,0.38671875,5,1
176,5,0.87890625,0.19140625,0.9296875,0.30078125,1,1
176,5,0.9296875,0.2734375,0.984375,0.39453125,2,1
176,5,0.9296875,0.2734375,0.984375,0.39453125,5,1
176,2,0.25,0.26171875,0.35546875,0.44140625,2,1
176,2,0.25,0.26171875,0.35546875,0.44140625,5,1
176,2,0.03125,0.40625,0.1015625,0.74609375,1,1
176,2,0.03125,0.40625,0.1015625,0.74609375,3,1
176,2,0.36328125,0.2421875,0.41015625,0.33203125,2,1
176,2,0.37890625,0.27734375,0.48046875,0.41015625,2,1
176,2,0.4609375,0.23046875,0.515625,0.328125,2,1
176,2,0.5390625,0.25390625,0.609375,0.40234375,2,1
176,2,0.53125,0.13671875,0.625,0.25,1,1
176,2,0.6640625,0.15234375,0.77734375,0.24609375,1,1
176,2,0.6875,0.24609375,0.78125,0.40625,2,1
176,2,0.6875,0.24609375,0.78125,0.40625,5,1
176,2,0.80078125,0.26953125,0.8828125,0.39453125,2,1
176,2,0.80078125,0.26953125,0.8828125,0.39453125,5,1
176,2,0.9140625,0.2734375,0.9921875,0.40234375,2,1
176,2,0.9140625,0.2734375,0.9921875,0.40234375,5,1
176,2,0.8515625,0.1875,0.9609375,0.26953125,1,1
173,7,0.07421875,0.30078125,0.2109375,0.48828125,1,1
173,7,0.07421875,0.30078125,0.2109375,0.48828125,4,1
173,7,0.21875,0.2421875,0.3359375,0.49609375,1,1
173,7,0.359375,0.25,0.43359375,0.35546875,2,1
173,7,0.45703125,0.23828125,0.5078125,0.34375,2,1
173,7,0.53515625,0.15625,0.57421875,0.30078125,1,1
173,7,0.6015625,0.203125,0.6796875,0.3359375,2,1
173,7,0.69921875,0.24609375,0.77734375,0.39453125,2,1
173,7,0.734375,0.15234375,0.80078125,0.2890625,1,1
173,7,0.78515625,0.16796875,0.84375,0.29296875,1,1
173,7,0.8125,0.171875,0.87109375,0.27734375,1,1
173,7,0.84765625,0.2578125,0.94921875,0.37890625,2,1
173,7,0.84765625,0.2578125,0.94921875,0.37890625,5,1
173,7,0.9375,0.21484375,0.9921875,0.42578125,1,1
173,6,0.09375,0.28515625,0.20703125,0.5078125,1,1
173,6,0.09375,0.28515625,0.20703125,0.5078125,4,1
173,6,0.2265625,0.26171875,0.33984375,0.484375,1,1
173,6,0.3515625,0.23828125,0.4296875,0.37109375,2,1
173,6,0.3515625,0.23828125,0.4296875,0.37109375,5,1
173,6,0.453125,0.23046875,0.5078125,0.33984375,2,1
173,6,0.453125,0.23046875,0.5078125,0.33984375,5,1
173,6,0.53125,0.1640625,0.58203125,0.3046875,1,1
173,6,0.609375,0.2109375,0.67578125,0.3203125,2,1
173,6,0.609375,0.2109375,0.67578125,0.3203125,5,1
173,6,0.69140625,0.2421875,0.77734375,0.390625,2,1
173,6,0.69140625,0.2421875,0.77734375,0.390625,5,1
173,6,0.71875,0.15625,0.80078125,0.26953125,1,1
173,6,0.78515625,0.171875,0.83984375,0.28125,1,1
173,6,0.8359375,0.16015625,0.87109375,0.26953125,1,1
173,6,0.859375,0.25,0.94140625,0.3984375,2,1
173,6,0.859375,0.25,0.94140625,0.3984375,5,1
173,6,0.9296875,0.21484375,0.9921875,0.4296875,1,1
174,2,0.1015625,0.27734375,0.203125,0.45703125,1,1
174,2,0.1015625,0.27734375,0.203125,0.45703125,4,1
174,2,0.2109375,0.37890625,0.32421875,0.6796875,1,1
174,2,0.24609375,0.2265625,0.3125,0.30859375,1,1
174,2,0.375,0.265625,0.48046875,0.39453125,2,1
174,2,0.375,0.265625,0.48046875,0.39453125,5,1
174,2,0.44140625,0.16796875,0.55859375,0.28125,1,1
174,2,0.51953125,0.24609375,0.58984375,0.40625,2,1
174,2,0.51953125,0.24609375,0.58984375,0.40625,5,1
174,2,0.59765625,0.265625,0.6640625,0.4140625,2,1
174,2,0.59765625,0.265625,0.6640625,0.4140625,5,1
174,2,0.55078125,0.140625,0.609375,0.25390625,1,1
174,2,0.6640625,0.22265625,0.73828125,0.43359375,1,1
174,2,0.734375,0.296875,0.7890625,0.3828125,2,1
174,2,0.71484375,0.1953125,0.7734375,0.29296875,2,1
174,2,0.78125,0.25,0.87890625,0.3984375,2,1
174,2,0.78125,0.25,0.87890625,0.3984375,5,1
174,2,0.8125,0.171875,0.8671875,0.25,1,1
174,2,0.86328125,0.26171875,0.94921875,0.3984375,2,1
174,2,0.86328125,0.26171875,0.94921875,0.3984375,5,1
174,2,0.921875,0.27734375,0.9921875,0.390625,2,1
174,2,0.921875,0.27734375,0.9921875,0.390625,5,1
174,3,0.09765625,0.28515625,0.19921875,0.48828125,1,1
174,3,0.09765625,0.28515625,0.19921875,0.48828125,4,1
174,3,0.21875,0.38671875,0.31640625,0.66796875,1,1
174,3,0.24609375,0.2109375,0.3046875,0.2890625,1,1
174,3,0.34375,0.25390625,0.40625,0.34375,2,1
174,3,0.34375,0.25390625,0.40625,0.34375,5,1
174,3,0.3671875,0.28125,0.49609375,0.421875,2,1
174,3,0.3671875,0.28125,0.49609375,0.421875,5,1
174,3,0.4609375,0.1640625,0.5703125,0.2578125,1,1
174,3,0.52734375,0.234375,0.58984375,0.41015625,2,1
174,3,0.52734375,0.234375,0.58984375,0.41015625,5,1
174,3,0.58984375,0.26953125,0.671875,0.41015625,2,1
174,3,0.58984375,0.26953125,0.671875,0.41015625,5,1
174,3,0.5703125,0.140625,0.6171875,0.2421875,1,1
174,3,0.66015625,0.2265625,0.734375,0.4375,1,1
174,3,0.72265625,0.203125,0.77734375,0.30859375,2,1
174,3,0.72265625,0.203125,0.77734375,0.30859375,5,1
174,3,0.78515625,0.2578125,0.87890625,0.3984375,2,1
174,3,0.78515625,0.2578125,0.87890625,0.3984375,5,1
174,3,0.828125,0.16015625,0.8671875,0.2578125,1,1
174,3,0.86328125,0.26953125,0.94140625,0.3984375,2,1
174,3,0.86328125,0.26953125,0.94140625,0.3984375,5,1
174,3,0.92578125,0.2734375,0.9921875,0.390625,2,1
174,3,0.92578125,0.2734375,0.9921875,0.390625,5,1
174,4,0.20703125,0.37109375,0.328125,0.7109375,1,1
174,4,0.09765625,0.25,0.19921875,0.47265625,1,1
174,4,0.2421875,0.2109375,0.32421875,0.30859375,1,1
174,4,0.26171875,0.30859375,0.35546875,0.43359375,1,1
174,4,0.3515625,0.25390625,0.42578125,0.33984375,2,1
174,4,0.3515625,0.25390625,0.42578125,0.33984375,5,1
174,4,0.37890625,0.26953125,0.5078125,0.42578125,2,1
174,4,0.37890625,0.26953125,0.5078125,0.42578125,5,1
174,4,0.48046875,0.171875,0.58203125,0.25,1,1
174,4,0.53125,0.23046875,0.59765625,0.41015625,2,1
174,4,0.53125,0.23046875,0.59765625,0.41015625,5,1
174,4,0.58984375,0.2578125,0.671875,0.4140625,2,1
174,4,0.58984375,0.2578125,0.671875,0.4140625,5,1
174,4,0.5546875,0.13671875,0.62109375,0.234375,1,1
174,4,0.6640625,0.21875,0.734375,0.4296875,1,1
174,4,0.734375,0.2890625,0.7890625,0.390625,2,1
174,4,0.71484375,0.1875,0.77734375,0.29296875,2,1
174,4,0.78125,0.25390625,0.87890625,0.375,2,1
174,4,0.78125,0.25390625,0.87890625,0.375,5,1
174,4,0.83203125,0.1796875,0.87890625,0.25,1,1
174,4,0.86328125,0.2734375,0.94921875,0.3984375,2,1
174,4,0.9296875,0.26171875,0.98828125,0.37890625,2,1
174,5,0.2265625,0.38671875,0.328125,0.67578125,1,1
174,5,0.08984375,0.2734375,0.20703125,0.4609375,1,1
174,5,0.08984375,0.2734375,0.20703125,0.4609375,4,1
174,5,0.22265625,0.1953125,0.30859375,0.28125,1,1
174,5,0.2734375,0.30078125,0.359375,0.42578125,2,1
174,5,0.2734375,0.30078125,0.359375,0.42578125,5,1
174,5,0.35546875,0.25,0.40625,0.34765625,2,1
174,5,0.35546875,0.25,0.40625,0.34765625,5,1
174,5,0.3828125,0.2578125,0.484375,0.40625,2,1
174,5,0.3828125,0.2578125,0.484375,0.40625,5,1
174,5,0.46484375,0.16015625,0.578125,0.2734375,1,1
174,5,0.51953125,0.25,0.58984375,0.40234375,2,1
174,5,0.51953125,0.25,0.58984375,0.40234375,5,1
174,5,0.5859375,0.26171875,0.6640625,0.41015625,2,1
174,5,0.5859375,0.26171875,0.6640625,0.41015625,5,1
174,5,0.546875,0.1328125,0.625,0.2421875,1,1
174,5,0.65625,0.21875,0.734375,0.4453125,1,1
174,5,0.7265625,0.2109375,0.77734375,0.36328125,2,1
174,5,0.7265625,0.2109375,0.77734375,0.36328125,5,1
174,5,0.77734375,0.25,0.875,0.390625,2,1
174,5,0.77734375,0.25,0.875,0.390625,5,1
174,5,0.8203125,0.171875,0.8671875,0.25,1,1
174,5,0.859375,0.25390625,0.9453125,0.3984375,2,1
174,5,0.859375,0.25390625,0.9453125,0.3984375,5,1
174,5,0.92578125,0.2734375,0.98828125,0.390625,2,1
174,5,0.92578125,0.2734375,0.98828125,0.390625,5,1
174,6,0.22265625,0.37890625,0.30859375,0.69140625,1,1
174,6,0.1015625,0.28515625,0.203125,0.46875,1,1
174,6,0.1015625,0.28515625,0.203125,0.46875,4,1
174,6,0.24609375,0.20703125,0.30859375,0.296875,1,1
174,6,0.26953125,0.296875,0.35546875,0.42578125,2,1
174,6,0.26953125,0.296875,0.35546875,0.42578125,5,1
174,6,0.375,0.265625,0.5,0.42578125,2,1
174,6,0.375,0.265625,0.5,0.42578125,5,1
174,6,0.46875,0.1640625,0.578125,0.2578125,1,1
174,6,0.53125,0.23046875,0.59375,0.41015625,2,1
174,6,0.53125,0.23046875,0.59375,0.41015625,5,1
174,6,0.58984375,0.25390625,0.67578125,0.4296875,2,1
174,6,0.58984375,0.25390625,0.67578125,0.4296875,5,1
174,6,0.66015625,0.20703125,0.734375,0.4453125,1,1
174,6,0.7265625,0.21484375,0.78515625,0.3125,2,1
174,6,0.7265625,0.21484375,0.78515625,0.3125,5,1
174,6,0.78125,0.2578125,0.88671875,0.39453125,2,1
174,6,0.78125,0.2578125,0.88671875,0.39453125,5,1
174,6,0.81640625,0.17578125,0.87109375,0.24609375,1,1
174,6,0.859375,0.26171875,0.9375,0.3828125,2,1
174,6,0.859375,0.26171875,0.9375,0.3828125,5,1
174,6,0.921875,0.265625,0.9921875,0.3828125,2,1
174,6,0.921875,0.265625,0.9921875,0.3828125,5,1
176,4,0.0234375,0.40234375,0.1015625,0.7265625,1,1
176,4,0.0234375,0.40234375,0.1015625,0.7265625,3,1
176,4,0.25390625,0.28515625,0.36328125,0.4453125,2,1
176,4,0.25390625,0.28515625,0.36328125,0.4453125,5,1
176,4,0.3671875,0.25,0.41015625,0.3359375,2,1
176,4,0.3671875,0.25,0.41015625,0.3359375,5,1
176,4,0.3828125,0.2734375,0.48046875,0.4140625,2,1
176,4,0.3828125,0.2734375,0.48046875,0.4140625,5,1
176,4,0.45703125,0.2265625,0.51171875,0.33203125,2,1
176,4,0.45703125,0.2265625,0.51171875,0.33203125,5,1
176,4,0.5390625,0.24609375,0.61328125,0.40234375,2,1
176,4,0.5390625,0.24609375,0.61328125,0.40234375,5,1
176,4,0.53125,0.140625,0.62890625,0.26953125,1,1
176,4,0.67578125,0.23828125,0.7734375,0.3984375,2,1
176,4,0.67578125,0.23828125,0.7734375,0.3984375,5,1
176,4,0.6953125,0.15234375,0.80859375,0.25,1,1
176,4,0.80078125,0.25390625,0.87890625,0.38671875,2,1
176,4,0.80078125,0.25390625,0.87890625,0.38671875,5,1
176,4,0.86328125,0.17578125,0.9296875,0.29296875,1,1
176,4,0.921875,0.26953125,0.984375,0.38671875,2,1
176,4,0.921875,0.26953125,0.984375,0.38671875,5,1
176,3,0.01953125,0.39453125,0.09765625,0.7421875,1,1
176,3,0.01953125,0.39453125,0.09765625,0.7421875,3,1
176,3,0.26953125,0.2890625,0.36328125,0.453125,2,1
176,3,0.26953125,0.2890625,0.36328125,0.453125,5,1
176,3,0.390625,0.28125,0.48828125,0.4296875,2,1
176,3,0.390625,0.28125,0.48828125,0.4296875,5,1
176,3,0.35546875,0.24609375,0.421875,0.34375,2,1
176,3,0.35546875,0.24609375,0.421875,0.34375,5,1
176,3,0.4609375,0.23046875,0.51171875,0.3359375,2,1
176,3,0.4609375,0.23046875,0.51171875,0.3359375,5,1
176,3,0.5390625,0.25390625,0.61328125,0.40625,2,1
176,3,0.5390625,0.25390625,0.61328125,0.40625,5,1
176,3,0.53515625,0.1484375,0.62890625,0.25390625,1,1
176,3,0.69140625,0.13671875,0.7890625,0.26171875,1,1
176,3,0.6875,0.2421875,0.78125,0.40234375,2,1
176,3,0.6875,0.2421875,0.78125,0.40234375,5,1
176,3,0.796875,0.2578125,0.890625,0.41015625,2,1
176,3,0.796875,0.2578125,0.890625,0.41015625,5,1
176,3,0.921875,0.2734375,0.98828125,0.40234375,1,1
176,3,0.86328125,0.18359375,0.953125,0.27734375,1,1
174,7,0.2109375,0.3828125,0.30859375,0.71484375,1,1
174,7,0.109375,0.28125,0.21875,0.46484375,1,1
174,7,0.2265625,0.1953125,0.3125,0.3125,1,1
174,7,0.26171875,0.2890625,0.35546875,0.44921875,2,1
174,7,0.26171875,0.2890625,0.35546875,0.44921875,5,1
174,7,0.3515625,0.2421875,0.41796875,0.3359375,2,1
174,7,0.3515625,0.2421875,0.41796875,0.3359375,5,1
174,7,0.3828125,0.26953125,0.484375,0.421875,2,1
174,7,0.3828125,0.26953125,0.484375,0.421875,5,1
174,7,0.46875,0.16796875,0.58203125,0.26171875,1,1
174,7,0.53125,0.25,0.58984375,0.40234375,2,1
174,7,0.53125,0.25,0.58984375,0.40234375,5,1
174,7,0.58984375,0.25390625,0.66796875,0.40234375,2,1
174,7,0.58984375,0.25390625,0.66796875,0.40234375,5,1
174,7,0.66015625,0.2109375,0.73828125,0.44140625,1,1
174,7,0.73046875,0.28515625,0.78125,0.3828125,2,1
174,7,0.71875,0.18359375,0.78125,0.2890625,2,1
174,7,0.78125,0.25,0.875,0.38671875,2,1
174,7,0.83203125,0.17578125,0.87109375,0.25,1,1
174,7,0.86328125,0.26171875,0.94921875,0.3828125,2,1
174,7,0.86328125,0.26171875,0.94921875,0.3828125,5,1
174,7,0.92578125,0.26953125,0.9921875,0.38671875,2,1
174,7,0.92578125,0.26953125,0.9921875,0.38671875,5,1
175,2,0.08984375,0.3828125,0.21875,0.69140625,1,1
175,2,0.12890625,0.32421875,0.2265625,0.453125,1,1
175,2,0.234375,0.2109375,0.30859375,0.3203125,1,1
175,2,0.2734375,0.2890625,0.35546875,0.4609375,2,1
175,2,0.2734375,0.2890625,0.35546875,0.4609375,5,1
175,2,0.3046875,0.1875,0.3515625,0.296875,1,1
175,2,0.37890625,0.265625,0.48046875,0.4296875,1,1
175,2,0.421875,0.171875,0.47265625,0.2734375,1,1
175,2,0.44921875,0.24609375,0.6171875,0.44921875,1,1
175,2,0.53125,0.16015625,0.57421875,0.23828125,1,1
175,2,0.65234375,0.3125,0.734375,0.71875,1,1
175,2,0.765625,0.15625,0.83984375,0.2421875,1,1
175,2,0.81640625,0.26171875,0.87890625,0.39453125,2,1
175,2,0.81640625,0.26171875,0.87890625,0.39453125,5,1
175,2,0.875,0.26953125,0.94140625,0.3984375,2,1
175,2,0.875,0.26953125,0.94140625,0.3984375,5,1
175,2,0.87890625,0.17578125,0.94921875,0.265625,1,1
175,2,0.9375,0.2734375,0.98828125,0.38671875,5,1
175,2,0.9375,0.2734375,0.98828125,0.38671875,2,1
175,3,0.078125,0.375,0.20703125,0.69140625,1,1
175,3,0.10546875,0.32421875,0.23046875,0.4296875,1,1
175,3,0.22265625,0.1953125,0.30078125,0.3203125,1,1
175,3,0.265625,0.28515625,0.3515625,0.4609375,2,1
175,3,0.265625,0.28515625,0.3515625,0.4609375,5,1
175,3,0.30859375,0.19921875,0.35546875,0.28515625,1,1
175,3,0.37890625,0.25390625,0.484375,0.4453125,2,1
175,3,0.37890625,0.25390625,0.484375,0.4453125,5,1
175,3,0.42578125,0.15234375,0.4765625,0.296875,1,1
175,3,0.4609375,0.25,0.6171875,0.46484375,1,1
175,3,0.53125,0.15625,0.56640625,0.25390625,1,1
175,3,0.5546875,0.1328125,0.65625,0.265625,1,1
175,3,0.65625,0.3125,0.7421875,0.72265625,1,1
175,3,0.65625,0.3125,0.7421875,0.72265625,3,1
175,3,0.703125,0.21484375,0.81640625,0.42578125,1,1
175,3,0.6640625,0.16015625,0.7578125,0.25,1,1
175,3,0.76953125,0.1640625,0.82421875,0.24609375,1,1
175,3,0.8125,0.25390625,0.890625,0.4140625,2,1
175,3,0.8125,0.25390625,0.890625,0.4140625,5,1
175,3,0.8828125,0.26953125,0.94140625,0.39453125,2,1
175,3,0.8828125,0.26953125,0.94140625,0.39453125,5,1
175,3,0.9453125,0.2578125,0.9921875,0.3984375,2,1
175,3,0.9453125,0.2578125,0.9921875,0.3984375,5,1
175,3,0.88671875,0.1796875,0.953125,0.26953125,1,1
177,7,0.4921875,0.33203125,0.6171875,0.74609375,1,1
177,7,0.4921875,0.33203125,0.6171875,0.74609375,3,1
177,7,0.36328125,0.23828125,0.4140625,0.35546875,2,1
177,7,0.36328125,0.23828125,0.4140625,0.35546875,5,1
177,7,0.2734375,0.25,0.34375,0.359375,2,1
177,7,0.2734375,0.25,0.34375,0.359375,5,1
177,7,0.21484375,0.2109375,0.31640625,0.31640625,1,1
177,7,0.4609375,0.17578125,0.51953125,0.3125,1,1
177,7,0.53515625,0.2421875,0.6328125,0.375,2,1
177,7,0.53515625,0.2421875,0.6328125,0.375,5,1
177,7,0.703125,0.20703125,0.77734375,0.3125,2,1
177,7,0.703125,0.20703125,0.77734375,0.3125,5,1
177,7,0.765625,0.2421875,0.8828125,0.50390625,1,1
178,2,0.3828125,0.265625,0.4765625,0.4296875,2,1
178,2,0.3828125,0.265625,0.4765625,0.4296875,5,1
178,2,0.28125,0.26953125,0.33984375,0.35546875,2,1
178,2,0.36328125,0.2578125,0.41015625,0.3515625,2,1
178,2,0.1171875,0.41796875,0.18359375,0.71484375,1,1
178,2,0.05078125,0.35546875,0.15625,0.51953125,1,1
178,2,0.05078125,0.35546875,0.15625,0.51953125,4,1
178,2,0.1171875,0.28125,0.21875,0.4140625,1,1
178,2,0.1171875,0.28125,0.21875,0.4140625,4,1
178,2,0.4765625,0.2265625,0.515625,0.34375,2,1
178,2,0.4765625,0.2265625,0.515625,0.34375,5,1
178,2,0.5390625,0.33984375,0.6875,0.73828125,1,1
178,2,0.5390625,0.33984375,0.6875,0.73828125,3,1
178,2,0.546875,0.25390625,0.609375,0.34375,2,1
178,2,0.546875,0.25390625,0.609375,0.34375,5,1
178,2,0.671875,0.2109375,0.76953125,0.4140625,1,1
178,3,0.671875,0.203125,0.7734375,0.42578125,1,1
178,3,0.5390625,0.33203125,0.6953125,0.71875,1,1
178,3,0.5390625,0.33203125,0.6953125,0.71875,3,1
178,3,0.375,0.28125,0.48046875,0.42578125,2,1
178,3,0.375,0.28125,0.48046875,0.42578125,5,1
178,3,0.28515625,0.26953125,0.36328125,0.3671875,2,1
178,3,0.28515625,0.26953125,0.36328125,0.3671875,5,1
178,3,0.46875,0.234375,0.515625,0.33203125,2,1
178,3,0.546875,0.24609375,0.59375,0.33984375,2,1
178,3,0.546875,0.24609375,0.59375,0.33984375,5,1
178,3,0.09375,0.41015625,0.1796875,0.67578125,1,1
178,3,0.03515625,0.35546875,0.16796875,0.48828125,4,1
178,3,0.03515625,0.35546875,0.16796875,0.48828125,1,1
178,3,0.11328125,0.26953125,0.2265625,0.41015625,1,1
178,3,0.11328125,0.26953125,0.2265625,0.41015625,4,1
175,4,0.65625,0.328125,0.75390625,0.7265625,1,1
175,4,0.65625,0.328125,0.75390625,0.7265625,3,1
175,4,0.37890625,0.25390625,0.4765625,0.41796875,2,1
175,4,0.37890625,0.25390625,0.4765625,0.41796875,5,1
175,4,0.265625,0.28515625,0.35546875,0.44140625,2,1
175,4,0.265625,0.28515625,0.35546875,0.44140625,5,1
175,4,0.08203125,0.38671875,0.19921875,0.7265625,1,1
175,4,0.4140625,0.16796875,0.484375,0.28125,1,1
175,4,0.44921875,0.234375,0.6171875,0.45703125,1,1
175,4,0.56640625,0.15625,0.65625,0.25,1,1
175,4,0.66015625,0.15625,0.75390625,0.23828125,1,1
175,4,0.7109375,0.21875,0.8046875,0.42578125,1,1
175,4,0.7578125,0.15234375,0.828125,0.22265625,1,1
175,4,0.80859375,0.2578125,0.890625,0.39453125,2,1
175,4,0.80859375,0.2578125,0.890625,0.39453125,5,1
175,4,0.88671875,0.27734375,0.93359375,0.3828125,2,1
175,4,0.88671875,0.27734375,0.93359375,0.3828125,5,1
175,4,0.9453125,0.28125,0.984375,0.3984375,2,1
175,4,0.9453125,0.28125,0.984375,0.3984375,5,1
175,4,0.88671875,0.1640625,0.94921875,0.27734375,1,1
175,5,0.23828125,0.2109375,0.296875,0.32421875,1,1
175,5,0.31640625,0.1875,0.36328125,0.3125,1,1
175,5,0.28125,0.296875,0.35546875,0.4453125,2,1
175,5,0.28125,0.296875,0.35546875,0.4453125,5,1
175,5,0.1171875,0.3203125,0.21875,0.42578125,1,1
175,5,0.375,0.265625,0.47265625,0.4296875,2,1
175,5,0.375,0.265625,0.47265625,0.4296875,5,1
175,5,0.41015625,0.171875,0.47265625,0.26171875,1,1
175,5,0.453125,0.25390625,0.6171875,0.453125,1,1
175,5,0.5625,0.15234375,0.65625,0.234375,1,1
175,5,0.66015625,0.30078125,0.75,0.7421875,1,1
175,5,0.66015625,0.30078125,0.75,0.7421875,3,1
175,5,0.70703125,0.21484375,0.796875,0.4140625,1,1
175,5,0.76953125,0.16015625,0.83203125,0.25390625,1,1
175,5,0.8046875,0.2734375,0.890625,0.4296875,2,1
175,5,0.8046875,0.2734375,0.890625,0.4296875,5,1
175,5,0.88671875,0.26171875,0.9453125,0.3984375,2,1
175,5,0.88671875,0.26171875,0.9453125,0.3984375,5,1
175,5,0.9375,0.26171875,0.98046875,0.39453125,2,1
175,5,0.9375,0.26171875,0.98046875,0.39453125,5,1
175,5,0.875,0.19140625,0.94921875,0.2734375,1,1
175,6,0.1328125,0.3671875,0.21875,0.6640625,1,1
175,6,0.21875,0.20703125,0.30078125,0.2890625,1,1
175,6,0.26953125,0.27734375,0.34765625,0.46484375,2,1
175,6,0.26953125,0.27734375,0.34765625,0.46484375,5,1
175,6,0.30859375,0.1953125,0.35546875,0.2890625,1,1
175,6,0.39453125,0.16796875,0.48828125,0.2734375,1,1
175,6,0.35546875,0.29296875,0.46875,0.41015625,2,1
175,6,0.45703125,0.25390625,0.6328125,0.421875,1,1
175,6,0.66015625,0.3203125,0.75390625,0.76171875,1,1
175,6,0.66015625,0.3203125,0.75390625,0.76171875,3,1
175,6,0.703125,0.2109375,0.79296875,0.4375,1,1
175,6,0.5546875,0.12890625,0.65234375,0.2578125,1,1
175,6,0.66015625,0.140625,0.7734375,0.2578125,1,1
175,6,0.7890625,0.25390625,0.890625,0.40625,2,1
175,6,0.7890625,0.25390625,0.890625,0.40625,5,1
175,6,0.8828125,0.26171875,0.9375,0.39453125,2,1
175,6,0.8828125,0.26171875,0.9375,0.39453125,5,1
175,6,0.8828125,0.16796875,0.9453125,0.26953125,1,1
175,7,0.1484375,0.390625,0.26171875,0.67578125,1,1
175,7,0.12890625,0.31640625,0.23046875,0.42578125,1,1
175,7,0.23046875,0.22265625,0.3046875,0.296875,1,1
175,7,0.27734375,0.28515625,0.35546875,0.44921875,2,1
175,7,0.27734375,0.28515625,0.35546875,0.44921875,5,1
175,7,0.3046875,0.19921875,0.35546875,0.29296875,1,1
175,7,0.3828125,0.25,0.47265625,0.4375,2,1
175,7,0.3828125,0.25,0.47265625,0.4375,5,1
175,7,0.41015625,0.15234375,0.46875,0.265625,1,1
175,7,0.4609375,0.25390625,0.625,0.47265625,1,1
175,7,0.65234375,0.328125,0.765625,0.703125,1,1
175,7,0.65234375,0.328125,0.765625,0.703125,3,1
175,7,0.69921875,0.20703125,0.796875,0.39453125,1,1
175,7,0.5703125,0.1484375,0.6484375,0.23828125,1,1
175,7,0.6484375,0.15234375,0.7421875,0.26171875,1,1
175,7,0.78515625,0.265625,0.87890625,0.40625,2,1
175,7,0.78515625,0.265625,0.87890625,0.40625,5,1
175,7,0.87109375,0.25390625,0.93359375,0.38671875,2,1
175,7,0.87109375,0.25390625,0.93359375,0.38671875,5,1
175,7,0.953125,0.28125,0.9921875,0.39453125,2,1
175,7,0.953125,0.28125,0.9921875,0.39453125,5,1
175,7,0.88671875,0.18359375,0.953125,0.2578125,1,1
177,2,0.22265625,0.22265625,0.30859375,0.328125,1,1
177,2,0.34765625,0.23046875,0.4140625,0.34375,2,1
177,2,0.5,0.35546875,0.6171875,0.75390625,3,1
177,2,0.5,0.35546875,0.6171875,0.75390625,1,1
177,2,0.54296875,0.23828125,0.6015625,0.37109375,2,1
177,2,0.54296875,0.23828125,0.6015625,0.37109375,5,1
177,2,0.46484375,0.1875,0.51953125,0.3203125,2,1
177,2,0.46484375,0.1875,0.51953125,0.3203125,5,1
177,2,0.7109375,0.2109375,0.765625,0.31640625,2,1
177,2,0.7109375,0.2109375,0.765625,0.31640625,5,1
177,2,0.7578125,0.234375,0.9375,0.578125,1,1
177,3,0.76171875,0.23828125,0.90234375,0.50390625,1,1
177,3,0.70703125,0.203125,0.765625,0.3046875,2,1
177,3,0.70703125,0.203125,0.765625,0.3046875,5,1
177,3,0.50390625,0.3359375,0.62109375,0.7578125,1,1
177,3,0.50390625,0.3359375,0.62109375,0.7578125,3,1
177,3,0.546875,0.25,0.60546875,0.375,2,1
177,3,0.546875,0.25,0.60546875,0.375,5,1
177,3,0.45703125,0.1640625,0.5234375,0.3203125,1,1
177,3,0.34375,0.26171875,0.41015625,0.33984375,2,1
177,3,0.34375,0.26171875,0.41015625,0.33984375,5,1
177,3,0.23828125,0.21484375,0.30859375,0.3671875,1,1
177,4,0.46484375,0.16796875,0.51171875,0.30859375,1,1
177,4,0.35546875,0.25390625,0.42578125,0.35546875,2,1
177,4,0.35546875,0.25390625,0.42578125,0.35546875,5,1
177,4,0.2421875,0.2265625,0.3203125,0.3671875,1,1
177,4,0.5078125,0.3515625,0.609375,0.73046875,1,1
177,4,0.5078125,0.3515625,0.609375,0.73046875,3,1
177,4,0.54296875,0.2265625,0.60546875,0.375,2,1
177,4,0.54296875,0.2265625,0.60546875,0.375,5,1
177,4,0.7109375,0.19921875,0.765625,0.3046875,2,1
177,4,0.7109375,0.19921875,0.765625,0.3046875,5,1
177,4,0.7578125,0.21875,0.90234375,0.47265625,1,1
177,5,0.7578125,0.24609375,0.890625,0.46484375,1,1
177,5,0.71875,0.21875,0.7734375,0.30859375,2,1
177,5,0.71875,0.21875,0.7734375,0.30859375,5,1
177,5,0.5078125,0.33203125,0.62109375,0.7265625,1,1
177,5,0.5078125,0.33203125,0.62109375,0.7265625,3,1
177,5,0.54296875,0.24609375,0.61328125,0.37890625,2,1
177,5,0.54296875,0.24609375,0.61328125,0.37890625,5,1
177,5,0.578125,0.2109375,0.6328125,0.3125,2,1
177,5,0.578125,0.2109375,0.6328125,0.3125,5,1
177,5,0.453125,0.15234375,0.51171875,0.3359375,2,1
177,5,0.453125,0.15234375,0.51171875,0.3359375,5,1
177,5,0.35546875,0.2578125,0.41015625,0.36328125,2,1
177,5,0.35546875,0.2578125,0.41015625,0.36328125,5,1
177,5,0.21875,0.2265625,0.30859375,0.359375,1,1
177,6,0.21484375,0.21875,0.3125,0.34765625,1,1
177,6,0.359375,0.25390625,0.41796875,0.3515625,2,1
177,6,0.359375,0.25390625,0.41796875,0.3515625,5,1
177,6,0.46484375,0.17578125,0.5078125,0.328125,1,1
177,6,0.49609375,0.3515625,0.62109375,0.7578125,1,1
177,6,0.49609375,0.3515625,0.62109375,0.7578125,3,1
177,6,0.546875,0.24609375,0.609375,0.39453125,2,1
177,6,0.546875,0.24609375,0.609375,0.39453125,5,1
177,6,0.703125,0.19921875,0.76171875,0.3203125,2,1
177,6,0.765625,0.234375,0.87890625,0.48828125,1,1
178,4,0.03515625,0.37109375,0.12890625,0.5234375,1,1
178,4,0.03515625,0.37109375,0.12890625,0.5234375,4,1
178,4,0.10546875,0.421875,0.19921875,0.69921875,1,1
178,4,0.1171875,0.27734375,0.21875,0.41796875,1,1
178,4,0.27734375,0.2578125,0.3359375,0.37109375,2,1
178,4,0.27734375,0.2578125,0.3359375,0.37109375,5,1
178,4,0.34375,0.265625,0.390625,0.34375,2,1
178,4,0.390625,0.2734375,0.48046875,0.41796875,2,1
178,4,0.390625,0.2734375,0.48046875,0.41796875,5,1
178,4,0.46484375,0.2265625,0.5078125,0.34375,2,1
178,4,0.46484375,0.2265625,0.5078125,0.34375,5,1
178,4,0.54296875,0.33203125,0.70703125,0.71875,1,1
178,4,0.54296875,0.33203125,0.70703125,0.71875,3,1
178,4,0.53515625,0.2421875,0.60546875,0.36328125,2,1
178,4,0.67578125,0.21484375,0.7734375,0.41796875,1,1
178,5,0.27734375,0.27734375,0.34375,0.375,2,1
178,5,0.27734375,0.27734375,0.34375,0.375,5,1
178,5,0.11328125,0.41015625,0.21484375,0.73046875,1,1
178,5,0.0390625,0.33984375,0.171875,0.52734375,1,1
178,5,0.0390625,0.33984375,0.171875,0.52734375,4,1
178,5,0.3671875,0.25390625,0.41015625,0.3515625,2,1
178,5,0.37890625,0.27734375,0.484375,0.4296875,2,1
178,5,0.37890625,0.27734375,0.484375,0.4296875,5,1
178,5,0.4609375,0.23046875,0.51171875,0.33203125,2,1
178,5,0.55078125,0.328125,0.69140625,0.7578125,1,1
178,5,0.55078125,0.328125,0.69140625,0.7578125,3,1
178,5,0.5390625,0.24609375,0.59765625,0.3359375,2,1
178,5,0.6875,0.2109375,0.7734375,0.4140625,1,1
178,6,0.69140625,0.19921875,0.79296875,0.40234375,1,1
178,6,0.53515625,0.23828125,0.59765625,0.3359375,1,1
178,6,0.53515625,0.3359375,0.72265625,0.796875,1,1
178,6,0.53515625,0.3359375,0.72265625,0.796875,3,1
178,6,0.38671875,0.2734375,0.4765625,0.43359375,2,1
178,6,0.38671875,0.2734375,0.4765625,0.43359375,5,1
178,6,0.4609375,0.234375,0.51171875,0.33203125,2,1
178,6,0.4609375,0.234375,0.51171875,0.33203125,5,1
178,6,0.28515625,0.2734375,0.35546875,0.3671875,2,1
178,6,0.28515625,0.2734375,0.35546875,0.3671875,5,1
178,6,0.1171875,0.421875,0.24609375,0.69140625,1,1
178,6,0.0234375,0.34375,0.16796875,0.5078125,1,1
178,6,0.09765625,0.26953125,0.22265625,0.4140625,1,1
178,6,0.09765625,0.26953125,0.22265625,0.4140625,4,1
178,7,0.09765625,0.28515625,0.21484375,0.39453125,1,1
178,7,0.09765625,0.28515625,0.21484375,0.39453125,4,1
178,7,0.03125,0.35546875,0.1484375,0.5703125,1,1
178,7,0.13671875,0.41796875,0.2421875,0.765625,1,1
178,7,0.13671875,0.41796875,0.2421875,0.765625,3,1
178,7,0.28515625,0.2734375,0.3359375,0.359375,2,1
178,7,0.35546875,0.26953125,0.3984375,0.3515625,2,1
178,7,0.3984375,0.2734375,0.46875,0.43359375,2,1
178,7,0.3984375,0.2734375,0.46875,0.43359375,5,1
178,7,0.453125,0.234375,0.51171875,0.33203125,2,1
178,7,0.453125,0.234375,0.51171875,0.33203125,5,1
178,7,0.54296875,0.3359375,0.68359375,0.75,1,1
178,7,0.54296875,0.3359375,0.68359375,0.75,3,1
178,7,0.5390625,0.23828125,0.59375,0.3359375,2,1
178,7,0.5390625,0.23828125,0.59375,0.3359375,5,1
178,7,0.703125,0.18359375,0.7734375,0.4296875,1,1
179,2,0.27734375,0.28125,0.375,0.4375,2,1
179,2,0.390625,0.25,0.4765625,0.43359375,2,1
179,2,0.390625,0.25,0.4765625,0.43359375,5,1
179,2,0.53515625,0.25,0.609375,0.4140625,2,1
179,2,0.53515625,0.25,0.609375,0.4140625,5,1
179,2,0.640625,0.3203125,0.80078125,0.7109375,1,1
179,2,0.67578125,0.21875,0.76953125,0.37890625,2,1
179,2,0.8125,0.3359375,0.9296875,0.64453125,1,1
179,2,0.8125,0.3359375,0.9296875,0.64453125,3,1
179,2,0.87890625,0.28515625,0.984375,0.64453125,1,1
179,2,0.87890625,0.28515625,0.984375,0.64453125,3,1
182,3,0.46484375,0.359375,0.6328125,0.7265625,1,1
182,3,0.46484375,0.359375,0.6328125,0.7265625,3,1
182,3,0.59765625,0.3125,0.7578125,0.75390625,1,1
182,3,0.59765625,0.3125,0.7578125,0.75390625,3,1
182,3,0.15625,0.40234375,0.24609375,0.75,1,1
182,3,0.15625,0.40234375,0.24609375,0.75,3,1
182,3,0.0390625,0.4296875,0.12109375,0.765625,1,1
182,3,0.0390625,0.4296875,0.12109375,0.765625,3,1
182,3,0.1875,0.21484375,0.26171875,0.30859375,1,1
182,3,0.328125,0.16796875,0.453125,0.33984375,1,1
182,3,0.66796875,0.19921875,0.72265625,0.30078125,2,1
182,3,0.66796875,0.19921875,0.72265625,0.30078125,5,1
182,3,0.72265625,0.2109375,0.7734375,0.3125,2,1
182,3,0.7890625,0.23046875,0.8515625,0.328125,2,1
182,3,0.8984375,0.24609375,0.94921875,0.32421875,2,1
182,3,0.0703125,0.35546875,0.16015625,0.48046875,1,1
182,3,0.0703125,0.27734375,0.16015625,0.3828125,1,1
182,4,0.078125,0.2578125,0.1640625,0.39453125,1,1
182,4,0.05859375,0.35546875,0.15625,0.4921875,1,1
182,4,0.14453125,0.38671875,0.23828125,0.74609375,1,1
182,4,0.14453125,0.38671875,0.23828125,0.74609375,3,1
182,4,0.0625,0.421875,0.10546875,0.7421875,1,1
182,4,0.0625,0.421875,0.10546875,0.7421875,3,1
182,4,0.01171875,0.40625,0.0625,0.75390625,1,1
182,4,0.01171875,0.40625,0.0625,0.75390625,3,1
182,4,0.3046875,0.19140625,0.41796875,0.30859375,1,1
182,4,0.46875,0.34765625,0.6328125,0.7890625,1,1
182,4,0.46875,0.34765625,0.6328125,0.7890625,3,1
182,4,0.6015625,0.29296875,0.75390625,0.73046875,1,1
182,4,0.6015625,0.29296875,0.75390625,0.73046875,3,1
182,4,0.6640625,0.20703125,0.7265625,0.32421875,2,1
182,4,0.6640625,0.20703125,0.7265625,0.32421875,5,1
182,4,0.734375,0.20703125,0.80078125,0.3203125,2,1
182,4,0.8046875,0.234375,0.85546875,0.328125,2,1
182,4,0.890625,0.234375,0.953125,0.3359375,2,1
182,5,0.28515625,0.203125,0.38671875,0.32421875,1,1
182,5,0.14453125,0.3984375,0.22265625,0.73828125,1,1
182,5,0.14453125,0.3984375,0.22265625,0.73828125,3,1
182,5,0.05078125,0.421875,0.109375,0.76171875,1,1
182,5,0.05078125,0.421875,0.109375,0.76171875,3,1
182,5,0.00390625,0.42578125,0.05859375,0.72265625,1,1
182,5,0.00390625,0.42578125,0.05859375,0.72265625,3,1
182,5,0.46484375,0.3515625,0.62890625,0.7421875,1,1
182,5,0.46484375,0.3515625,0.62890625,0.7421875,3,1
182,5,0.5859375,0.29296875,0.73828125,0.74609375,1,1
182,5,0.5859375,0.29296875,0.73828125,0.74609375,3,1
182,5,0.6484375,0.21484375,0.71875,0.29296875,2,1
182,5,0.6484375,0.21484375,0.71875,0.29296875,5,1
182,5,0.7265625,0.1953125,0.7890625,0.3359375,2,1
182,5,0.7265625,0.1953125,0.7890625,0.3359375,5,1
182,5,0.796875,0.21875,0.85546875,0.3203125,2,1
182,5,0.88671875,0.2421875,0.953125,0.328125,2,1
182,6,0.2734375,0.1953125,0.36328125,0.32421875,1,1
182,6,0.14453125,0.390625,0.21484375,0.75,1,1
182,6,0.14453125,0.390625,0.21484375,0.75,3,1
182,6,0.05078125,0.421875,0.11328125,0.765625,1,1
182,6,0.05078125,0.421875,0.11328125,0.765625,3,1
182,6,0.01171875,0.40625,0.06640625,0.7109375,1,1
182,6,0.01171875,0.40625,0.06640625,0.7109375,3,1
182,6,0.0625,0.33984375,0.16796875,0.46875,1,1
182,6,0.4765625,0.3359375,0.62890625,0.7734375,1,1
182,6,0.4765625,0.3359375,0.62890625,0.7734375,3,1
182,6,0.60546875,0.31640625,0.76171875,0.73828125,1,1
182,6,0.60546875,0.31640625,0.76171875,0.73828125,3,1
182,6,0.6484375,0.21875,0.71875,0.3125,2,1
182,6,0.6484375,0.21875,0.71875,0.3125,5,1
182,6,0.7265625,0.22265625,0.80859375,0.328125,2,1
182,6,0.7265625,0.22265625,0.80859375,0.328125,5,1
182,6,0.8046875,0.22265625,0.8515625,0.328125,2,1
182,6,0.8828125,0.2421875,0.94921875,0.32421875,2,1
182,7,0.47265625,0.3515625,0.63671875,0.7578125,1,1
182,7,0.47265625,0.3515625,0.63671875,0.7578125,3,1
182,7,0.59375,0.3125,0.7578125,0.73046875,1,1
182,7,0.59375,0.3125,0.7578125,0.73046875,3,1
182,7,0.60546875,0.26953125,0.671875,0.3359375,2,1
182,7,0.671875,0.203125,0.71875,0.30859375,2,1
182,7,0.72265625,0.21875,0.796875,0.3359375,2,1
182,7,0.80078125,0.21875,0.85546875,0.296875,2,1
182,7,0.8828125,0.2421875,0.94921875,0.34375,2,1
182,7,0.14453125,0.3984375,0.234375,0.75390625,1,1
182,7,0.14453125,0.3984375,0.234375,0.75390625,3,1
182,7,0.0625,0.4375,0.1171875,0.74609375,1,1
182,7,0.0625,0.4375,0.1171875,0.74609375,3,1
182,7,0.01171875,0.42578125,0.05859375,0.73046875,1,1
182,7,0.01171875,0.42578125,0.05859375,0.73046875,3,1
182,7,0.05859375,0.3359375,0.16796875,0.44921875,1,1
179,3,0.265625,0.2734375,0.3671875,0.44921875,2,1
179,3,0.265625,0.2734375,0.3671875,0.44921875,5,1
179,3,0.390625,0.25390625,0.484375,0.4453125,2,1
179,3,0.390625,0.25390625,0.484375,0.4453125,5,1
179,3,0.5390625,0.25390625,0.6015625,0.421875,2,1
179,3,0.5390625,0.25390625,0.6015625,0.421875,5,1
179,3,0.64453125,0.3359375,0.796875,0.67578125,1,1
179,3,0.7109375,0.25390625,0.76953125,0.37109375,2,1
179,3,0.7109375,0.25390625,0.76953125,0.37109375,5,1
179,3,0.8046875,0.33203125,0.9375,0.6875,1,1
179,3,0.8046875,0.33203125,0.9375,0.6875,3,1
179,3,0.89453125,0.3046875,0.98046875,0.65234375,1,1
179,3,0.89453125,0.3046875,0.98046875,0.65234375,3,1
179,4,0.27734375,0.265625,0.37109375,0.44921875,2,1
179,4,0.27734375,0.265625,0.37109375,0.44921875,5,1
179,4,0.390625,0.25,0.484375,0.4453125,2,1
179,4,0.5390625,0.2578125,0.6171875,0.41015625,2,1
179,4,0.5390625,0.2578125,0.6171875,0.41015625,5,1
179,4,0.64453125,0.3359375,0.7890625,0.6640625,1,1
179,4,0.69921875,0.2265625,0.76953125,0.37890625,2,1
179,4,0.69921875,0.2265625,0.76953125,0.37890625,5,1
179,4,0.8125,0.34375,0.93359375,0.6796875,1,1
179,4,0.8125,0.34375,0.93359375,0.6796875,3,1
179,4,0.87890625,0.30078125,0.984375,0.62890625,1,1
179,4,0.87890625,0.30078125,0.984375,0.62890625,3,1
179,5,0.27734375,0.28515625,0.37109375,0.45703125,2,1
179,5,0.27734375,0.28515625,0.37109375,0.45703125,5,1
179,5,0.38671875,0.2421875,0.46484375,0.4375,2,1
179,5,0.38671875,0.2421875,0.46484375,0.4375,5,1
179,5,0.5390625,0.25390625,0.609375,0.43359375,2,1
179,5,0.5390625,0.25390625,0.609375,0.43359375,5,1
179,5,0.6484375,0.33203125,0.7890625,0.66796875,1,1
179,5,0.67578125,0.21875,0.78125,0.3828125,2,1
179,5,0.67578125,0.21875,0.78125,0.3828125,5,1
179,5,0.80859375,0.34375,0.93359375,0.66796875,1,1
179,5,0.80859375,0.34375,0.93359375,0.66796875,3,1
179,5,0.87890625,0.3046875,0.984375,0.63671875,1,1
179,6,0.27734375,0.26953125,0.375,0.453125,2,1
179,6,0.27734375,0.26953125,0.375,0.453125,5,1
179,6,0.3828125,0.265625,0.48046875,0.4296875,2,1
179,6,0.3828125,0.265625,0.48046875,0.4296875,5,1
179,6,0.5390625,0.2578125,0.62109375,0.41796875,2,1
179,6,0.5390625,0.2578125,0.62109375,0.41796875,5,1
179,6,0.6484375,0.32421875,0.78515625,0.64453125,1,1
179,6,0.6875,0.21484375,0.76953125,0.359375,2,1
179,6,0.6875,0.21484375,0.76953125,0.359375,5,1
179,6,0.80859375,0.34765625,0.9375,0.671875,1,1
179,6,0.80859375,0.34765625,0.9375,0.671875,3,1
179,6,0.8828125,0.30078125,0.984375,0.62890625,1,1
179,7,0.25390625,0.26953125,0.37109375,0.4375,2,1
179,7,0.25390625,0.26953125,0.37109375,0.4375,5,1
179,7,0.38671875,0.265625,0.49609375,0.42578125,2,1
179,7,0.38671875,0.265625,0.49609375,0.42578125,5,1
179,7,0.5390625,0.25390625,0.60546875,0.4140625,2,1
179,7,0.5390625,0.25390625,0.60546875,0.4140625,5,1
179,7,0.640625,0.33984375,0.78515625,0.6484375,1,1
179,7,0.6875,0.22265625,0.7890625,0.38671875,2,1
179,7,0.6875,0.22265625,0.7890625,0.38671875,5,1
179,7,0.80859375,0.3359375,0.94140625,0.6484375,1,1
179,7,0.80859375,0.3359375,0.94140625,0.6484375,3,1
179,7,0.8828125,0.3125,0.98046875,0.63671875,1,1
179,7,0.8828125,0.3125,0.98046875,0.63671875,3,1
180,2,0.23828125,0.265625,0.34765625,0.43359375,1,1
180,2,0.01171875,0.4296875,0.109375,0.71875,1,1
180,2,0.01171875,0.4296875,0.109375,0.71875,3,1
180,2,0.05078125,0.30078125,0.18359375,0.48046875,1,1
180,2,0.05078125,0.30078125,0.18359375,0.48046875,4,1
180,2,0.3828125,0.3046875,0.47265625,0.4296875,2,1
180,2,0.3828125,0.3046875,0.47265625,0.4296875,5,1
180,2,0.48828125,0.33984375,0.640625,0.73828125,1,1
180,2,0.48828125,0.33984375,0.640625,0.73828125,3,1
180,2,0.53515625,0.22265625,0.58984375,0.33984375,1,1
180,2,0.46484375,0.234375,0.51953125,0.31640625,2,1
180,2,0.59765625,0.23046875,0.64453125,0.32421875,2,1
180,2,0.66796875,0.234375,0.78515625,0.421875,2,1
180,2,0.66796875,0.234375,0.78515625,0.421875,5,1
180,2,0.828125,0.25390625,0.921875,0.46875,1,1
180,2,0.8828125,0.21875,0.9609375,0.375,1,1
180,3,0.83203125,0.25,0.92578125,0.46875,1,1
180,3,0.66796875,0.23828125,0.7734375,0.40625,2,1
180,3,0.66796875,0.23828125,0.7734375,0.40625,5,1
180,3,0.4921875,0.3359375,0.63671875,0.73828125,1,1
180,3,0.4921875,0.3359375,0.63671875,0.73828125,3,1
180,3,0.3671875,0.26953125,0.46875,0.41796875,2,1
180,3,0.3671875,0.26953125,0.46875,0.41796875,5,1
180,3,0.24609375,0.26953125,0.35546875,0.47265625,2,1
180,3,0.24609375,0.26953125,0.35546875,0.47265625,5,1
180,3,0.046875,0.3046875,0.1953125,0.49609375,1,1
180,3,0.046875,0.3046875,0.1953125,0.49609375,4,1
180,3,0.01953125,0.4296875,0.109375,0.72265625,1,1
180,3,0.01953125,0.4296875,0.109375,0.72265625,3,1
180,3,0.46875,0.21875,0.51171875,0.3203125,2,1
180,3,0.46875,0.21875,0.51171875,0.3203125,5,1
180,3,0.53515625,0.203125,0.57421875,0.35546875,1,1
180,3,0.5859375,0.21875,0.63671875,0.30078125,2,1
180,4,0.6796875,0.25,0.77734375,0.40625,2,1
180,4,0.6796875,0.25,0.77734375,0.40625,5,1
180,4,0.48046875,0.34765625,0.6328125,0.7265625,1,1
180,4,0.48046875,0.34765625,0.6328125,0.7265625,3,1
180,4,0.3828125,0.28515625,0.47265625,0.421875,2,1
180,4,0.3828125,0.28515625,0.47265625,0.421875,5,1
180,4,0.015625,0.4375,0.11328125,0.74609375,1,1
180,4,0.015625,0.4375,0.11328125,0.74609375,3,1
180,4,0.0703125,0.30078125,0.17578125,0.515625,1,1
180,4,0.0703125,0.30078125,0.17578125,0.515625,4,1
180,4,0.14453125,0.234375,0.22265625,0.34375,1,1
180,4,0.23828125,0.2109375,0.3203125,0.28515625,1,1
180,4,0.45703125,0.2265625,0.515625,0.3203125,2,1
180,4,0.45703125,0.2265625,0.515625,0.3203125,5,1
180,4,0.53125,0.2109375,0.578125,0.3515625,1,1
180,4,0.8203125,0.24609375,0.9296875,0.46484375,1,1
180,4,0.89453125,0.1953125,0.97265625,0.3984375,1,1
180,5,0.82421875,0.2578125,0.9296875,0.43359375,1,1
180,5,0.6640625,0.23828125,0.76953125,0.3828125,2,1
180,5,0.6640625,0.23828125,0.76953125,0.3828125,5,1
180,5,0.578125,0.20703125,0.625,0.3046875,2,1
180,5,0.578125,0.20703125,0.625,0.3046875,5,1
180,5,0.4765625,0.3359375,0.62109375,0.75,1,1
180,5,0.4765625,0.3359375,0.62109375,0.75,3,1
180,5,0.375,0.26953125,0.46484375,0.41015625,2,1
180,5,0.375,0.26953125,0.46484375,0.41015625,5,1
180,5,0.25390625,0.2734375,0.33984375,0.4453125,1,1
180,5,0.46484375,0.21875,0.5078125,0.3046875,2,1
180,5,0.53515625,0.20703125,0.56640625,0.3671875,1,1
180,5,0.91796875,0.2265625,0.9609375,0.41015625,1,1
180,5,0.01171875,0.43359375,0.125,0.734375,1,1
180,5,0.01171875,0.43359375,0.125,0.734375,3,1
180,5,0.07421875,0.328125,0.1953125,0.4921875,1,1
180,5,0.07421875,0.328125,0.1953125,0.4921875,4,1
180,6,0.0703125,0.3203125,0.18359375,0.4765625,1,1
180,6,0.0703125,0.3203125,0.18359375,0.4765625,4,1
180,6,0.01953125,0.43359375,0.109375,0.73828125,1,1
180,6,0.01953125,0.43359375,0.109375,0.73828125,3,1
180,6,0.2578125,0.265625,0.328125,0.47265625,1,1
180,6,0.2578125,0.265625,0.328125,0.47265625,3,1
180,6,0.359375,0.28515625,0.4609375,0.421875,2,1
180,6,0.359375,0.28515625,0.4609375,0.421875,5,1
180,6,0.4609375,0.2265625,0.51171875,0.33984375,2,1
180,6,0.4609375,0.2265625,0.51171875,0.33984375,5,1
180,6,0.48046875,0.33203125,0.65234375,0.71875,1,1
180,6,0.48046875,0.33203125,0.65234375,0.71875,3,1
180,6,0.53125,0.20703125,0.57421875,0.35546875,1,1
180,6,0.58984375,0.234375,0.640625,0.31640625,2,1
180,6,0.58984375,0.234375,0.640625,0.31640625,5,1
180,6,0.67578125,0.2578125,0.78125,0.41015625,2,1
180,6,0.67578125,0.2578125,0.78125,0.41015625,5,1
180,6,0.83203125,0.24609375,0.92578125,0.46484375,1,1
180,6,0.90625,0.203125,0.95703125,0.38671875,1,1
180,6,0.734375,0.19921875,0.78125,0.30859375,2,1
180,6,0.734375,0.19921875,0.78125,0.30859375,5,1
180,7,0.24609375,0.26171875,0.34375,0.46875,1,1
180,7,0.0546875,0.296875,0.1640625,0.4921875,1,1
180,7,0.16015625,0.22265625,0.2265625,0.36328125,1,1
180,7,0.01171875,0.41015625,0.109375,0.7578125,1,1
180,7,0.01171875,0.41015625,0.109375,0.7578125,3,1
180,7,0.36328125,0.2578125,0.41015625,0.34375,2,1
180,7,0.36328125,0.2578125,0.41015625,0.34375,5,1
180,7,0.375,0.3046875,0.4765625,0.4296875,2,1
180,7,0.375,0.3046875,0.4765625,0.4296875,5,1
180,7,0.453125,0.2421875,0.50390625,0.3203125,2,1
180,7,0.453125,0.2421875,0.50390625,0.3203125,5,1
180,7,0.484375,0.34765625,0.62890625,0.7421875,1,1
180,7,0.484375,0.34765625,0.62890625,0.7421875,3,1
180,7,0.53515625,0.20703125,0.578125,0.3671875,1,1
180,7,0.58203125,0.203125,0.6328125,0.296875,2,1
180,7,0.58203125,0.203125,0.6328125,0.296875,5,1
180,7,0.671875,0.234375,0.77734375,0.390625,2,1
180,7,0.671875,0.234375,0.77734375,0.390625,5,1
180,7,0.82421875,0.26171875,0.921875,0.453125,1,1
180,7,0.890625,0.2109375,0.9609375,0.4140625,1,1
181,2,0.23828125,0.3515625,0.3359375,0.73828125,1,1
181,2,0.23828125,0.3515625,0.3359375,0.73828125,3,1
181,2,0.12890625,0.23046875,0.21875,0.35546875,1,1
181,2,0.12890625,0.23046875,0.21875,0.35546875,4,1
181,2,0.26171875,0.2109375,0.33984375,0.30859375,1,1
181,2,0.35546875,0.21484375,0.44140625,0.50390625,1,1
181,2,0.4765625,0.1640625,0.51171875,0.35546875,1,1
181,2,0.5859375,0.28125,0.67578125,0.43359375,2,1
181,2,0.5859375,0.28125,0.67578125,0.43359375,5,1
181,2,0.5703125,0.21484375,0.62109375,0.3125,2,1
181,2,0.66015625,0.203125,0.71484375,0.30859375,2,1
181,2,0.6953125,0.28125,0.78125,0.421875,2,1
181,2,0.6953125,0.28125,0.78125,0.421875,5,1
181,2,0.79296875,0.25390625,0.87890625,0.390625,2,1
181,2,0.79296875,0.25390625,0.87890625,0.390625,5,1
181,2,0.73046875,0.2109375,0.77734375,0.30859375,2,1
181,3,0.7265625,0.21484375,0.7734375,0.296875,2,1
181,3,0.66796875,0.21484375,0.72265625,0.3046875,2,1
181,3,0.56640625,0.203125,0.625,0.28515625,2,1
181,3,0.5859375,0.26953125,0.68359375,0.44140625,2,1
181,3,0.5859375,0.26953125,0.68359375,0.44140625,5,1
181,3,0.69921875,0.28125,0.8046875,0.3984375,2,1
181,3,0.79296875,0.25,0.8828125,0.39453125,2,1
181,3,0.79296875,0.25,0.8828125,0.39453125,5,1
181,3,0.34375,0.2265625,0.45703125,0.484375,1,1
181,3,0.2265625,0.34765625,0.33203125,0.6953125,1,1
181,3,0.2265625,0.34765625,0.33203125,0.6953125,3,1
181,3,0.00390625,0.41796875,0.1796875,0.66015625,1,1
181,3,0.12890625,0.26171875,0.2265625,0.39453125,1,1
181,3,0.12890625,0.26171875,0.2265625,0.39453125,4,1
181,3,0.265625,0.19921875,0.33984375,0.328125,1,1
181,3,0.46875,0.16796875,0.515625,0.328125,1,1
181,4,0.26171875,0.203125,0.34375,0.328125,1,1
181,4,0.11328125,0.265625,0.2265625,0.390625,1,1
181,4,0.0390625,0.41015625,0.16796875,0.6484375,1,1
181,4,0.23828125,0.33984375,0.32421875,0.7421875,1,1
181,4,0.23828125,0.33984375,0.32421875,0.7421875,3,1
181,4,0.3515625,0.20703125,0.4453125,0.53125,1,1
181,4,0.47265625,0.16015625,0.51953125,0.33203125,1,1
181,4,0.57421875,0.26171875,0.68359375,0.43359375,2,1
181,4,0.57421875,0.26171875,0.68359375,0.43359375,5,1
181,4,0.703125,0.28125,0.77734375,0.40234375,2,1
181,4,0.703125,0.28125,0.77734375,0.40234375,5,1
181,4,0.7890625,0.24609375,0.88671875,0.40625,2,1
181,4,0.7890625,0.24609375,0.88671875,0.40625,5,1
181,4,0.71875,0.21875,0.7734375,0.30078125,2,1
181,4,0.71875,0.21875,0.7734375,0.30078125,5,1
181,4,0.66015625,0.2109375,0.70703125,0.29296875,2,1
181,4,0.66015625,0.2109375,0.70703125,0.29296875,5,1
181,4,0.9375,0.32421875,0.98828125,0.5625,1,1
181,5,0.33984375,0.23046875,0.44140625,0.4921875,1,1
181,5,0.2421875,0.3125,0.328125,0.65234375,1,1
181,5,0.01953125,0.40234375,0.171875,0.61328125,1,1
181,5,0.46875,0.171875,0.51171875,0.32421875,1,1
181,5,0.55078125,0.20703125,0.62109375,0.2890625,2,1
181,5,0.6953125,0.26953125,0.78515625,0.38671875,2,1
181,5,0.6953125,0.26953125,0.78515625,0.38671875,5,1
181,5,0.66796875,0.203125,0.70703125,0.29296875,2,1
181,5,0.66796875,0.203125,0.70703125,0.29296875,5,1
181,5,0.72265625,0.2109375,0.765625,0.29296875,2,1
181,5,0.72265625,0.2109375,0.765625,0.29296875,5,1
181,5,0.79296875,0.234375,0.87890625,0.40234375,2,1
181,5,0.79296875,0.234375,0.87890625,0.40234375,5,1
181,5,0.9296875,0.3359375,0.9921875,0.53125,1,1
181,6,0.58203125,0.25390625,0.66796875,0.3984375,2,1
181,6,0.58203125,0.25390625,0.66796875,0.3984375,5,1
181,6,0.46484375,0.16796875,0.51171875,0.3203125,1,1
181,6,0.33203125,0.21484375,0.4453125,0.48828125,1,1
181,6,0.23828125,0.3203125,0.35546875,0.703125,1,1
181,6,0.015625,0.39453125,0.1640625,0.609375,1,1
181,6,0.12890625,0.25390625,0.2421875,0.35546875,1,1
181,6,0.703125,0.28515625,0.7890625,0.40625,2,1
181,6,0.703125,0.28515625,0.7890625,0.40625,5,1
181,6,0.79296875,0.2421875,0.87109375,0.390625,2,1
181,6,0.79296875,0.2421875,0.87109375,0.390625,5,1
181,6,0.671875,0.21484375,0.71484375,0.3125,2,1
181,6,0.671875,0.21484375,0.71484375,0.3125,5,1
181,6,0.72265625,0.2109375,0.78125,0.296875,2,1
181,6,0.72265625,0.2109375,0.78125,0.296875,5,1
181,6,0.9375,0.3359375,0.9921875,0.5703125,1,1
181,7,0.56640625,0.20703125,0.66796875,0.42578125,2,1
181,7,0.56640625,0.20703125,0.66796875,0.42578125,5,1
181,7,0.46484375,0.1875,0.515625,0.328125,1,1
181,7,0.34375,0.234375,0.44921875,0.49609375,1,1
181,7,0.2265625,0.3125,0.34765625,0.6640625,1,1
181,7,0.015625,0.40234375,0.171875,0.59765625,1,1
181,7,0.13671875,0.2578125,0.234375,0.38671875,1,1
181,7,0.26171875,0.203125,0.3515625,0.3046875,1,1
181,7,0.69921875,0.28515625,0.7734375,0.41015625,2,1
181,7,0.69921875,0.28515625,0.7734375,0.41015625,5,1
181,7,0.67578125,0.21875,0.71484375,0.29296875,2,1
181,7,0.67578125,0.21875,0.71484375,0.29296875,5,1
181,7,0.7265625,0.23046875,0.76953125,0.3046875,2,1
181,7,0.7265625,0.23046875,0.76953125,0.3046875,5,1
181,7,0.78515625,0.2421875,0.87109375,0.40234375,2,1
181,7,0.78515625,0.2421875,0.87109375,0.40234375,5,1
181,7,0.9375,0.3515625,0.9921875,0.578125,1,1
182,2,0.33984375,0.1796875,0.46484375,0.3046875,1,1
182,2,0.13671875,0.4140625,0.23046875,0.73046875,1,1
182,2,0.13671875,0.4140625,0.23046875,0.73046875,3,1
182,2,0.04296875,0.421875,0.12109375,0.734375,1,1
182,2,0.04296875,0.421875,0.12109375,0.734375,3,1
182,2,0.00390625,0.43359375,0.07421875,0.74609375,1,1
182,2,0.00390625,0.43359375,0.07421875,0.74609375,3,1
182,2,0.05859375,0.34765625,0.17578125,0.45703125,1,1
182,2,0.09375,0.27734375,0.17578125,0.3984375,1,1
182,2,0.47265625,0.3515625,0.640625,0.74609375,1,1
182,2,0.47265625,0.3515625,0.640625,0.74609375,3,1
182,2,0.59765625,0.31640625,0.7578125,0.74609375,1,1
182,2,0.59765625,0.31640625,0.7578125,0.74609375,3,1
182,2,0.59375,0.25390625,0.67578125,0.34765625,2,1
182,2,0.59375,0.25390625,0.67578125,0.34765625,5,1
182,2,0.6640625,0.20703125,0.71875,0.3046875,2,1
182,2,0.6640625,0.20703125,0.71875,0.3046875,5,1
182,2,0.7109375,0.20703125,0.79296875,0.3125,2,1
182,2,0.7109375,0.20703125,0.79296875,0.3125,5,1
182,2,0.8046875,0.23046875,0.8671875,0.3359375,2,1
182,2,0.8828125,0.234375,0.93359375,0.31640625,2,1
183,2,0.6171875,0.20703125,0.68359375,0.3125,2,1
183,2,0.6171875,0.20703125,0.68359375,0.3125,5,1
183,2,0.7109375,0.21484375,0.76953125,0.4453125,1,1
183,2,0.79296875,0.2109375,0.84765625,0.31640625,2,1
183,2,0.79296875,0.2109375,0.84765625,0.31640625,5,1
183,2,0.875,0.21875,0.92578125,0.31640625,2,1
183,2,0.875,0.21875,0.92578125,0.31640625,5,1
183,2,0.5625,0.30859375,0.671875,0.73828125,1,1
183,2,0.5625,0.30859375,0.671875,0.73828125,3,1
183,2,0.34765625,0.3203125,0.55859375,0.55859375,1,1
183,2,0.453125,0.171875,0.55859375,0.2890625,1,1
183,2,0.234375,0.1875,0.296875,0.2890625,1,1
183,2,0.23046875,0.32421875,0.35546875,0.74609375,1,1
183,2,0.23046875,0.32421875,0.35546875,0.74609375,3,1
183,2,0.1328125,0.34765625,0.23046875,0.73828125,1,1
183,2,0.1328125,0.34765625,0.23046875,0.73828125,3,1
183,2,0.05859375,0.41796875,0.16015625,0.7578125,1,1
183,2,0.05859375,0.41796875,0.16015625,0.7578125,3,1
183,2,0.0078125,0.40234375,0.0703125,0.75,1,1
183,2,0.0078125,0.40234375,0.0703125,0.75,3,1
183,2,0.03125,0.35546875,0.1328125,0.4453125,1,1
183,2,0.109375,0.27734375,0.17578125,0.34375,1,1
183,3,0.23828125,0.1953125,0.296875,0.296875,1,1
183,3,0.19921875,0.28515625,0.28515625,0.4375,1,1
183,3,0.19921875,0.28515625,0.28515625,0.4375,4,1
183,3,0.2265625,0.35546875,0.37109375,0.76953125,1,1
183,3,0.2265625,0.35546875,0.37109375,0.76953125,3,1
183,3,0.15234375,0.39453125,0.2265625,0.7578125,1,1
183,3,0.15234375,0.39453125,0.2265625,0.7578125,3,1
183,3,0.05859375,0.41796875,0.15234375,0.7421875,1,1
183,3,0.05859375,0.41796875,0.15234375,0.7421875,3,1
183,3,0.00390625,0.40234375,0.07421875,0.74609375,1,1
183,3,0.00390625,0.40234375,0.07421875,0.74609375,3,1
183,3,0.0234375,0.3359375,0.15234375,0.4765625,1,1
183,3,0.12109375,0.2578125,0.18359375,0.34765625,1,1
183,3,0.390625,0.26171875,0.4921875,0.390625,2,1
183,3,0.390625,0.26171875,0.4921875,0.390625,5,1
183,3,0.3515625,0.32421875,0.56640625,0.59375,1,1
183,3,0.5546875,0.296875,0.66796875,0.78515625,1,1
183,3,0.453125,0.1640625,0.57421875,0.28515625,1,1
183,3,0.62109375,0.1953125,0.67578125,0.30078125,2,1
183,3,0.62109375,0.1953125,0.67578125,0.30078125,5,1
183,3,0.70703125,0.2109375,0.76953125,0.4140625,1,1
183,3,0.7890625,0.21484375,0.84765625,0.30859375,2,1
183,3,0.7890625,0.21484375,0.84765625,0.30859375,5,1
183,3,0.87109375,0.21484375,0.93359375,0.3203125,2,1
183,3,0.87109375,0.21484375,0.93359375,0.3203125,5,1
183,4,0.2421875,0.19921875,0.296875,0.2890625,1,1
183,4,0.203125,0.31640625,0.27734375,0.421875,1,1
183,4,0.12890625,0.3046875,0.20703125,0.421875,1,1
183,4,0.0,0.3828125,0.078125,0.7421875,1,1
183,4,0.0,0.3828125,0.078125,0.7421875,3,1
183,4,0.04296875,0.41796875,0.15234375,0.71875,1,1
183,4,0.04296875,0.41796875,0.15234375,0.71875,3,1
183,4,0.1484375,0.3828125,0.22265625,0.75390625,1,1
183,4,0.1484375,0.3828125,0.22265625,0.75390625,3,1
183,4,0.2265625,0.33203125,0.34765625,0.7890625,1,1
183,4,0.2265625,0.33203125,0.34765625,0.7890625,3,1
183,4,0.35546875,0.3515625,0.56640625,0.6640625,1,1
183,4,0.39453125,0.23828125,0.49609375,0.38671875,2,1
183,4,0.4375,0.16796875,0.5546875,0.296875,1,1
183,4,0.6171875,0.2109375,0.66796875,0.31640625,2,1
183,4,0.6171875,0.2109375,0.66796875,0.31640625,5,1
183,4,0.6953125,0.203125,0.76953125,0.421875,1,1
183,4,0.796875,0.21875,0.84375,0.30078125,2,1
183,4,0.796875,0.21875,0.84375,0.30078125,5,1
183,4,0.87109375,0.22265625,0.93359375,0.30859375,2,1
183,4,0.87109375,0.22265625,0.93359375,0.30859375,5,1
184,7,0.4765625,0.1484375,0.515625,0.31640625,1,1
184,7,0.34765625,0.24609375,0.4296875,0.34765625,2,1
184,7,0.34765625,0.24609375,0.4296875,0.34765625,5,1
184,7,0.1953125,0.265625,0.33203125,0.5,1,1
184,7,0.04296875,0.375,0.171875,0.75390625,1,1
184,7,0.04296875,0.375,0.171875,0.75390625,3,1
184,7,0.07421875,0.2734375,0.16796875,0.44921875,1,1
184,7,0.07421875,0.2734375,0.16796875,0.44921875,4,1
184,7,0.16796875,0.24609375,0.2265625,0.46875,1,1
184,7,0.23828125,0.20703125,0.30859375,0.2734375,1,1
184,7,0.7265625,0.21875,0.77734375,0.328125,2,1
184,7,0.7265625,0.21875,0.77734375,0.328125,5,1
184,7,0.7890625,0.21875,0.84375,0.328125,2,1
184,7,0.7890625,0.21875,0.84375,0.328125,5,1
184,7,0.875,0.23046875,0.94140625,0.33984375,2,1
184,7,0.875,0.23046875,0.94140625,0.33984375,5,1
184,6,0.8828125,0.23828125,0.9609375,0.3359375,2,1
184,6,0.8828125,0.23828125,0.9609375,0.3359375,5,1
184,6,0.79296875,0.22265625,0.84765625,0.3203125,2,1
184,6,0.79296875,0.22265625,0.84765625,0.3203125,5,1
184,6,0.70703125,0.21875,0.78515625,0.3359375,2,1
184,6,0.70703125,0.21875,0.78515625,0.3359375,5,1
184,6,0.46875,0.1640625,0.5234375,0.3203125,1,1
184,6,0.3515625,0.24609375,0.421875,0.3671875,2,1
184,6,0.3515625,0.24609375,0.421875,0.3671875,5,1
184,6,0.1953125,0.2578125,0.32421875,0.5390625,1,1
184,6,0.04296875,0.40234375,0.171875,0.7578125,1,1
184,6,0.04296875,0.40234375,0.171875,0.7578125,3,1
184,6,0.0703125,0.265625,0.171875,0.43359375,1,1
184,6,0.0703125,0.265625,0.171875,0.43359375,4,1
184,6,0.15625,0.203125,0.22265625,0.4921875,1,1
183,5,0.23828125,0.203125,0.30859375,0.30078125,1,1
183,5,0.2109375,0.30078125,0.27734375,0.44140625,1,1
183,5,0.0,0.37890625,0.078125,0.74609375,1,1
183,5,0.0,0.37890625,0.078125,0.74609375,3,1
183,5,0.04296875,0.421875,0.15625,0.7265625,1,1
183,5,0.04296875,0.421875,0.15625,0.7265625,3,1
183,5,0.13671875,0.37109375,0.23046875,0.73828125,1,1
183,5,0.13671875,0.37109375,0.23046875,0.73828125,3,1
183,5,0.21484375,0.328125,0.359375,0.83203125,1,1
183,5,0.21484375,0.328125,0.359375,0.83203125,3,1
183,5,0.3828125,0.25390625,0.48828125,0.37890625,2,1
183,5,0.3828125,0.25390625,0.48828125,0.37890625,5,1
183,5,0.3515625,0.3203125,0.5625,0.61328125,1,1
183,5,0.54296875,0.29296875,0.6484375,0.75390625,1,1
183,5,0.453125,0.15625,0.546875,0.2734375,1,1
183,5,0.609375,0.1953125,0.6796875,0.32421875,2,1
183,5,0.609375,0.1953125,0.6796875,0.32421875,5,1
183,5,0.69921875,0.19921875,0.765625,0.4296875,1,1
183,5,0.78515625,0.22265625,0.8515625,0.31640625,2,1
183,5,0.78515625,0.22265625,0.8515625,0.31640625,5,1
183,5,0.8828125,0.234375,0.9609375,0.35546875,2,1
183,5,0.8828125,0.234375,0.9609375,0.35546875,5,1
186,2,0.12890625,0.28125,0.1796875,0.35546875,1,1
186,2,0.1015625,0.375,0.19921875,0.55078125,1,1
186,2,0.26171875,0.265625,0.3203125,0.37890625,2,1
186,2,0.26171875,0.265625,0.3203125,0.37890625,5,1
186,2,0.359375,0.25390625,0.421875,0.36328125,2,1
186,2,0.359375,0.25390625,0.421875,0.36328125,5,1
186,2,0.44921875,0.23046875,0.5078125,0.3359375,2,1
186,2,0.44921875,0.23046875,0.5078125,0.3359375,5,1
186,2,0.5703125,0.2109375,0.63671875,0.3203125,2,1
186,2,0.5703125,0.2109375,0.63671875,0.3203125,5,1
186,2,0.66015625,0.21484375,0.7109375,0.3046875,2,1
186,2,0.66015625,0.21484375,0.7109375,0.3046875,5,1
186,2,0.7265625,0.2265625,0.7734375,0.30859375,2,1
186,2,0.7265625,0.2265625,0.7734375,0.30859375,5,1
186,2,0.7890625,0.21484375,0.8828125,0.4140625,1,1
186,2,0.88671875,0.25,0.9296875,0.390625,2,1
186,2,0.88671875,0.25,0.9296875,0.390625,5,1
186,3,0.13671875,0.2734375,0.18359375,0.375,1,1
186,3,0.10546875,0.3359375,0.203125,0.55859375,1,1
186,3,0.2578125,0.2578125,0.32421875,0.37109375,2,1
186,3,0.2578125,0.2578125,0.32421875,0.37109375,5,1
186,3,0.3515625,0.26953125,0.4140625,0.36328125,2,1
186,3,0.3515625,0.26953125,0.4140625,0.36328125,5,1
186,3,0.4609375,0.22265625,0.51171875,0.3359375,2,1
186,3,0.4609375,0.22265625,0.51171875,0.3359375,5,1
186,3,0.5703125,0.21875,0.62890625,0.32421875,2,1
186,3,0.5703125,0.21875,0.62890625,0.32421875,5,1
186,3,0.65625,0.21875,0.71875,0.30078125,2,1
186,3,0.65625,0.21875,0.71875,0.30078125,5,1
186,3,0.73828125,0.23046875,0.7890625,0.32421875,2,1
186,3,0.73828125,0.23046875,0.7890625,0.32421875,5,1
186,3,0.8046875,0.21484375,0.87890625,0.40234375,1,1
186,3,0.890625,0.26953125,0.9375,0.390625,2,1
186,3,0.890625,0.26953125,0.9375,0.390625,5,1
186,4,0.26171875,0.26953125,0.32421875,0.375,2,1
186,4,0.26171875,0.26953125,0.32421875,0.375,5,1
186,4,0.109375,0.3671875,0.1875,0.53515625,1,1
186,4,0.3671875,0.2578125,0.421875,0.34375,2,1
186,4,0.3671875,0.2578125,0.421875,0.34375,5,1
186,4,0.44921875,0.2265625,0.51171875,0.34375,2,1
186,4,0.44921875,0.2265625,0.51171875,0.34375,5,1
186,4,0.56640625,0.21875,0.63671875,0.3125,2,1
186,4,0.56640625,0.21875,0.63671875,0.3125,5,1
186,4,0.66015625,0.2265625,0.71875,0.32421875,2,1
186,4,0.66015625,0.2265625,0.71875,0.32421875,5,1
186,4,0.73046875,0.22265625,0.78515625,0.31640625,2,1
186,4,0.73046875,0.22265625,0.78515625,0.31640625,5,1
186,4,0.79296875,0.2109375,0.88671875,0.39453125,1,1
186,4,0.890625,0.265625,0.9375,0.37890625,2,1
186,4,0.890625,0.265625,0.9375,0.37890625,5,1
186,4,0.12109375,0.26953125,0.18359375,0.37109375,1,1
185,7,0.140625,0.38671875,0.2421875,0.76953125,1,1
185,7,0.140625,0.38671875,0.2421875,0.76953125,3,1
185,7,0.34375,0.3359375,0.546875,0.71875,1,1
185,7,0.34375,0.3359375,0.546875,0.71875,3,1
185,7,0.26171875,0.26171875,0.31640625,0.37109375,2,1
185,7,0.26171875,0.26171875,0.31640625,0.37109375,5,1
185,7,0.35546875,0.2578125,0.4140625,0.3359375,2,1
185,7,0.35546875,0.2578125,0.4140625,0.3359375,5,1
185,7,0.140625,0.328125,0.2421875,0.41796875,1,1
185,7,0.44921875,0.2265625,0.515625,0.3203125,2,1
185,7,0.44921875,0.2265625,0.515625,0.3203125,5,1
185,7,0.578125,0.2109375,0.640625,0.31640625,2,1
185,7,0.578125,0.2109375,0.640625,0.31640625,5,1
185,7,0.66015625,0.21875,0.72265625,0.328125,2,1
185,7,0.66015625,0.21875,0.72265625,0.328125,5,1
185,7,0.78515625,0.26171875,0.88671875,0.4140625,2,1
185,7,0.78515625,0.26171875,0.88671875,0.4140625,5,1
185,7,0.921875,0.30078125,0.9921875,0.56640625,1,1
185,6,0.171875,0.3046875,0.3046875,0.46484375,1,1
185,6,0.11328125,0.35546875,0.2421875,0.75390625,1,1
185,6,0.11328125,0.35546875,0.2421875,0.75390625,3,1
185,6,0.34375,0.3515625,0.51953125,0.7421875,1,1
185,6,0.34375,0.3515625,0.51953125,0.7421875,3,1
185,6,0.3515625,0.25390625,0.41015625,0.3359375,2,1
185,6,0.3515625,0.25390625,0.41015625,0.3359375,5,1
185,6,0.4765625,0.234375,0.515625,0.31640625,2,1
185,6,0.4765625,0.234375,0.515625,0.31640625,5,1
185,6,0.5703125,0.23046875,0.6328125,0.33203125,2,1
185,6,0.5703125,0.23046875,0.6328125,0.33203125,5,1
185,6,0.65625,0.2265625,0.73046875,0.3359375,2,1
185,6,0.65625,0.2265625,0.73046875,0.3359375,5,1
185,6,0.7890625,0.265625,0.87890625,0.40625,2,1
185,6,0.7890625,0.265625,0.87890625,0.40625,5,1
185,6,0.9140625,0.3671875,0.9921875,0.55078125,2,1
185,6,0.8828125,0.22265625,0.93359375,0.30859375,2,1
185,6,0.8828125,0.22265625,0.93359375,0.30859375,5,1
183,6,0.234375,0.20703125,0.30078125,0.29296875,1,1
183,6,0.203125,0.29296875,0.26953125,0.44921875,1,1
183,6,0.14453125,0.375,0.2265625,0.76953125,1,1
183,6,0.14453125,0.375,0.2265625,0.76953125,3,1
183,6,0.22265625,0.3203125,0.36328125,0.77734375,1,1
183,6,0.22265625,0.3203125,0.36328125,0.77734375,3,1
183,6,0.37109375,0.32421875,0.5625,0.640625,1,1
183,6,0.546875,0.29296875,0.66015625,0.7265625,1,1
183,6,0.546875,0.29296875,0.66015625,0.7265625,3,1
183,6,0.453125,0.16796875,0.54296875,0.28515625,1,1
183,6,0.05078125,0.42578125,0.15234375,0.74609375,1,1
183,6,0.03125,0.3515625,0.1328125,0.46875,1,1
183,6,0.0078125,0.40625,0.0625,0.78125,1,1
183,6,0.61328125,0.20703125,0.68359375,0.3125,2,1
183,6,0.61328125,0.20703125,0.68359375,0.3125,5,1
183,6,0.71484375,0.21875,0.7734375,0.421875,1,1
183,6,0.796875,0.22265625,0.85546875,0.32421875,2,1
183,6,0.796875,0.22265625,0.85546875,0.32421875,5,1
183,6,0.86328125,0.22265625,0.921875,0.3125,2,1
183,6,0.86328125,0.22265625,0.921875,0.3125,5,1
184,5,0.47265625,0.1640625,0.515625,0.3359375,1,1
184,5,0.19921875,0.2734375,0.32421875,0.50390625,1,1
184,5,0.03125,0.40625,0.17578125,0.7421875,1,1
184,5,0.03125,0.40625,0.17578125,0.7421875,3,1
184,5,0.07421875,0.30078125,0.1640625,0.4375,1,1
184,5,0.07421875,0.30078125,0.1640625,0.4375,4,1
184,5,0.1640625,0.25,0.2109375,0.44921875,1,1
184,5,0.234375,0.20703125,0.31640625,0.27734375,1,1
184,5,0.7109375,0.22265625,0.7734375,0.33203125,2,1
184,5,0.7109375,0.22265625,0.7734375,0.33203125,5,1
184,5,0.7890625,0.21875,0.8359375,0.3359375,2,1
184,5,0.7890625,0.21875,0.8359375,0.3359375,5,1
184,5,0.8828125,0.24609375,0.94921875,0.33984375,2,1
184,5,0.8828125,0.24609375,0.94921875,0.33984375,5,1
184,5,0.3515625,0.25,0.42578125,0.34765625,2,1
184,5,0.3515625,0.25,0.42578125,0.34765625,5,1
184,4,0.47265625,0.1796875,0.515625,0.328125,1,1
184,4,0.33984375,0.2578125,0.421875,0.35546875,2,1
184,4,0.33984375,0.2578125,0.421875,0.35546875,5,1
184,4,0.046875,0.41015625,0.17578125,0.73828125,1,1
184,4,0.046875,0.41015625,0.17578125,0.73828125,3,1
184,4,0.203125,0.26171875,0.3125,0.5234375,1,1
184,4,0.1640625,0.26953125,0.2109375,0.46875,1,1
184,4,0.078125,0.30078125,0.16015625,0.4375,1,1
184,4,0.078125,0.30078125,0.16015625,0.4375,4,1
184,4,0.2109375,0.21484375,0.31640625,0.2890625,1,1
184,4,0.71875,0.23046875,0.79296875,0.33203125,2,1
184,4,0.71875,0.23046875,0.79296875,0.33203125,5,1
184,4,0.796875,0.21875,0.85546875,0.31640625,2,1
184,4,0.796875,0.21875,0.85546875,0.31640625,5,1
184,4,0.87890625,0.24609375,0.95703125,0.34765625,2,1
184,4,0.87890625,0.24609375,0.95703125,0.34765625,5,1
185,5,0.15234375,0.40234375,0.234375,0.75390625,1,1
185,5,0.15234375,0.40234375,0.234375,0.75390625,3,1
185,5,0.15625,0.33203125,0.26171875,0.48046875,1,1
185,5,0.2421875,0.28125,0.35546875,0.48046875,1,1
185,5,0.36328125,0.3203125,0.51953125,0.81640625,1,1
185,5,0.36328125,0.3203125,0.51953125,0.81640625,3,1
185,5,0.3671875,0.23828125,0.4140625,0.32421875,2,1
185,5,0.3671875,0.23828125,0.4140625,0.32421875,5,1
185,5,0.4609375,0.21875,0.51171875,0.32421875,2,1
185,5,0.4609375,0.21875,0.51171875,0.32421875,5,1
185,5,0.578125,0.23046875,0.6328125,0.31640625,2,1
185,5,0.578125,0.23046875,0.6328125,0.31640625,5,1
185,5,0.6640625,0.22265625,0.71484375,0.33203125,2,1
185,5,0.6640625,0.22265625,0.71484375,0.33203125,5,1
185,5,0.78515625,0.25390625,0.875,0.40625,2,1
185,5,0.78515625,0.25390625,0.875,0.40625,5,1
185,5,0.8828125,0.2109375,0.9296875,0.28515625,1,1
185,5,0.93359375,0.3046875,0.9921875,0.56640625,1,1
183,7,0.234375,0.19921875,0.3046875,0.29296875,1,1
183,7,0.4375,0.15625,0.51171875,0.30078125,1,1
183,7,0.37890625,0.25,0.49609375,0.3671875,2,1
183,7,0.55078125,0.29296875,0.64453125,0.75390625,1,1
183,7,0.62109375,0.1953125,0.66796875,0.296875,2,1
183,7,0.62109375,0.1953125,0.66796875,0.296875,5,1
183,7,0.70703125,0.1953125,0.765625,0.421875,1,1
183,7,0.79296875,0.21875,0.8515625,0.3125,2,1
183,7,0.79296875,0.21875,0.8515625,0.3125,5,1
183,7,0.8828125,0.2265625,0.9296875,0.33984375,2,1
183,7,0.8828125,0.2265625,0.9296875,0.33984375,5,1
183,7,0.2265625,0.34765625,0.35546875,0.7265625,1,1
183,7,0.2265625,0.34765625,0.35546875,0.7265625,3,1
183,7,0.1484375,0.35546875,0.21484375,0.7421875,1,1
183,7,0.1484375,0.35546875,0.21484375,0.7421875,3,1
184,2,0.19921875,0.26953125,0.3125,0.51953125,1,1
184,2,0.03515625,0.41015625,0.1796875,0.703125,1,1
184,2,0.0625,0.3046875,0.17578125,0.45703125,1,1
184,2,0.0625,0.3046875,0.17578125,0.45703125,4,1
184,2,0.15625,0.25390625,0.21875,0.45703125,1,1
184,2,0.2265625,0.18359375,0.31640625,0.28125,1,1
184,2,0.46875,0.16015625,0.515625,0.32421875,1,1
184,2,0.35546875,0.26953125,0.43359375,0.35546875,2,1
184,2,0.35546875,0.26953125,0.43359375,0.35546875,5,1
184,2,0.7109375,0.2109375,0.7890625,0.31640625,2,1
184,2,0.7109375,0.2109375,0.7890625,0.31640625,5,1
184,2,0.79296875,0.22265625,0.85546875,0.32421875,2,1
184,2,0.79296875,0.22265625,0.85546875,0.32421875,5,1
184,2,0.87109375,0.22265625,0.91015625,0.33984375,2,1
184,2,0.87109375,0.22265625,0.91015625,0.33984375,5,1
184,3,0.47265625,0.1796875,0.51171875,0.328125,1,1
184,3,0.19921875,0.25390625,0.3203125,0.55859375,1,1
184,3,0.01953125,0.421875,0.171875,0.69921875,1,1
184,3,0.08203125,0.2734375,0.1640625,0.4375,1,1
184,3,0.08203125,0.2734375,0.1640625,0.4375,4,1
184,3,0.16015625,0.23828125,0.22265625,0.4375,1,1
184,3,0.2265625,0.203125,0.3125,0.28515625,1,1
184,3,0.72265625,0.21484375,0.77734375,0.31640625,2,1
184,3,0.72265625,0.21484375,0.77734375,0.31640625,5,1
184,3,0.79296875,0.20703125,0.8359375,0.3203125,2,1
184,3,0.79296875,0.20703125,0.8359375,0.3203125,5,1
184,3,0.87890625,0.2421875,0.9375,0.3203125,2,1
184,3,0.87890625,0.2421875,0.9375,0.3203125,5,1
185,2,0.140625,0.390625,0.23046875,0.75,1,1
185,2,0.140625,0.390625,0.23046875,0.75,3,1
185,2,0.16796875,0.34375,0.328125,0.55078125,1,1
185,2,0.390625,0.25390625,0.58203125,0.3984375,1,1
185,2,0.26953125,0.25390625,0.35546875,0.359375,2,1
185,2,0.26953125,0.25390625,0.35546875,0.359375,5,1
185,2,0.58203125,0.19921875,0.6328125,0.32421875,2,1
185,2,0.58203125,0.19921875,0.6328125,0.32421875,5,1
185,2,0.66015625,0.1953125,0.7265625,0.3125,2,1
185,2,0.66015625,0.1953125,0.7265625,0.3125,5,1
185,2,0.78515625,0.2578125,0.875,0.40234375,2,1
185,2,0.78515625,0.2578125,0.875,0.40234375,5,1
185,2,0.91015625,0.30859375,0.9921875,0.515625,1,1
185,2,0.76953125,0.21875,0.859375,0.2890625,2,1
185,2,0.76953125,0.21875,0.859375,0.2890625,5,1
185,3,0.14453125,0.40234375,0.2265625,0.75390625,1,1
185,3,0.14453125,0.40234375,0.2265625,0.75390625,3,1
185,3,0.17578125,0.34765625,0.3203125,0.49609375,1,1
185,3,0.34375,0.34765625,0.5234375,0.73046875,1,1
185,3,0.34375,0.34765625,0.5234375,0.73046875,3,1
185,3,0.3203125,0.234375,0.4921875,0.375,1,1
185,3,0.57421875,0.2265625,0.6328125,0.328125,2,1
185,3,0.57421875,0.2265625,0.6328125,0.328125,5,1
185,3,0.65625,0.2109375,0.71875,0.328125,2,1
185,3,0.65625,0.2109375,0.71875,0.328125,5,1
185,3,0.78125,0.234375,0.87890625,0.3984375,2,1
185,3,0.78125,0.234375,0.87890625,0.3984375,5,1
185,3,0.9296875,0.33203125,0.9921875,0.55078125,1,1
185,4,0.140625,0.40234375,0.2265625,0.74609375,1,1
185,4,0.140625,0.40234375,0.2265625,0.74609375,3,1
185,4,0.16015625,0.34375,0.265625,0.5,1,1
185,4,0.25390625,0.29296875,0.421875,0.4453125,1,1
185,4,0.3359375,0.33984375,0.54296875,0.734375,1,1
185,4,0.3359375,0.33984375,0.54296875,0.734375,3,1
185,4,0.4609375,0.2421875,0.51953125,0.3203125,2,1
185,4,0.4609375,0.2421875,0.51953125,0.3203125,5,1
185,4,0.56640625,0.21875,0.62890625,0.31640625,2,1
185,4,0.56640625,0.21875,0.62890625,0.31640625,5,1
185,4,0.65625,0.21875,0.7109375,0.3203125,2,1
185,4,0.65625,0.21875,0.7109375,0.3203125,5,1
185,4,0.7734375,0.265625,0.875,0.3984375,2,1
185,4,0.7734375,0.265625,0.875,0.3984375,5,1
185,4,0.91796875,0.3046875,0.9921875,0.54296875,1,1
186,5,0.12109375,0.37890625,0.21484375,0.55859375,1,1
186,5,0.12109375,0.28515625,0.17578125,0.3671875,1,1
186,5,0.26171875,0.265625,0.328125,0.36328125,2,1
186,5,0.26171875,0.265625,0.328125,0.36328125,5,1
186,5,0.359375,0.24609375,0.4140625,0.37109375,2,1
186,5,0.359375,0.24609375,0.4140625,0.37109375,5,1
186,5,0.45703125,0.23046875,0.515625,0.3359375,2,1
186,5,0.45703125,0.23046875,0.515625,0.3359375,5,1
186,5,0.57421875,0.2109375,0.640625,0.3359375,2,1
186,5,0.57421875,0.2109375,0.640625,0.3359375,5,1
186,5,0.671875,0.21875,0.71484375,0.32421875,2,1
186,5,0.671875,0.21875,0.71484375,0.32421875,5,1
186,5,0.72265625,0.21484375,0.7734375,0.3125,2,1
186,5,0.72265625,0.21484375,0.7734375,0.3125,5,1
186,5,0.79296875,0.20703125,0.875,0.3984375,1,1
186,5,0.88671875,0.265625,0.93359375,0.39453125,2,1
186,5,0.88671875,0.265625,0.93359375,0.39453125,5,1
186,6,0.125,0.37109375,0.19921875,0.5546875,1,1
186,6,0.13671875,0.26171875,0.1796875,0.35546875,1,1
186,6,0.24609375,0.2421875,0.328125,0.36328125,2,1
186,6,0.24609375,0.2421875,0.328125,0.36328125,5,1
186,6,0.359375,0.24609375,0.4140625,0.34765625,2,1
186,6,0.45703125,0.21875,0.515625,0.33984375,2,1
186,6,0.5703125,0.21484375,0.640625,0.32421875,2,1
186,6,0.5703125,0.21484375,0.640625,0.32421875,5,1
186,6,0.6640625,0.22265625,0.72265625,0.3203125,2,1
186,6,0.6640625,0.22265625,0.72265625,0.3203125,5,1
186,6,0.73046875,0.21875,0.8046875,0.31640625,2,1
186,6,0.73046875,0.21875,0.8046875,0.31640625,5,1
186,6,0.80078125,0.21875,0.890625,0.40234375,1,1
186,6,0.88671875,0.2890625,0.93359375,0.390625,2,1
186,6,0.88671875,0.2890625,0.93359375,0.390625,5,1
186,7,0.10546875,0.36328125,0.19921875,0.56640625,1,1
186,7,0.12890625,0.2734375,0.18359375,0.375,1,1
186,7,0.26171875,0.2734375,0.33203125,0.390625,2,1
186,7,0.26171875,0.2734375,0.33203125,0.390625,5,1
186,7,0.359375,0.24609375,0.421875,0.34765625,2,1
186,7,0.359375,0.24609375,0.421875,0.34765625,5,1
186,7,0.45703125,0.2265625,0.515625,0.34765625,2,1
186,7,0.45703125,0.2265625,0.515625,0.34765625,5,1
186,7,0.578125,0.2265625,0.63671875,0.32421875,2,1
186,7,0.578125,0.2265625,0.63671875,0.32421875,5,1
186,7,0.6640625,0.234375,0.71484375,0.32421875,2,1
186,7,0.6640625,0.234375,0.71484375,0.32421875,5,1
186,7,0.7265625,0.21875,0.7734375,0.3203125,2,1
186,7,0.7265625,0.21875,0.7734375,0.3203125,5,1
186,7,0.796875,0.19921875,0.875,0.41796875,1,1
186,7,0.89453125,0.2578125,0.94921875,0.3984375,2,1
186,7,0.89453125,0.2578125,0.94921875,0.3984375,5,1
187,2,0.26171875,0.28515625,0.3515625,0.4296875,2,1
187,2,0.26171875,0.28515625,0.3515625,0.4296875,5,1
187,2,0.37109375,0.25390625,0.4140625,0.3515625,2,1
187,2,0.37109375,0.25390625,0.4140625,0.3515625,5,1
187,2,0.39453125,0.265625,0.47265625,0.44140625,2,1
187,2,0.39453125,0.265625,0.47265625,0.44140625,5,1
187,2,0.45703125,0.22265625,0.515625,0.3359375,2,1
187,2,0.45703125,0.22265625,0.515625,0.3359375,5,1
187,2,0.5703125,0.26171875,0.6640625,0.4140625,2,1
187,2,0.5703125,0.26171875,0.6640625,0.4140625,5,1
187,2,0.6640625,0.203125,0.7109375,0.3046875,2,1
187,2,0.6640625,0.203125,0.7109375,0.3046875,5,1
187,2,0.6953125,0.23828125,0.7890625,0.41796875,2,1
187,2,0.6953125,0.23828125,0.7890625,0.41796875,5,1
187,2,0.7890625,0.20703125,0.83984375,0.32421875,2,1
187,2,0.7890625,0.20703125,0.83984375,0.32421875,5,1
187,2,0.8671875,0.2265625,0.953125,0.4140625,1,1
187,3,0.25390625,0.3046875,0.36328125,0.4375,2,1
187,3,0.25390625,0.3046875,0.36328125,0.4375,5,1
187,3,0.36328125,0.24609375,0.41015625,0.34375,2,1
187,3,0.36328125,0.24609375,0.41015625,0.34375,5,1
187,3,0.3984375,0.26953125,0.4765625,0.4375,2,1
187,3,0.3984375,0.26953125,0.4765625,0.4375,5,1
187,3,0.46484375,0.2109375,0.51953125,0.33203125,2,1
187,3,0.46484375,0.2109375,0.51953125,0.33203125,5,1
187,3,0.5703125,0.265625,0.66015625,0.40234375,2,1
187,3,0.5703125,0.265625,0.66015625,0.40234375,5,1
187,3,0.66796875,0.20703125,0.703125,0.30859375,2,1
187,3,0.66796875,0.20703125,0.703125,0.30859375,5,1
187,3,0.703125,0.2421875,0.7734375,0.41015625,2,1
187,3,0.703125,0.2421875,0.7734375,0.41015625,5,1
187,3,0.78515625,0.20703125,0.83984375,0.30078125,2,1
187,3,0.87890625,0.24609375,0.94140625,0.40625,2,1
187,4,0.8671875,0.234375,0.94140625,0.3984375,2,1
187,4,0.79296875,0.21484375,0.83984375,0.31640625,2,1
187,4,0.6953125,0.265625,0.7734375,0.40234375,2,1
187,4,0.6953125,0.265625,0.7734375,0.40234375,5,1
187,4,0.56640625,0.27734375,0.66796875,0.39453125,2,1
187,4,0.56640625,0.27734375,0.66796875,0.39453125,5,1
187,4,0.390625,0.265625,0.4765625,0.43359375,2,1
187,4,0.390625,0.265625,0.4765625,0.43359375,5,1
187,4,0.25390625,0.28515625,0.359375,0.44140625,2,1
187,4,0.25390625,0.28515625,0.359375,0.44140625,5,1
187,4,0.46875,0.2265625,0.515625,0.3359375,2,1
187,4,0.46875,0.2265625,0.515625,0.3359375,5,1
187,4,0.58984375,0.21484375,0.640625,0.2890625,2,1
187,4,0.58984375,0.21484375,0.640625,0.2890625,5,1
187,4,0.671875,0.21875,0.72265625,0.30078125,2,1
187,4,0.671875,0.21875,0.72265625,0.30078125,5,1
187,5,0.5703125,0.265625,0.6640625,0.39453125,2,1
187,5,0.5703125,0.265625,0.6640625,0.39453125,5,1
187,5,0.3828125,0.25390625,0.47265625,0.41796875,2,1
187,5,0.3828125,0.25390625,0.47265625,0.41796875,5,1
187,5,0.26171875,0.3203125,0.359375,0.4375,2,1
187,5,0.26171875,0.3203125,0.359375,0.4375,5,1
187,5,0.265625,0.28125,0.34765625,0.36328125,2,1
187,5,0.265625,0.28125,0.34765625,0.36328125,5,1
187,5,0.4609375,0.2265625,0.515625,0.34375,2,1
187,5,0.4609375,0.2265625,0.515625,0.34375,5,1
187,5,0.6640625,0.22265625,0.69921875,0.30078125,2,1
187,5,0.6640625,0.22265625,0.69921875,0.30078125,5,1
187,5,0.70703125,0.23828125,0.77734375,0.4140625,2,1
187,5,0.70703125,0.23828125,0.77734375,0.4140625,5,1
187,5,0.78515625,0.21484375,0.83203125,0.29296875,2,1
187,5,0.78515625,0.21484375,0.83203125,0.29296875,5,1
187,5,0.87109375,0.23046875,0.94140625,0.39453125,1,1
187,6,0.86328125,0.203125,0.94140625,0.390625,2,1
187,6,0.79296875,0.21875,0.83203125,0.30078125,2,1
187,6,0.79296875,0.21875,0.83203125,0.30078125,5,1
187,6,0.6953125,0.265625,0.77734375,0.38671875,2,1
187,6,0.6953125,0.265625,0.77734375,0.38671875,5,1
187,6,0.5625,0.2578125,0.65625,0.41015625,2,1
187,6,0.5625,0.2578125,0.65625,0.41015625,5,1
187,6,0.45703125,0.2265625,0.515625,0.33203125,2,1
187,6,0.45703125,0.2265625,0.515625,0.33203125,5,1
187,6,0.3984375,0.26953125,0.46875,0.42578125,2,1
187,6,0.3984375,0.26953125,0.46875,0.42578125,5,1
187,6,0.26953125,0.30078125,0.359375,0.43359375,2,1
187,6,0.26953125,0.30078125,0.359375,0.43359375,5,1
187,6,0.36328125,0.2578125,0.40234375,0.34375,2,1
187,6,0.36328125,0.2578125,0.40234375,0.34375,5,1
187,6,0.6640625,0.21875,0.70703125,0.3203125,2,1
187,6,0.6640625,0.21875,0.70703125,0.3203125,5,1
187,7,0.2734375,0.29296875,0.359375,0.4296875,2,1
187,7,0.2734375,0.29296875,0.359375,0.4296875,5,1
187,7,0.35546875,0.24609375,0.40234375,0.33203125,2,1
187,7,0.35546875,0.24609375,0.40234375,0.33203125,5,1
187,7,0.390625,0.26953125,0.47265625,0.43359375,2,1
187,7,0.390625,0.26953125,0.47265625,0.43359375,5,1
187,7,0.45703125,0.21875,0.51171875,0.33203125,2,1
187,7,0.45703125,0.21875,0.51171875,0.33203125,5,1
187,7,0.57421875,0.2734375,0.65234375,0.41015625,2,1
187,7,0.57421875,0.2734375,0.65234375,0.41015625,5,1
187,7,0.65234375,0.2109375,0.703125,0.29296875,2,1
187,7,0.65234375,0.2109375,0.703125,0.29296875,5,1
187,7,0.6953125,0.2421875,0.77734375,0.40234375,2,1
187,7,0.6953125,0.2421875,0.77734375,0.40234375,5,1
187,7,0.7890625,0.21875,0.8359375,0.30859375,2,1
187,7,0.7890625,0.21875,0.8359375,0.30859375,5,1
187,7,0.85546875,0.20703125,0.94140625,0.3984375,2,1
187,7,0.85546875,0.20703125,0.94140625,0.3984375,5,1
188,2,0.26953125,0.25,0.3359375,0.421875,1,1
188,2,0.13671875,0.265625,0.21875,0.35546875,1,1
188,2,0.3828125,0.24609375,0.50390625,0.4375,2,1
188,2,0.3828125,0.24609375,0.50390625,0.4375,5,1
188,2,0.453125,0.171875,0.51171875,0.296875,1,1
188,2,0.5546875,0.25,0.66796875,0.4140625,2,1
188,2,0.5546875,0.25,0.66796875,0.4140625,5,1
188,2,0.70703125,0.2109375,0.7890625,0.32421875,2,1
188,2,0.70703125,0.2109375,0.7890625,0.32421875,5,1
188,2,0.8203125,0.22265625,0.87890625,0.30859375,2,1
188,2,0.8203125,0.22265625,0.87890625,0.30859375,5,1
188,2,0.90234375,0.1796875,0.9375,0.29296875,1,1
188,2,0.94921875,0.25,0.99609375,0.40234375,1,1
188,3,0.140625,0.25390625,0.23046875,0.37109375,1,1
188,3,0.27734375,0.24609375,0.34375,0.453125,1,1
188,3,0.3671875,0.29296875,0.51171875,0.42578125,2,1
188,3,0.3671875,0.29296875,0.51171875,0.42578125,5,1
188,3,0.44921875,0.17578125,0.50390625,0.2890625,1,1
188,3,0.56640625,0.28515625,0.6640625,0.4296875,2,1
188,3,0.56640625,0.28515625,0.6640625,0.4296875,5,1
188,3,0.71484375,0.21484375,0.78515625,0.328125,2,1
188,3,0.8203125,0.2265625,0.87890625,0.328125,2,1
188,3,0.8203125,0.2265625,0.87890625,0.328125,5,1
188,3,0.8984375,0.1796875,0.9375,0.2890625,1,1
188,3,0.94921875,0.25,0.9921875,0.41796875,1,1
188,4,0.140625,0.23828125,0.2265625,0.37890625,1,1
188,4,0.2734375,0.234375,0.3515625,0.4296875,1,1
188,4,0.37109375,0.296875,0.5078125,0.6171875,2,1
188,4,0.37109375,0.296875,0.5078125,0.6171875,5,1
188,4,0.4375,0.171875,0.50390625,0.28515625,1,1
188,4,0.5703125,0.30078125,0.6640625,0.41796875,2,1
188,4,0.5703125,0.30078125,0.6640625,0.41796875,5,1
188,4,0.55859375,0.21875,0.6484375,0.296875,2,1
188,4,0.55859375,0.21875,0.6484375,0.296875,5,1
188,4,0.703125,0.203125,0.78515625,0.328125,2,1
188,4,0.703125,0.203125,0.78515625,0.328125,5,1
188,4,0.8203125,0.2265625,0.875,0.3203125,2,1
188,4,0.8203125,0.2265625,0.875,0.3203125,5,1
188,4,0.89453125,0.18359375,0.9375,0.2890625,1,1
188,4,0.953125,0.24609375,0.99609375,0.39453125,1,1
189,5,0.171875,0.41796875,0.265625,0.74609375,1,1
189,5,0.171875,0.41796875,0.265625,0.74609375,3,1
189,5,0.09765625,0.41015625,0.16015625,0.6953125,1,1
189,5,0.09375,0.296875,0.14453125,0.40234375,1,1
189,5,0.1640625,0.3359375,0.30859375,0.4609375,1,1
189,5,0.16015625,0.26171875,0.22265625,0.37109375,1,1
189,5,0.23828125,0.21484375,0.29296875,0.3046875,1,1
189,5,0.52734375,0.140625,0.6328125,0.29296875,1,1
189,5,0.625,0.23828125,0.765625,0.40625,1,1
189,5,0.7265625,0.19140625,0.80859375,0.40234375,1,1
189,4,0.53515625,0.14453125,0.640625,0.29296875,1,1
189,4,0.62109375,0.2578125,0.76953125,0.4140625,1,1
189,4,0.16015625,0.328125,0.296875,0.4453125,1,1
189,4,0.09765625,0.38671875,0.1796875,0.72265625,1,1
189,4,0.17578125,0.39453125,0.26953125,0.74609375,1,1
189,4,0.17578125,0.39453125,0.26953125,0.74609375,3,1
189,4,0.10546875,0.28515625,0.15234375,0.3984375,1,1
189,3,0.09765625,0.29296875,0.14453125,0.40234375,1,1
189,3,0.08984375,0.390625,0.171875,0.70703125,1,1
189,3,0.17578125,0.3984375,0.265625,0.7109375,1,1
189,3,0.17578125,0.3984375,0.265625,0.7109375,3,1
189,3,0.1640625,0.3203125,0.3046875,0.48828125,1,1
189,3,0.53515625,0.14453125,0.63671875,0.3203125,1,1
189,3,0.625,0.26171875,0.7890625,0.4296875,1,1
189,3,0.74609375,0.22265625,0.8125,0.4453125,1,1
188,6,0.56640625,0.26953125,0.66015625,0.40234375,2,1
188,6,0.56640625,0.26953125,0.66015625,0.40234375,5,1
188,6,0.38671875,0.26171875,0.5078125,0.4296875,2,1
188,6,0.38671875,0.26171875,0.5078125,0.4296875,5,1
188,6,0.26953125,0.24609375,0.33984375,0.44921875,1,1
188,6,0.1328125,0.2578125,0.2265625,0.3515625,1,1
188,6,0.46484375,0.1796875,0.5,0.2890625,1,1
188,6,0.70703125,0.21875,0.79296875,0.328125,2,1
188,6,0.70703125,0.21875,0.79296875,0.328125,5,1
188,6,0.90625,0.19140625,0.953125,0.3046875,1,1
188,6,0.82421875,0.2265625,0.875,0.3359375,2,1
188,6,0.82421875,0.2265625,0.875,0.3359375,5,1
188,7,0.3671875,0.26171875,0.5078125,0.421875,2,1
188,7,0.3671875,0.26171875,0.5078125,0.421875,5,1
188,7,0.265625,0.234375,0.33984375,0.4375,1,1
188,7,0.140625,0.25,0.2265625,0.3671875,1,1
188,7,0.4609375,0.1640625,0.50390625,0.2734375,1,1
188,7,0.5703125,0.28515625,0.66015625,0.41015625,2,1
188,7,0.5703125,0.28515625,0.66015625,0.41015625,5,1
188,7,0.71484375,0.203125,0.78515625,0.3046875,2,1
188,7,0.71484375,0.203125,0.78515625,0.3046875,5,1
188,7,0.82421875,0.23046875,0.8828125,0.3125,2,1
188,7,0.82421875,0.23046875,0.8828125,0.3125,5,1
188,7,0.8984375,0.171875,0.94140625,0.30078125,1,1
188,7,0.95703125,0.25390625,0.99609375,0.38671875,1,1
189,2,0.17578125,0.40625,0.24609375,0.7421875,1,1
189,2,0.17578125,0.40625,0.24609375,0.7421875,3,1
189,2,0.08203125,0.40234375,0.16796875,0.6953125,1,1
189,2,0.09765625,0.28515625,0.15625,0.40625,1,1
189,2,0.16796875,0.33203125,0.29296875,0.48046875,1,1
189,2,0.23046875,0.21875,0.296875,0.29296875,1,1
189,2,0.53515625,0.16015625,0.6328125,0.296875,1,1
189,2,0.625,0.24609375,0.76953125,0.4375,1,1
189,2,0.7578125,0.22265625,0.8125,0.3984375,1,1
188,5,0.13671875,0.25390625,0.21875,0.375,1,1
188,5,0.38671875,0.26171875,0.51171875,0.4296875,2,1
188,5,0.38671875,0.26171875,0.51171875,0.4296875,5,1
188,5,0.453125,0.171875,0.50390625,0.296875,1,1
188,5,0.56640625,0.27734375,0.66015625,0.41015625,2,1
188,5,0.56640625,0.27734375,0.66015625,0.41015625,5,1
188,5,0.703125,0.22265625,0.77734375,0.31640625,2,1
188,5,0.703125,0.22265625,0.77734375,0.31640625,5,1
188,5,0.8203125,0.21484375,0.89453125,0.33203125,2,1
188,5,0.8203125,0.21484375,0.89453125,0.33203125,5,1
188,5,0.8984375,0.1875,0.94140625,0.3046875,1,1
188,5,0.953125,0.2421875,0.9921875,0.40234375,1,1
189,6,0.0859375,0.3984375,0.16015625,0.7109375,1,1
189,6,0.171875,0.4140625,0.265625,0.76953125,1,1
189,6,0.171875,0.4140625,0.265625,0.76953125,3,1
189,6,0.16015625,0.33203125,0.28125,0.44921875,1,1
189,6,0.1015625,0.28125,0.1484375,0.359375,1,1
189,6,0.53515625,0.1328125,0.63671875,0.296875,1,1
189,6,0.62109375,0.24609375,0.7734375,0.43359375,1,1
189,6,0.75390625,0.20703125,0.80078125,0.421875,1,1
189,7,0.75,0.22265625,0.80859375,0.4140625,1,1
189,7,0.62109375,0.234375,0.7734375,0.4375,1,1
189,7,0.53515625,0.14453125,0.62890625,0.296875,1,1
189,7,0.23046875,0.20703125,0.296875,0.2890625,1,1
189,7,0.1015625,0.37890625,0.1640625,0.74609375,1,1
189,7,0.171875,0.40625,0.26953125,0.765625,1,1
189,7,0.171875,0.40625,0.26953125,0.765625,3,1
189,7,0.140625,0.3125,0.265625,0.44140625,1,1
190,2,0.046875,0.32421875,0.13671875,0.48046875,1,1
190,2,0.2578125,0.2265625,0.32421875,0.30859375,1,1
190,2,0.65625,0.25390625,0.7734375,0.3984375,2,1
190,2,0.65625,0.25390625,0.7734375,0.3984375,5,1
190,2,0.80078125,0.27734375,0.875,0.39453125,2,1
190,2,0.80078125,0.27734375,0.875,0.39453125,5,1
190,2,0.80078125,0.21484375,0.84375,0.28125,2,1
190,2,0.80078125,0.21484375,0.84375,0.28125,5,1
190,3,0.0234375,0.34375,0.1328125,0.48046875,1,1
190,3,0.66796875,0.25,0.78125,0.40234375,2,1
190,3,0.66796875,0.25,0.78125,0.40234375,5,1
190,3,0.7890625,0.29296875,0.87109375,0.39453125,2,1
190,3,0.7890625,0.29296875,0.87109375,0.39453125,5,1
190,3,0.796875,0.22265625,0.85546875,0.2890625,2,1
190,3,0.796875,0.22265625,0.85546875,0.2890625,5,1
190,4,0.671875,0.265625,0.77734375,0.390625,2,1
190,4,0.671875,0.265625,0.77734375,0.390625,5,1
190,4,0.03125,0.33203125,0.1328125,0.484375,1,1
190,4,0.2578125,0.21875,0.328125,0.30078125,1,1
190,4,0.78125,0.30078125,0.875,0.3828125,2,1
190,4,0.78125,0.30078125,0.875,0.3828125,5,1
190,4,0.79296875,0.234375,0.86328125,0.2890625,2,1
190,4,0.79296875,0.234375,0.86328125,0.2890625,5,1
190,5,0.78125,0.22265625,0.859375,0.3046875,2,1
190,5,0.78125,0.22265625,0.859375,0.3046875,5,1
190,5,0.78125,0.296875,0.87890625,0.39453125,2,1
190,5,0.66796875,0.25,0.7734375,0.40625,2,1
190,5,0.66796875,0.25,0.7734375,0.40625,5,1
190,5,0.0234375,0.3359375,0.12890625,0.46484375,1,1
190,5,0.25390625,0.21875,0.3203125,0.26953125,1,1
190,6,0.0234375,0.3359375,0.125,0.46875,1,1
190,6,0.6640625,0.265625,0.7734375,0.39453125,2,1
190,6,0.6640625,0.265625,0.7734375,0.39453125,5,1
190,6,0.79296875,0.29296875,0.87890625,0.39453125,2,1
190,6,0.79296875,0.29296875,0.87890625,0.39453125,5,1
190,7,0.6640625,0.25390625,0.77734375,0.40234375,2,1
190,7,0.6640625,0.25390625,0.77734375,0.40234375,5,1
190,7,0.7890625,0.28125,0.87109375,0.390625,2,1
190,7,0.7890625,0.28125,0.87109375,0.390625,5,1
190,7,0.03515625,0.34765625,0.13671875,0.46484375,1,1
191,2,0.109375,0.26953125,0.19921875,0.4296875,1,1
191,2,0.109375,0.26953125,0.19921875,0.4296875,4,1
191,2,0.37109375,0.25,0.55078125,0.43359375,1,1
191,2,0.75390625,0.25,0.828125,0.39453125,2,1
191,2,0.75390625,0.25,0.828125,0.39453125,5,1
191,3,0.453125,0.26953125,0.61328125,0.4375,1,1
191,3,0.75,0.265625,0.828125,0.3828125,2,1
191,3,0.75,0.265625,0.828125,0.3828125,5,1
191,3,0.109375,0.2734375,0.1640625,0.421875,1,1
191,3,0.109375,0.2734375,0.1640625,0.421875,4,1
191,3,0.16015625,0.2734375,0.19921875,0.37890625,1,1
191,3,0.16015625,0.2734375,0.19921875,0.37890625,4,1
191,4,0.1171875,0.265625,0.19921875,0.4140625,1,1
191,4,0.1171875,0.265625,0.19921875,0.4140625,4,1
191,4,0.24609375,0.19140625,0.3203125,0.30859375,1,1
191,4,0.53515625,0.2265625,0.67578125,0.421875,1,1
191,4,0.74609375,0.2421875,0.82421875,0.3984375,2,1
191,4,0.74609375,0.2421875,0.82421875,0.3984375,5,1
191,5,0.5625,0.25390625,0.7421875,0.4453125,1,1
191,5,0.76171875,0.2421875,0.828125,0.37890625,2,1
191,5,0.76171875,0.2421875,0.828125,0.37890625,5,1
191,5,0.12109375,0.28515625,0.1640625,0.421875,1,1
191,5,0.12109375,0.28515625,0.1640625,0.421875,4,1
191,5,0.15234375,0.24609375,0.203125,0.41015625,1,1
191,5,0.15234375,0.24609375,0.203125,0.41015625,4,1
191,6,0.10546875,0.2890625,0.1640625,0.4296875,1,1
191,6,0.10546875,0.2890625,0.1640625,0.4296875,4,1
191,6,0.1484375,0.25390625,0.19921875,0.3984375,1,1
191,6,0.1484375,0.25390625,0.19921875,0.3984375,3,1
191,6,0.24609375,0.203125,0.32421875,0.2890625,1,1
191,6,0.63671875,0.23828125,0.78125,0.421875,1,1
191,6,0.76953125,0.2578125,0.8203125,0.39453125,2,1
191,6,0.76953125,0.2578125,0.8203125,0.39453125,5,1
191,7,0.6953125,0.25,0.83203125,0.421875,1,1
191,7,0.11328125,0.2890625,0.1640625,0.421875,1,1
191,7,0.11328125,0.2890625,0.1640625,0.421875,4,1
191,7,0.15625,0.26953125,0.21484375,0.40234375,1,1
191,7,0.15625,0.26953125,0.21484375,0.40234375,4,1
192,2,0.24609375,0.20703125,0.31640625,0.28125,1,1
192,2,0.453125,0.234375,0.515625,0.34765625,2,1
192,2,0.453125,0.234375,0.515625,0.34765625,5,1
192,2,0.5703125,0.25,0.66796875,0.40234375,2,1
192,2,0.5703125,0.25,0.66796875,0.40234375,5,1
192,2,0.76171875,0.23828125,0.828125,0.3828125,2,1
192,2,0.76171875,0.23828125,0.828125,0.3828125,5,1
192,2,0.83984375,0.32421875,0.90234375,0.65625,1,1
192,2,0.83984375,0.32421875,0.90234375,0.65625,3,1
192,3,0.73828125,0.2421875,0.828125,0.38671875,2,1
192,3,0.73828125,0.2421875,0.828125,0.38671875,5,1
192,3,0.5703125,0.25390625,0.6796875,0.39453125,2,1
192,3,0.5703125,0.25390625,0.6796875,0.39453125,5,1
192,3,0.4609375,0.20703125,0.515625,0.34375,2,1
192,3,0.4609375,0.20703125,0.515625,0.34375,5,1
192,3,0.83984375,0.3125,0.92578125,0.62109375,1,1
192,3,0.24609375,0.20703125,0.32421875,0.30078125,1,1
192,4,0.24609375,0.203125,0.328125,0.3046875,1,1
192,4,0.453125,0.234375,0.515625,0.35546875,2,1
192,4,0.453125,0.234375,0.515625,0.35546875,5,1
192,4,0.5625,0.26171875,0.6640625,0.4140625,2,1
192,4,0.7578125,0.24609375,0.83203125,0.39453125,2,1
192,4,0.7578125,0.24609375,0.83203125,0.39453125,5,1
192,4,0.8359375,0.328125,0.91796875,0.61328125,1,1
192,5,0.8359375,0.3046875,0.92578125,0.609375,1,1
192,5,0.75390625,0.24609375,0.8359375,0.3984375,2,1
192,5,0.75390625,0.24609375,0.8359375,0.3984375,5,1
192,5,0.56640625,0.25390625,0.66796875,0.3984375,2,1
192,5,0.56640625,0.25390625,0.66796875,0.3984375,5,1
192,5,0.4609375,0.23828125,0.515625,0.35546875,2,1
192,5,0.4609375,0.23828125,0.515625,0.35546875,5,1
192,5,0.23046875,0.1953125,0.3203125,0.30859375,1,1
192,6,0.2421875,0.20703125,0.31640625,0.30078125,1,1
192,6,0.4609375,0.22265625,0.5078125,0.34765625,2,1
192,6,0.4609375,0.22265625,0.5078125,0.34765625,5,1
192,6,0.56640625,0.25390625,0.6640625,0.40234375,2,1
192,6,0.56640625,0.25390625,0.6640625,0.40234375,5,1
192,6,0.75,0.24609375,0.8203125,0.37890625,2,1
192,6,0.75,0.24609375,0.8203125,0.37890625,5,1
192,6,0.8359375,0.32421875,0.9296875,0.609375,1,1
192,7,0.8359375,0.3125,0.92578125,0.60546875,1,1
192,7,0.75390625,0.2578125,0.82421875,0.390625,2,1
192,7,0.75390625,0.2578125,0.82421875,0.390625,5,1
192,7,0.56640625,0.24609375,0.671875,0.40234375,2,1
192,7,0.46484375,0.21875,0.515625,0.3359375,2,1
192,7,0.24609375,0.1953125,0.31640625,0.30078125,1,1
193,2,0.28125,0.3125,0.3671875,0.4296875,2,1
193,2,0.28125,0.3125,0.3671875,0.4296875,5,1
193,2,0.51171875,0.3203125,0.6328125,0.73046875,1,1
193,2,0.51171875,0.3203125,0.6328125,0.73046875,3,1
193,2,0.90234375,0.29296875,0.99609375,0.5234375,1,1
193,2,0.4609375,0.23828125,0.51953125,0.328125,2,1
193,2,0.4609375,0.23828125,0.51953125,0.328125,5,1
193,2,0.09765625,0.3203125,0.1796875,0.4609375,1,1
193,2,0.09765625,0.3203125,0.1796875,0.4609375,4,1
193,2,0.12890625,0.25,0.22265625,0.37890625,1,1
193,3,0.09375,0.3203125,0.19140625,0.44921875,1,1
193,3,0.09375,0.3203125,0.19140625,0.44921875,4,1
193,3,0.12890625,0.2578125,0.19921875,0.33984375,1,1
193,3,0.28515625,0.3203125,0.359375,0.4375,2,1
193,3,0.46875,0.2421875,0.51953125,0.328125,2,1
193,3,0.50390625,0.34375,0.62109375,0.73828125,1,1
193,3,0.50390625,0.34375,0.62109375,0.73828125,3,1
193,3,0.90234375,0.296875,0.9921875,0.52734375,1,1
193,4,0.45703125,0.234375,0.515625,0.3359375,2,1
193,4,0.45703125,0.234375,0.515625,0.3359375,5,1
193,4,0.2890625,0.328125,0.36328125,0.43359375,2,1
193,4,0.2890625,0.328125,0.36328125,0.43359375,5,1
193,4,0.08984375,0.30859375,0.171875,0.45703125,1,1
193,4,0.08984375,0.30859375,0.171875,0.45703125,4,1
193,4,0.140625,0.2578125,0.2109375,0.33984375,1,1
193,4,0.4921875,0.32421875,0.640625,0.73046875,1,1
193,4,0.4921875,0.32421875,0.640625,0.73046875,3,1
193,4,0.90625,0.32421875,0.98828125,0.5234375,1,1
193,5,0.90625,0.30078125,0.9921875,0.546875,1,1
193,5,0.5,0.3359375,0.625,0.7578125,1,1
193,5,0.5,0.3359375,0.625,0.7578125,3,1
193,5,0.4609375,0.2265625,0.5234375,0.33984375,2,1
193,5,0.4609375,0.2265625,0.5234375,0.33984375,5,1
193,5,0.27734375,0.3125,0.37109375,0.453125,2,1
193,5,0.27734375,0.3125,0.37109375,0.453125,5,1
193,5,0.078125,0.3046875,0.1796875,0.4765625,1,1
193,5,0.078125,0.3046875,0.1796875,0.4765625,4,1
193,5,0.1328125,0.25,0.20703125,0.3671875,1,1
193,5,0.1328125,0.25,0.20703125,0.3671875,4,1
193,6,0.09765625,0.3203125,0.1796875,0.46484375,1,1
193,6,0.09765625,0.3203125,0.1796875,0.46484375,4,1
193,6,0.2890625,0.3046875,0.3515625,0.4375,2,1
193,6,0.2890625,0.3046875,0.3515625,0.4375,5,1
193,6,0.46484375,0.23046875,0.515625,0.3359375,2,1
193,6,0.46484375,0.23046875,0.515625,0.3359375,5,1
193,6,0.50390625,0.33984375,0.625,0.6953125,1,1
193,6,0.50390625,0.33984375,0.625,0.6953125,3,1
193,6,0.90625,0.31640625,0.9921875,0.53515625,1,1
193,7,0.50390625,0.3359375,0.6171875,0.74609375,1,1
193,7,0.50390625,0.3359375,0.6171875,0.74609375,3,1
193,7,0.90234375,0.3125,0.9921875,0.53515625,1,1
193,7,0.453125,0.2421875,0.515625,0.32421875,5,1
193,7,0.453125,0.2421875,0.515625,0.32421875,2,1
193,7,0.28515625,0.30859375,0.3671875,0.4375,2,1
193,7,0.28515625,0.30859375,0.3671875,0.4375,5,1
193,7,0.22265625,0.23828125,0.30859375,0.31640625,1,1
193,7,0.08984375,0.30078125,0.17578125,0.453125,1,1
193,7,0.08984375,0.30078125,0.17578125,0.453125,4,1
200,7,0.015625,0.234375,0.07421875,0.59765625,1,1
200,7,0.015625,0.234375,0.07421875,0.59765625,3,1
200,7,0.05078125,0.203125,0.12890625,0.625,1,1
200,7,0.05078125,0.203125,0.12890625,0.625,3,1
200,7,0.1484375,0.16796875,0.2265625,0.60546875,1,1
200,7,0.1484375,0.16796875,0.2265625,0.60546875,3,1
200,7,0.2421875,0.15625,0.32421875,0.640625,1,1
200,7,0.2421875,0.15625,0.32421875,0.640625,3,1
200,7,0.34375,0.16796875,0.46484375,0.640625,1,1
200,7,0.34375,0.16796875,0.46484375,0.640625,3,1
200,7,0.4453125,0.14453125,0.61328125,0.57421875,1,1
200,7,0.4453125,0.14453125,0.61328125,0.57421875,3,1
200,7,0.58984375,0.14453125,0.71484375,0.62109375,1,1
200,7,0.58984375,0.14453125,0.71484375,0.62109375,3,1
200,7,0.546875,0.0234375,0.6171875,0.2109375,1,1
200,7,0.23046875,0.03515625,0.296875,0.1484375,1,1
200,7,0.1171875,0.1328125,0.19921875,0.23828125,1,1
200,7,0.03515625,0.11328125,0.11328125,0.21875,1,1
200,7,0.33984375,0.09375,0.41796875,0.19921875,2,1
200,7,0.83984375,0.19140625,0.98828125,0.484375,1,1
200,6,0.84375,0.19140625,0.9921875,0.48046875,1,1
200,6,0.578125,0.14453125,0.70703125,0.55078125,1,1
200,6,0.578125,0.14453125,0.70703125,0.55078125,3,1
200,6,0.44921875,0.16796875,0.59765625,0.59765625,1,1
200,6,0.44921875,0.16796875,0.59765625,0.59765625,3,1
200,6,0.33984375,0.18359375,0.4765625,0.57421875,1,1
200,6,0.33984375,0.18359375,0.4765625,0.57421875,3,1
200,6,0.25390625,0.1875,0.33203125,0.62109375,1,1
200,6,0.25390625,0.1875,0.33203125,0.62109375,3,1
200,6,0.15234375,0.21484375,0.23828125,0.60546875,1,1
200,6,0.15234375,0.21484375,0.23828125,0.60546875,3,1
200,6,0.08203125,0.20703125,0.15625,0.61328125,1,1
200,6,0.08203125,0.20703125,0.15625,0.61328125,3,1
200,6,0.01953125,0.21484375,0.125,0.62109375,1,1
200,6,0.01953125,0.21484375,0.125,0.62109375,3,1
200,6,0.23046875,0.03125,0.30078125,0.1484375,1,1
200,6,0.49609375,0.05859375,0.5625,0.2109375,2,1
200,6,0.49609375,0.05859375,0.5625,0.2109375,5,1
200,6,0.5546875,0.00390625,0.62890625,0.21484375,1,1
200,5,0.546875,0.0078125,0.6171875,0.234375,1,1
200,5,0.4921875,0.06640625,0.5546875,0.234375,2,1
200,5,0.4921875,0.06640625,0.5546875,0.234375,5,1
200,5,0.3359375,0.1796875,0.46875,0.5625,1,1
200,5,0.33984375,0.08984375,0.42578125,0.19921875,2,1
200,5,0.33984375,0.08984375,0.42578125,0.19921875,5,1
200,5,0.21484375,0.01953125,0.3046875,0.14453125,1,1
200,5,0.10546875,0.12109375,0.1875,0.25,1,1
200,5,0.0234375,0.24609375,0.0859375,0.59375,1,1
200,5,0.0234375,0.24609375,0.0859375,0.59375,3,1
200,5,0.09375,0.19921875,0.1875,0.62109375,1,1
200,5,0.09375,0.19921875,0.1875,0.62109375,3,1
200,5,0.15234375,0.19921875,0.2421875,0.61328125,1,1
200,5,0.15234375,0.19921875,0.2421875,0.61328125,3,1
200,5,0.2421875,0.16796875,0.33203125,0.640625,1,1
200,5,0.2421875,0.16796875,0.33203125,0.640625,3,1
200,5,0.44921875,0.14453125,0.59765625,0.578125,1,1
200,5,0.44921875,0.14453125,0.59765625,0.578125,3,1
200,5,0.578125,0.140625,0.72265625,0.6328125,1,1
200,5,0.578125,0.140625,0.72265625,0.6328125,3,1
200,5,0.83984375,0.19140625,0.9921875,0.484375,1,1
200,4,0.54296875,0.03125,0.62109375,0.21875,1,1
200,4,0.49609375,0.06640625,0.54296875,0.21875,2,1
200,4,0.49609375,0.06640625,0.54296875,0.21875,5,1
200,4,0.359375,0.08203125,0.42578125,0.20703125,2,1
200,4,0.359375,0.08203125,0.42578125,0.20703125,5,1
200,4,0.234375,0.04296875,0.29296875,0.13671875,1,1
200,4,0.125,0.1484375,0.18359375,0.24609375,1,1
200,4,0.0234375,0.10546875,0.1328125,0.25,1,1
200,4,0.015625,0.23828125,0.08203125,0.609375,1,1
200,4,0.015625,0.23828125,0.08203125,0.609375,3,1
200,4,0.0546875,0.20703125,0.16015625,0.62109375,1,1
200,4,0.0546875,0.20703125,0.16015625,0.62109375,3,1
200,4,0.15234375,0.20703125,0.24609375,0.6171875,1,1
200,4,0.15234375,0.20703125,0.24609375,0.6171875,3,1
200,4,0.2421875,0.19921875,0.3359375,0.59765625,1,1
200,4,0.2421875,0.19921875,0.3359375,0.59765625,3,1
200,4,0.33984375,0.18359375,0.48828125,0.58984375,1,1
200,4,0.33984375,0.18359375,0.48828125,0.58984375,3,1
200,4,0.45703125,0.1640625,0.6015625,0.59375,1,1
200,4,0.45703125,0.1640625,0.6015625,0.59375,3,1
200,4,0.578125,0.16796875,0.70703125,0.609375,1,1
200,4,0.578125,0.16796875,0.70703125,0.609375,3,1
200,4,0.84765625,0.18359375,0.9921875,0.515625,1,1
200,3,0.55078125,0.03515625,0.625,0.23046875,1,1
200,3,0.49609375,0.06640625,0.55078125,0.23046875,2,1
200,3,0.3515625,0.09375,0.421875,0.20703125,2,1
200,3,0.2265625,0.13671875,0.2890625,0.2265625,2,1
200,3,0.23046875,0.0078125,0.2890625,0.14453125,1,1
200,3,0.11328125,0.1171875,0.1875,0.23046875,1,1
200,3,0.03515625,0.15625,0.1171875,0.26171875,1,1
200,3,0.01171875,0.26171875,0.08984375,0.609375,1,1
200,3,0.01171875,0.26171875,0.08984375,0.609375,3,1
200,3,0.0546875,0.21875,0.1484375,0.609375,1,1
200,3,0.0546875,0.21875,0.1484375,0.609375,3,1
200,3,0.1171875,0.21875,0.21875,0.61328125,1,1
200,3,0.1171875,0.21875,0.21875,0.61328125,3,1
200,3,0.234375,0.16015625,0.3203125,0.62109375,1,1
200,3,0.234375,0.16015625,0.3203125,0.62109375,3,1
200,3,0.33984375,0.18359375,0.47265625,0.63671875,1,1
200,3,0.33984375,0.18359375,0.47265625,0.63671875,3,1
200,3,0.44921875,0.1484375,0.60546875,0.61328125,1,1
200,3,0.44921875,0.1484375,0.60546875,0.61328125,3,1
200,3,0.5859375,0.15234375,0.71875,0.63671875,1,1
200,3,0.5859375,0.15234375,0.71875,0.63671875,3,1
200,3,0.84375,0.19921875,0.984375,0.484375,1,1
200,2,0.5546875,0.0390625,0.6171875,0.24609375,1,1
200,2,0.49609375,0.06640625,0.546875,0.21875,2,1
200,2,0.49609375,0.06640625,0.546875,0.21875,5,1
200,2,0.44921875,0.1640625,0.58984375,0.60546875,1,1
200,2,0.44921875,0.1640625,0.58984375,0.60546875,3,1
200,2,0.34375,0.1796875,0.46484375,0.57421875,1,1
200,2,0.34375,0.1796875,0.46484375,0.57421875,3,1
200,2,0.3359375,0.09375,0.4140625,0.203125,2,1
200,2,0.3359375,0.09375,0.4140625,0.203125,5,1
200,2,0.22265625,0.02734375,0.2890625,0.140625,1,1
200,2,0.1171875,0.13671875,0.1875,0.24609375,1,1
200,2,0.046875,0.1484375,0.12109375,0.25390625,1,1
200,2,0.1171875,0.0859375,0.1875,0.1640625,1,1
200,2,0.234375,0.1796875,0.32421875,0.58203125,1,1
200,2,0.234375,0.1796875,0.32421875,0.58203125,3,1
200,2,0.16015625,0.2109375,0.23046875,0.609375,1,1
200,2,0.16015625,0.2109375,0.23046875,0.609375,3,1
200,2,0.109375,0.20703125,0.15625,0.6328125,1,1
200,2,0.109375,0.20703125,0.15625,0.6328125,3,1
200,2,0.015625,0.24609375,0.0859375,0.61328125,1,1
200,2,0.015625,0.24609375,0.0859375,0.61328125,3,1
200,2,0.5703125,0.16015625,0.7265625,0.5625,1,1
200,2,0.5703125,0.16015625,0.7265625,0.5625,3,1
200,2,0.8359375,0.1875,0.98828125,0.48828125,1,1
199,7,0.3359375,0.10546875,0.41796875,0.2578125,2,1
199,7,0.3359375,0.10546875,0.41796875,0.2578125,5,1
199,7,0.0234375,0.26953125,0.140625,0.6171875,1,1
199,7,0.0234375,0.26953125,0.140625,0.6171875,3,1
199,7,0.03515625,0.171875,0.13671875,0.27734375,1,1
199,7,0.43359375,0.05078125,0.47265625,0.16796875,2,1
199,7,0.43359375,0.05078125,0.47265625,0.16796875,5,1
199,7,0.70703125,0.0703125,0.765625,0.171875,2,1
199,7,0.70703125,0.0703125,0.765625,0.171875,5,1
199,7,0.8203125,0.12109375,0.90234375,0.2734375,2,1
199,6,0.8203125,0.12890625,0.90625,0.25390625,2,1
199,6,0.3515625,0.09375,0.4296875,0.26171875,2,1
199,6,0.4375,0.04296875,0.48046875,0.15234375,2,1
199,6,0.01171875,0.24609375,0.1328125,0.61328125,1,1
199,6,0.01171875,0.24609375,0.1328125,0.61328125,3,1
199,6,0.02734375,0.1640625,0.1484375,0.29296875,1,1
199,6,0.02734375,0.1640625,0.1484375,0.29296875,4,1
199,6,0.7265625,0.08203125,0.78125,0.1640625,2,1
199,5,0.70703125,0.0703125,0.765625,0.1796875,2,1
199,5,0.32421875,0.09765625,0.41796875,0.24609375,2,1
199,5,0.32421875,0.09765625,0.41796875,0.24609375,5,1
199,5,0.42578125,0.05078125,0.4765625,0.171875,2,1
199,5,0.82421875,0.12109375,0.90625,0.2890625,2,1
199,5,0.82421875,0.12109375,0.90625,0.2890625,5,1
199,5,0.01953125,0.25390625,0.1328125,0.58984375,1,1
199,5,0.01953125,0.25390625,0.1328125,0.58984375,3,1
199,5,0.03515625,0.18359375,0.12890625,0.28515625,1,1
199,5,0.03515625,0.18359375,0.12890625,0.28515625,4,1
198,3,0.30078125,0.16015625,0.46875,0.6171875,1,1
198,3,0.30078125,0.16015625,0.46875,0.6171875,3,1
198,3,0.34765625,0.0703125,0.41796875,0.2109375,2,1
198,3,0.34765625,0.0703125,0.41796875,0.2109375,5,1
198,3,0.43359375,0.0078125,0.4765625,0.109375,1,1
198,3,0.5234375,0.0,0.5859375,0.125,1,1
198,3,0.7578125,0.0625,0.83203125,0.1875,1,1
198,3,0.80859375,0.16796875,0.95703125,0.546875,1,1
198,4,0.51953125,0.0,0.59765625,0.11328125,1,1
198,4,0.44140625,0.01171875,0.48046875,0.1171875,1,1
198,4,0.34765625,0.078125,0.4140625,0.2109375,2,1
198,4,0.34765625,0.078125,0.4140625,0.2109375,5,1
198,4,0.30859375,0.140625,0.44921875,0.625,1,1
198,4,0.30859375,0.140625,0.44921875,0.625,3,1
198,4,0.76953125,0.08203125,0.84765625,0.21484375,1,1
198,4,0.80859375,0.19921875,0.98046875,0.50390625,1,1
199,4,0.01953125,0.2421875,0.125,0.64453125,1,1
199,4,0.01953125,0.2421875,0.125,0.64453125,3,1
199,4,0.015625,0.171875,0.13671875,0.29296875,1,1
199,4,0.015625,0.171875,0.13671875,0.29296875,4,1
199,4,0.33203125,0.10546875,0.421875,0.265625,2,1
199,4,0.33203125,0.10546875,0.421875,0.265625,5,1
199,4,0.42578125,0.05078125,0.48046875,0.19140625,2,1
199,4,0.42578125,0.05078125,0.48046875,0.19140625,5,1
199,4,0.70703125,0.0703125,0.765625,0.17578125,2,1
199,4,0.70703125,0.0703125,0.765625,0.17578125,5,1
199,4,0.83203125,0.125,0.91796875,0.2890625,2,1
199,4,0.83203125,0.125,0.91796875,0.2890625,5,1
199,3,0.3125,0.11328125,0.421875,0.23828125,2,1
199,3,0.3125,0.11328125,0.421875,0.23828125,5,1
199,3,0.421875,0.05078125,0.48046875,0.15625,2,1
199,3,0.0234375,0.265625,0.13671875,0.59765625,1,1
199,3,0.0234375,0.265625,0.13671875,0.59765625,3,1
199,3,0.03125,0.17578125,0.12890625,0.29296875,1,1
199,3,0.03125,0.17578125,0.12890625,0.29296875,4,1
199,3,0.70703125,0.0703125,0.765625,0.1640625,2,1
199,3,0.70703125,0.0703125,0.765625,0.1640625,5,1
199,3,0.8125,0.12109375,0.91796875,0.26953125,2,1
199,3,0.8125,0.12109375,0.91796875,0.26953125,5,1
199,2,0.3203125,0.1015625,0.42578125,0.24609375,2,1
199,2,0.3203125,0.1015625,0.42578125,0.24609375,5,1
199,2,0.01171875,0.25,0.1484375,0.62109375,1,1
199,2,0.44140625,0.03515625,0.48046875,0.15234375,2,1
199,2,0.44140625,0.03515625,0.48046875,0.15234375,5,1
199,2,0.0390625,0.17578125,0.1484375,0.29296875,1,1
199,2,0.0390625,0.17578125,0.1484375,0.29296875,4,1
199,2,0.7109375,0.05859375,0.76953125,0.16796875,2,1
199,2,0.7109375,0.05859375,0.76953125,0.16796875,5,1
199,2,0.81640625,0.13671875,0.91015625,0.27734375,2,1
199,2,0.81640625,0.13671875,0.91015625,0.27734375,5,1
198,7,0.3046875,0.15234375,0.453125,0.61328125,1,1
198,7,0.3046875,0.15234375,0.453125,0.61328125,3,1
198,7,0.3515625,0.06640625,0.41796875,0.21875,2,1
198,7,0.3515625,0.06640625,0.41796875,0.21875,5,1
198,7,0.4296875,0.0,0.4765625,0.10546875,1,1
198,7,0.52734375,0.0,0.59375,0.1171875,1,1
198,7,0.77734375,0.0703125,0.84375,0.26171875,1,1
198,7,0.84765625,0.1953125,0.96875,0.515625,1,1
198,7,0.84765625,0.1953125,0.96875,0.515625,3,1
198,6,0.43359375,0.0,0.4765625,0.11328125,1,1
198,6,0.3359375,0.0703125,0.41796875,0.2109375,2,1
198,6,0.3359375,0.0703125,0.41796875,0.2109375,5,1
198,6,0.3046875,0.17578125,0.484375,0.62109375,1,1
198,6,0.3046875,0.17578125,0.484375,0.62109375,3,1
198,6,0.53125,0.00390625,0.60546875,0.1328125,1,1
198,6,0.7890625,0.07421875,0.84375,0.26171875,1,1
198,6,0.84375,0.20703125,0.9765625,0.51953125,1,1
198,6,0.84375,0.20703125,0.9765625,0.51953125,3,1
198,5,0.31640625,0.1640625,0.453125,0.59765625,1,1
198,5,0.31640625,0.1640625,0.453125,0.59765625,3,1
198,5,0.34765625,0.09375,0.41796875,0.22265625,2,1
198,5,0.34765625,0.09375,0.41796875,0.22265625,5,1
198,5,0.4375,0.0,0.48046875,0.11328125,1,1
198,5,0.5234375,0.0078125,0.59375,0.1328125,1,1
198,5,0.765625,0.0546875,0.83984375,0.24609375,1,1
198,5,0.83203125,0.19921875,0.98046875,0.53515625,1,1
198,5,0.83203125,0.19921875,0.98046875,0.53515625,3,1
198,2,0.2890625,0.16015625,0.46484375,0.58203125,1,1
198,2,0.2890625,0.16015625,0.46484375,0.58203125,3,1
198,2,0.34375,0.08203125,0.42578125,0.2109375,2,1
198,2,0.34375,0.08203125,0.42578125,0.2109375,5,1
198,2,0.4296875,0.0078125,0.48046875,0.12109375,1,1
198,2,0.5234375,0.0,0.59375,0.1328125,1,1
198,2,0.76953125,0.06640625,0.84765625,0.21484375,1,1
198,2,0.8046875,0.19921875,0.9453125,0.4453125,1,1
195,2,0.08984375,0.37109375,0.17578125,0.5859375,1,1
195,2,0.10546875,0.28515625,0.21484375,0.39453125,1,1
195,2,0.0,0.4296875,0.0625,0.71875,1,1
195,2,0.0,0.4296875,0.0625,0.71875,3,1
195,2,0.25390625,0.22265625,0.35546875,0.375,1,1
195,2,0.390625,0.24609375,0.4609375,0.4296875,2,1
195,2,0.390625,0.24609375,0.4609375,0.4296875,5,1
195,2,0.46484375,0.22265625,0.51953125,0.3203125,2,1
195,2,0.46484375,0.22265625,0.51953125,0.3203125,5,1
195,2,0.56640625,0.30078125,0.66015625,0.66796875,1,1
195,2,0.47265625,0.3125,0.5546875,0.62890625,1,1
195,2,0.56640625,0.203125,0.6328125,0.2890625,2,1
195,2,0.56640625,0.203125,0.6328125,0.2890625,5,1
195,2,0.74609375,0.296875,0.88671875,0.703125,1,1
195,2,0.74609375,0.296875,0.88671875,0.703125,3,1
195,2,0.8359375,0.2734375,0.98828125,0.62890625,1,1
195,2,0.8359375,0.2734375,0.98828125,0.62890625,3,1
195,2,0.89453125,0.19140625,0.97265625,0.28125,1,1
195,3,0.390625,0.2578125,0.4765625,0.42578125,2,1
195,3,0.390625,0.2578125,0.4765625,0.42578125,5,1
195,3,0.2578125,0.20703125,0.35546875,0.3671875,1,1
195,3,0.09375,0.359375,0.18359375,0.53515625,1,1
195,3,0.0,0.4375,0.0703125,0.7421875,1,1
195,3,0.0,0.4375,0.0703125,0.7421875,3,1
195,3,0.11328125,0.26953125,0.19140625,0.37109375,1,1
195,3,0.46875,0.2265625,0.515625,0.3359375,2,1
195,3,0.46875,0.2265625,0.515625,0.3359375,5,1
195,3,0.5703125,0.31640625,0.65234375,0.63671875,1,1
195,3,0.5390625,0.24609375,0.66796875,0.4296875,1,1
195,3,0.5703125,0.19140625,0.6328125,0.29296875,2,1
195,3,0.5703125,0.19140625,0.6328125,0.29296875,5,1
195,3,0.73828125,0.3046875,0.890625,0.7109375,1,1
195,3,0.73828125,0.3046875,0.890625,0.7109375,3,1
195,3,0.90234375,0.31640625,0.98828125,0.63671875,1,1
195,3,0.90234375,0.31640625,0.98828125,0.63671875,3,1
195,3,0.8984375,0.171875,0.96484375,0.28125,1,1
195,4,0.890625,0.1796875,0.96484375,0.28125,1,1
195,4,0.734375,0.3125,0.88671875,0.70703125,1,1
195,4,0.734375,0.3125,0.88671875,0.70703125,3,1
195,4,0.87109375,0.3203125,0.98828125,0.66796875,1,1
195,4,0.87109375,0.3203125,0.98828125,0.66796875,3,1
195,4,0.5546875,0.3046875,0.65625,0.609375,1,1
195,4,0.640625,0.26953125,0.71875,0.47265625,1,1
195,4,0.5625,0.21875,0.640625,0.30078125,2,1
195,4,0.5625,0.21875,0.640625,0.30078125,5,1
195,4,0.3828125,0.26171875,0.4765625,0.43359375,2,1
195,4,0.3828125,0.26171875,0.4765625,0.43359375,5,1
195,4,0.45703125,0.2109375,0.515625,0.3359375,2,1
195,4,0.45703125,0.2109375,0.515625,0.3359375,5,1
195,4,0.2734375,0.21875,0.35546875,0.37109375,1,1
195,4,0.09765625,0.37109375,0.1796875,0.58203125,1,1
195,4,0.00390625,0.4375,0.06640625,0.7109375,1,1
195,4,0.00390625,0.4375,0.06640625,0.7109375,3,1
195,4,0.09375,0.28125,0.16796875,0.39453125,1,1
195,5,0.10546875,0.296875,0.1640625,0.38671875,1,1
195,5,0.00390625,0.41796875,0.0625,0.72265625,1,1
195,5,0.00390625,0.41796875,0.0625,0.72265625,3,1
195,5,0.10546875,0.37109375,0.2109375,0.59375,1,1
195,5,0.265625,0.21484375,0.3515625,0.3515625,1,1
195,5,0.359375,0.25,0.40625,0.34765625,2,1
195,5,0.359375,0.25,0.40625,0.34765625,5,1
195,5,0.390625,0.265625,0.48828125,0.44921875,2,1
195,5,0.390625,0.265625,0.48828125,0.44921875,5,1
195,5,0.4609375,0.2109375,0.51953125,0.3359375,2,1
195,5,0.4609375,0.2109375,0.51953125,0.3359375,5,1
195,5,0.546875,0.30859375,0.64453125,0.65234375,1,1
195,5,0.5703125,0.2578125,0.75390625,0.546875,1,1
195,5,0.56640625,0.203125,0.64453125,0.2890625,2,1
195,5,0.74609375,0.3203125,0.89453125,0.68359375,1,1
195,5,0.74609375,0.3203125,0.89453125,0.68359375,3,1
195,5,0.91015625,0.3203125,0.984375,0.6328125,1,1
195,5,0.91015625,0.3203125,0.984375,0.6328125,3,1
195,5,0.90234375,0.18359375,0.96484375,0.27734375,1,1
195,6,0.26953125,0.2265625,0.35546875,0.359375,1,1
195,6,0.109375,0.37890625,0.1796875,0.53125,1,1
195,6,0.0,0.41796875,0.07421875,0.70703125,1,1
195,6,0.0,0.41796875,0.07421875,0.70703125,3,1
195,6,0.09765625,0.2890625,0.15625,0.390625,1,1
195,6,0.37890625,0.26171875,0.49609375,0.421875,2,1
195,6,0.37890625,0.26171875,0.49609375,0.421875,5,1
195,6,0.46875,0.21875,0.51953125,0.33984375,2,1
195,6,0.46875,0.21875,0.51953125,0.33984375,5,1
195,6,0.55078125,0.3125,0.6328125,0.67578125,1,1
195,6,0.55078125,0.3125,0.6328125,0.67578125,3,1
195,6,0.57421875,0.203125,0.63671875,0.28515625,2,1
195,6,0.57421875,0.203125,0.63671875,0.28515625,5,1
195,6,0.65234375,0.26953125,0.75,0.51953125,1,1
195,6,0.74609375,0.32421875,0.890625,0.6796875,1,1
195,6,0.74609375,0.32421875,0.890625,0.6796875,3,1
195,6,0.89453125,0.3359375,0.984375,0.63671875,1,1
195,6,0.89453125,0.3359375,0.984375,0.63671875,3,1
195,6,0.8828125,0.1796875,0.96484375,0.28515625,1,1
195,7,0.89453125,0.1796875,0.95703125,0.2890625,1,1
195,7,0.62109375,0.2734375,0.76953125,0.54296875,1,1
195,7,0.54296875,0.30859375,0.62109375,0.7109375,1,1
195,7,0.38671875,0.25390625,0.47265625,0.41015625,2,1
195,7,0.38671875,0.25390625,0.47265625,0.41015625,5,1
195,7,0.26953125,0.21875,0.359375,0.359375,1,1
195,7,0.08984375,0.359375,0.1640625,0.53125,1,1
195,7,0.0078125,0.4296875,0.0703125,0.73828125,1,1
195,7,0.0078125,0.4296875,0.0703125,0.73828125,3,1
195,7,0.46484375,0.22265625,0.51171875,0.33203125,2,1
195,7,0.46484375,0.22265625,0.51171875,0.33203125,5,1
195,7,0.57421875,0.2265625,0.625,0.3046875,2,1
195,7,0.57421875,0.2265625,0.625,0.3046875,5,1
195,7,0.75390625,0.3203125,0.8984375,0.7265625,1,1
195,7,0.75390625,0.3203125,0.8984375,0.7265625,3,1
195,7,0.90234375,0.32421875,0.984375,0.61328125,1,1
195,7,0.90234375,0.32421875,0.984375,0.61328125,3,1
196,2,0.1484375,0.3203125,0.22265625,0.484375,1,1
196,2,0.1484375,0.3203125,0.22265625,0.484375,4,1
196,2,0.01953125,0.4453125,0.08984375,0.70703125,1,1
196,2,0.01953125,0.4453125,0.08984375,0.70703125,3,1
196,2,0.078125,0.29296875,0.14453125,0.4140625,1,1
196,2,0.15625,0.22265625,0.23046875,0.3046875,1,1
196,2,0.25,0.20703125,0.30859375,0.296875,1,1
196,2,0.2734375,0.30078125,0.37109375,0.4375,2,1
196,2,0.390625,0.265625,0.46484375,0.44140625,2,1
196,2,0.44921875,0.171875,0.51171875,0.4375,1,1
196,2,0.5390625,0.25,0.59375,0.421875,2,1
196,2,0.58203125,0.25390625,0.6640625,0.42578125,2,1
196,2,0.578125,0.15625,0.6796875,0.2578125,1,1
196,2,0.69921875,0.21875,0.76953125,0.41796875,1,1
196,2,0.7734375,0.24609375,0.84765625,0.40625,2,1
196,2,0.7734375,0.24609375,0.84765625,0.40625,5,1
196,2,0.86328125,0.26953125,0.9375,0.40234375,2,1
196,2,0.86328125,0.26953125,0.9375,0.40234375,5,1
196,2,0.94140625,0.23046875,0.984375,0.3671875,2,1
196,2,0.94140625,0.23046875,0.984375,0.3671875,5,1
196,3,0.25390625,0.22265625,0.32421875,0.29296875,1,1
196,3,0.15234375,0.31640625,0.23828125,0.48828125,1,1
196,3,0.0703125,0.28125,0.16015625,0.41015625,1,1
196,3,0.03125,0.4375,0.12109375,0.75390625,1,1
196,3,0.03125,0.4375,0.12109375,0.75390625,3,1
196,3,0.26953125,0.3046875,0.36328125,0.44140625,2,1
196,3,0.26953125,0.3046875,0.36328125,0.44140625,5,1
196,3,0.390625,0.25390625,0.453125,0.421875,2,1
196,3,0.390625,0.25390625,0.453125,0.421875,5,1
196,3,0.4453125,0.19140625,0.5078125,0.4453125,1,1
196,3,0.5390625,0.25,0.58984375,0.41796875,2,1
196,3,0.58203125,0.2421875,0.6796875,0.41796875,2,1
196,3,0.58203125,0.2421875,0.6796875,0.41796875,5,1
196,3,0.57421875,0.15234375,0.66796875,0.2421875,1,1
196,3,0.69921875,0.21875,0.7578125,0.41796875,1,1
196,3,0.765625,0.23828125,0.8125,0.3828125,2,1
196,3,0.765625,0.23828125,0.8125,0.3828125,5,1
196,3,0.859375,0.26171875,0.94140625,0.390625,2,1
196,3,0.859375,0.26171875,0.94140625,0.390625,5,1
196,3,0.9375,0.25390625,0.98046875,0.3828125,2,1
196,3,0.9375,0.25390625,0.98046875,0.3828125,5,1
196,4,0.16015625,0.30859375,0.21875,0.46875,1,1
196,4,0.0234375,0.4375,0.08984375,0.71484375,1,1
196,4,0.0234375,0.4375,0.08984375,0.71484375,3,1
196,4,0.12109375,0.28515625,0.1640625,0.43359375,1,1
196,4,0.12109375,0.28515625,0.1640625,0.43359375,4,1
196,4,0.28515625,0.3125,0.359375,0.4375,2,1
196,4,0.28515625,0.3125,0.359375,0.4375,5,1
196,4,0.390625,0.26171875,0.46484375,0.421875,2,1
196,4,0.390625,0.26171875,0.46484375,0.421875,5,1
196,4,0.26171875,0.22265625,0.359375,0.296875,1,1
196,4,0.44921875,0.203125,0.5078125,0.4375,1,1
196,4,0.53125,0.26171875,0.6015625,0.41796875,2,1
196,4,0.53125,0.26171875,0.6015625,0.41796875,5,1
196,4,0.578125,0.234375,0.6796875,0.41796875,2,1
196,4,0.578125,0.15625,0.67578125,0.23828125,1,1
196,4,0.7109375,0.2109375,0.765625,0.3984375,1,1
196,4,0.76171875,0.2578125,0.82421875,0.40234375,2,1
196,4,0.76171875,0.2578125,0.82421875,0.40234375,5,1
196,4,0.859375,0.25390625,0.94140625,0.38671875,2,1
196,4,0.859375,0.25390625,0.94140625,0.38671875,5,1
196,5,0.859375,0.2578125,0.94140625,0.3984375,2,1
196,5,0.859375,0.2578125,0.94140625,0.3984375,5,1
196,5,0.75390625,0.26171875,0.828125,0.39453125,2,1
196,5,0.75390625,0.26171875,0.828125,0.39453125,5,1
196,5,0.6875,0.21484375,0.75390625,0.390625,1,1
196,5,0.5625,0.2421875,0.67578125,0.40625,2,1
196,5,0.5625,0.2421875,0.67578125,0.40625,5,1
196,5,0.53125,0.26953125,0.59375,0.44140625,2,1
196,5,0.53125,0.26953125,0.59375,0.44140625,5,1
196,5,0.5859375,0.1328125,0.6640625,0.234375,1,1
196,5,0.4296875,0.1875,0.51171875,0.4375,1,1
196,5,0.38671875,0.2578125,0.45703125,0.42578125,2,1
196,5,0.38671875,0.2578125,0.45703125,0.42578125,5,1
196,5,0.26953125,0.30859375,0.36328125,0.4375,2,1
196,5,0.26953125,0.30859375,0.36328125,0.4375,5,1
196,5,0.15625,0.3125,0.2265625,0.48828125,1,1
196,5,0.15625,0.3125,0.2265625,0.48828125,4,1
196,5,0.01953125,0.42578125,0.09375,0.70703125,1,1
196,5,0.01953125,0.42578125,0.09375,0.70703125,3,1
196,5,0.16015625,0.2421875,0.23046875,0.30078125,1,1
196,5,0.08984375,0.30078125,0.15625,0.4296875,1,1
196,6,0.26171875,0.1953125,0.3125,0.265625,1,1
196,6,0.16015625,0.30078125,0.23046875,0.51171875,1,1
196,6,0.09765625,0.3125,0.15625,0.48046875,1,1
196,6,0.0234375,0.4296875,0.09375,0.7265625,1,1
196,6,0.27734375,0.30078125,0.3671875,0.4453125,2,1
196,6,0.27734375,0.30078125,0.3671875,0.4453125,5,1
196,6,0.39453125,0.2578125,0.46484375,0.44140625,2,1
196,6,0.39453125,0.2578125,0.46484375,0.44140625,5,1
196,6,0.4375,0.18359375,0.51171875,0.453125,1,1
196,6,0.53515625,0.25,0.59375,0.4140625,2,1
196,6,0.53515625,0.25,0.59375,0.4140625,5,1
196,6,0.59375,0.2421875,0.66796875,0.41796875,2,1
196,6,0.59375,0.2421875,0.66796875,0.41796875,5,1
196,6,0.57421875,0.1328125,0.6640625,0.25,1,1
196,6,0.7109375,0.234375,0.765625,0.40625,1,1
196,6,0.76953125,0.24609375,0.828125,0.42578125,2,1
196,6,0.76953125,0.24609375,0.828125,0.42578125,5,1
196,6,0.86328125,0.26171875,0.953125,0.40234375,2,1
196,6,0.86328125,0.26171875,0.953125,0.40234375,5,1
196,6,0.9375,0.2109375,0.9921875,0.3671875,1,1
196,7,0.2734375,0.30078125,0.36328125,0.421875,2,1
196,7,0.2734375,0.30078125,0.36328125,0.421875,5,1
196,7,0.1640625,0.30859375,0.234375,0.47265625,1,1
196,7,0.09765625,0.34765625,0.1484375,0.4921875,1,1
196,7,0.015625,0.44140625,0.09375,0.703125,1,1
196,7,0.015625,0.44140625,0.09375,0.703125,3,1
196,7,0.15625,0.23828125,0.234375,0.32421875,1,1
196,7,0.08203125,0.28515625,0.15234375,0.3828125,1,1
196,7,0.390625,0.26171875,0.4609375,0.4375,2,1
196,7,0.390625,0.26171875,0.4609375,0.4375,5,1
196,7,0.36328125,0.1875,0.44921875,0.265625,1,1
196,7,0.45703125,0.2109375,0.51171875,0.4453125,1,1
196,7,0.53515625,0.24609375,0.58984375,0.43359375,2,1
196,7,0.53515625,0.24609375,0.58984375,0.43359375,5,1
196,7,0.5859375,0.25390625,0.66796875,0.42578125,2,1
196,7,0.5859375,0.25390625,0.66796875,0.42578125,5,1
196,7,0.57421875,0.1640625,0.66015625,0.26171875,1,1
196,7,0.7109375,0.21875,0.76171875,0.39453125,2,1
196,7,0.7109375,0.21875,0.76171875,0.39453125,5,1
196,7,0.76171875,0.25390625,0.81640625,0.40625,2,1
196,7,0.76171875,0.25390625,0.81640625,0.40625,5,1
196,7,0.82421875,0.234375,0.8671875,0.31640625,2,1
196,7,0.82421875,0.234375,0.8671875,0.31640625,5,1
196,7,0.86328125,0.265625,0.9375,0.3828125,2,1
196,7,0.86328125,0.265625,0.9375,0.3828125,5,1
196,7,0.68359375,0.21875,0.71875,0.30859375,2,1
196,7,0.68359375,0.21875,0.71875,0.30859375,5,1
201,2,0.12890625,0.08984375,0.19140625,0.16796875,1,1
201,2,0.09765625,0.17578125,0.21484375,0.33203125,1,1
201,2,0.015625,0.22265625,0.1015625,0.296875,1,1
201,2,0.015625,0.22265625,0.1015625,0.296875,4,1
201,2,0.03515625,0.2890625,0.09375,0.57421875,1,1
201,2,0.03515625,0.2890625,0.09375,0.57421875,3,1
201,2,0.265625,0.08984375,0.3359375,0.1484375,2,1
201,2,0.265625,0.08984375,0.3359375,0.1484375,5,1
201,2,0.234375,0.21484375,0.3046875,0.546875,1,1
201,2,0.234375,0.21484375,0.3046875,0.546875,3,1
201,2,0.296875,0.17578125,0.3671875,0.53125,1,1
201,2,0.296875,0.17578125,0.3671875,0.53125,3,1
201,2,0.38671875,0.16015625,0.46484375,0.58203125,1,1
201,2,0.38671875,0.16015625,0.46484375,0.58203125,3,1
201,2,0.34765625,0.10546875,0.4140625,0.22265625,2,1
201,2,0.34765625,0.10546875,0.4140625,0.22265625,5,1
201,2,0.49609375,0.0859375,0.55078125,0.234375,2,1
201,2,0.49609375,0.0859375,0.55078125,0.234375,5,1
201,2,0.42578125,0.0625,0.4765625,0.14453125,2,1
201,2,0.42578125,0.0625,0.4765625,0.14453125,5,1
201,2,0.54296875,0.07421875,0.58203125,0.13671875,2,1
201,2,0.54296875,0.07421875,0.58203125,0.13671875,5,1
201,2,0.60546875,0.06640625,0.69140625,0.21875,2,1
201,2,0.60546875,0.06640625,0.69140625,0.21875,5,1
201,2,0.71484375,0.1015625,0.78515625,0.23828125,2,1
201,2,0.71484375,0.1015625,0.78515625,0.23828125,5,1
201,2,0.796875,0.1875,0.9453125,0.515625,1,1
201,2,0.796875,0.1875,0.9453125,0.515625,3,1
201,3,0.04296875,0.28515625,0.09375,0.56640625,1,1
201,3,0.04296875,0.28515625,0.09375,0.56640625,3,1
201,3,0.09765625,0.1640625,0.22265625,0.3359375,1,1
201,3,0.00390625,0.203125,0.109375,0.3046875,1,1
201,3,0.00390625,0.203125,0.109375,0.3046875,4,1
201,3,0.125,0.078125,0.1953125,0.1640625,1,1
201,3,0.234375,0.1953125,0.30078125,0.5625,1,1
201,3,0.234375,0.1953125,0.30078125,0.5625,3,1
201,3,0.3046875,0.1640625,0.37109375,0.53515625,1,1
201,3,0.3046875,0.1640625,0.37109375,0.53515625,3,1
201,3,0.37890625,0.15234375,0.47265625,0.55859375,1,1
201,3,0.37890625,0.15234375,0.47265625,0.55859375,3,1
201,3,0.796875,0.1953125,0.94921875,0.5078125,1,1
201,3,0.796875,0.1953125,0.94921875,0.5078125,3,1
201,3,0.7109375,0.09375,0.7890625,0.24609375,2,1
201,3,0.7109375,0.09375,0.7890625,0.24609375,5,1
201,3,0.6015625,0.06640625,0.6796875,0.21875,2,1
201,3,0.6015625,0.06640625,0.6796875,0.21875,5,1
201,3,0.49609375,0.078125,0.55078125,0.23828125,2,1
201,3,0.49609375,0.078125,0.55078125,0.23828125,5,1
201,3,0.5390625,0.06640625,0.578125,0.13671875,2,1
201,3,0.5390625,0.06640625,0.578125,0.13671875,5,1
201,3,0.4296875,0.06640625,0.4765625,0.140625,2,1
201,3,0.4296875,0.06640625,0.4765625,0.140625,5,1
201,3,0.34765625,0.11328125,0.4140625,0.23046875,2,1
201,3,0.34765625,0.11328125,0.4140625,0.23046875,5,1
201,3,0.265625,0.09375,0.3359375,0.14453125,2,1
201,3,0.265625,0.09375,0.3359375,0.14453125,5,1
201,4,0.04296875,0.28125,0.09765625,0.5390625,1,1
201,4,0.04296875,0.28125,0.09765625,0.5390625,3,1
201,4,0.23046875,0.20703125,0.296875,0.5546875,1,1
201,4,0.23046875,0.20703125,0.296875,0.5546875,3,1
201,4,0.30078125,0.1640625,0.3671875,0.5234375,1,1
201,4,0.30078125,0.1640625,0.3671875,0.5234375,3,1
201,4,0.375,0.15234375,0.4765625,0.55859375,1,1
201,4,0.375,0.15234375,0.4765625,0.55859375,3,1
201,4,0.80078125,0.203125,0.953125,0.50390625,1,1
201,4,0.80078125,0.203125,0.953125,0.50390625,3,1
201,4,0.70703125,0.1015625,0.77734375,0.23828125,2,1
201,4,0.70703125,0.1015625,0.77734375,0.23828125,5,1
201,4,0.80859375,0.1171875,0.875,0.23828125,2,1
201,4,0.80859375,0.1171875,0.875,0.23828125,5,1
201,4,0.6015625,0.078125,0.68359375,0.22265625,2,1
201,4,0.6015625,0.078125,0.68359375,0.22265625,5,1
201,4,0.52734375,0.06640625,0.5859375,0.140625,2,1
201,4,0.52734375,0.06640625,0.5859375,0.140625,5,1
201,4,0.49609375,0.08203125,0.5546875,0.234375,2,1
201,4,0.49609375,0.08203125,0.5546875,0.234375,5,1
201,4,0.42578125,0.05859375,0.4765625,0.13671875,2,1
201,4,0.42578125,0.05859375,0.4765625,0.13671875,5,1
201,4,0.34765625,0.11328125,0.41015625,0.2265625,2,1
201,4,0.34765625,0.11328125,0.41015625,0.2265625,5,1
201,4,0.265625,0.0859375,0.33203125,0.1484375,2,1
201,4,0.265625,0.0859375,0.33203125,0.1484375,5,1
201,4,0.10546875,0.1640625,0.22265625,0.33203125,1,1
201,4,0.01953125,0.1875,0.09765625,0.296875,1,1
201,4,0.01953125,0.1875,0.09765625,0.296875,4,1
201,4,0.140625,0.0546875,0.203125,0.15234375,1,1
201,3,0.80078125,0.08984375,0.88671875,0.23046875,2,1
201,3,0.80078125,0.08984375,0.88671875,0.23046875,5,1
201,2,0.796875,0.109375,0.87890625,0.23828125,2,1
201,2,0.796875,0.109375,0.87890625,0.23828125,5,1
201,5,0.03125,0.27734375,0.1015625,0.53515625,1,1
201,5,0.03125,0.27734375,0.1015625,0.53515625,3,1
201,5,0.23046875,0.18359375,0.3046875,0.5625,1,1
201,5,0.23046875,0.18359375,0.3046875,0.5625,3,1
201,5,0.296875,0.16015625,0.37109375,0.53515625,1,1
201,5,0.296875,0.16015625,0.37109375,0.53515625,3,1
201,5,0.38671875,0.15234375,0.47265625,0.55859375,1,1
201,5,0.38671875,0.15234375,0.47265625,0.55859375,3,1
201,5,0.80078125,0.203125,0.9453125,0.515625,1,1
201,5,0.80078125,0.203125,0.9453125,0.515625,3,1
201,5,0.79296875,0.1171875,0.87890625,0.23828125,2,1
201,5,0.79296875,0.1171875,0.87890625,0.23828125,5,1
201,5,0.70703125,0.09375,0.7734375,0.23828125,2,1
201,5,0.70703125,0.09375,0.7734375,0.23828125,5,1
201,5,0.61328125,0.06640625,0.6796875,0.21875,2,1
201,5,0.61328125,0.06640625,0.6796875,0.21875,5,1
201,5,0.5390625,0.06640625,0.58203125,0.14453125,2,1
201,5,0.5390625,0.06640625,0.58203125,0.14453125,5,1
201,5,0.4921875,0.07421875,0.55078125,0.2265625,2,1
201,5,0.4921875,0.07421875,0.55078125,0.2265625,5,1
201,5,0.42578125,0.0625,0.4765625,0.140625,2,1
201,5,0.42578125,0.0625,0.4765625,0.140625,5,1
201,5,0.33984375,0.1015625,0.40625,0.21484375,2,1
201,5,0.33984375,0.1015625,0.40625,0.21484375,5,1
201,5,0.265625,0.08984375,0.33203125,0.16796875,2,1
201,5,0.265625,0.08984375,0.33203125,0.16796875,5,1
201,5,0.10546875,0.15234375,0.2265625,0.32421875,1,1
201,5,0.01953125,0.18359375,0.09765625,0.3046875,1,1
201,5,0.01953125,0.18359375,0.09765625,0.3046875,4,1
201,5,0.13671875,0.06640625,0.19921875,0.15625,1,1
201,6,0.02734375,0.27734375,0.09375,0.52734375,1,1
201,6,0.02734375,0.27734375,0.09375,0.52734375,3,1
201,6,0.23046875,0.19140625,0.30078125,0.55859375,1,1
201,6,0.23046875,0.19140625,0.30078125,0.55859375,3,1
201,6,0.3046875,0.1640625,0.37109375,0.5234375,1,1
201,6,0.3046875,0.1640625,0.37109375,0.5234375,3,1
201,6,0.37890625,0.15625,0.46875,0.55078125,1,1
201,6,0.37890625,0.15625,0.46875,0.55078125,3,1
201,6,0.61328125,0.078125,0.6875,0.22265625,2,1
201,6,0.61328125,0.078125,0.6875,0.22265625,5,1
201,6,0.7109375,0.1015625,0.78125,0.23828125,2,1
201,6,0.7109375,0.1015625,0.78125,0.23828125,5,1
201,6,0.796875,0.125,0.86328125,0.23046875,2,1
201,6,0.796875,0.125,0.86328125,0.23046875,5,1
201,6,0.49609375,0.07421875,0.54296875,0.23046875,2,1
201,6,0.49609375,0.07421875,0.54296875,0.23046875,5,1
201,6,0.54296875,0.06640625,0.578125,0.140625,2,1
201,6,0.54296875,0.06640625,0.578125,0.140625,5,1
201,6,0.4296875,0.0625,0.4765625,0.13671875,2,1
201,6,0.4296875,0.0625,0.4765625,0.13671875,5,1
201,6,0.34765625,0.109375,0.41015625,0.21484375,2,1
201,6,0.34765625,0.109375,0.41015625,0.21484375,5,1
201,6,0.2734375,0.09765625,0.3359375,0.13671875,2,1
201,6,0.2734375,0.09765625,0.3359375,0.13671875,5,1
201,6,0.1015625,0.16015625,0.2265625,0.31640625,1,1
201,6,0.01171875,0.1953125,0.10546875,0.28515625,1,1
201,6,0.01171875,0.1953125,0.10546875,0.28515625,4,1
201,6,0.1328125,0.078125,0.203125,0.15234375,1,1
201,6,0.796875,0.21484375,0.9453125,0.5234375,1,1
201,6,0.796875,0.21484375,0.9453125,0.5234375,3,1
201,7,0.01953125,0.28125,0.09765625,0.51953125,1,1
201,7,0.01953125,0.28125,0.09765625,0.51953125,3,1
201,7,0.23046875,0.19921875,0.3046875,0.5625,1,1
201,7,0.23046875,0.19921875,0.3046875,0.5625,3,1
201,7,0.30078125,0.171875,0.375,0.54296875,1,1
201,7,0.30078125,0.171875,0.375,0.54296875,3,1
201,7,0.38671875,0.15234375,0.47265625,0.5546875,1,1
201,7,0.38671875,0.15234375,0.47265625,0.5546875,3,1
201,7,0.10546875,0.1484375,0.22265625,0.3359375,1,1
201,7,0.01953125,0.1796875,0.09765625,0.296875,1,1
201,7,0.01953125,0.1796875,0.09765625,0.296875,4,1
201,7,0.140625,0.0859375,0.20703125,0.16015625,1,1
201,7,0.26953125,0.0859375,0.33984375,0.13671875,2,1
201,7,0.26953125,0.0859375,0.33984375,0.13671875,5,1
201,7,0.34765625,0.1015625,0.41015625,0.21875,2,1
201,7,0.34765625,0.1015625,0.41015625,0.21875,5,1
201,7,0.4296875,0.05859375,0.48046875,0.14453125,2,1
201,7,0.4296875,0.05859375,0.48046875,0.14453125,5,1
201,7,0.49609375,0.06640625,0.5546875,0.2265625,2,1
201,7,0.49609375,0.06640625,0.5546875,0.2265625,5,1
201,7,0.546875,0.06640625,0.58203125,0.14453125,2,1
201,7,0.546875,0.06640625,0.58203125,0.14453125,5,1
201,7,0.60546875,0.0703125,0.68359375,0.22265625,2,1
201,7,0.60546875,0.0703125,0.68359375,0.22265625,5,1
201,7,0.71484375,0.10546875,0.78515625,0.2421875,2,1
201,7,0.71484375,0.10546875,0.78515625,0.2421875,5,1
201,7,0.796875,0.1875,0.9453125,0.51953125,1,1
201,7,0.796875,0.1875,0.9453125,0.51953125,3,1
202,2,0.203125,0.1875,0.32421875,0.58203125,1,1
202,2,0.203125,0.1875,0.32421875,0.58203125,3,1
202,2,0.09375,0.18359375,0.234375,0.53125,1,1
202,2,0.09375,0.18359375,0.234375,0.53125,3,1
202,2,0.0625,0.24609375,0.09765625,0.578125,1,1
202,2,0.0625,0.24609375,0.09765625,0.578125,3,1
202,2,0.3515625,0.0,0.4453125,0.1171875,1,1
202,2,0.4921875,0.09375,0.55859375,0.22265625,2,1
202,2,0.4921875,0.09375,0.55859375,0.22265625,5,1
202,2,0.75,0.1796875,0.85546875,0.53125,1,1
202,2,0.75,0.1796875,0.85546875,0.53125,3,1
202,2,0.921875,0.2109375,0.9921875,0.49609375,1,1
202,2,0.921875,0.2109375,0.9921875,0.49609375,3,1
202,3,0.19921875,0.1875,0.328125,0.57421875,1,1
202,3,0.19921875,0.1875,0.328125,0.57421875,3,1
202,3,0.08984375,0.23046875,0.1953125,0.5390625,1,1
202,3,0.08984375,0.23046875,0.1953125,0.5390625,3,1
202,3,0.05859375,0.296875,0.09765625,0.55859375,1,1
202,3,0.05859375,0.296875,0.09765625,0.55859375,3,1
202,3,0.35546875,0.0,0.4375,0.11328125,1,1
202,3,0.5,0.0859375,0.546875,0.20703125,2,1
202,3,0.5,0.0859375,0.546875,0.20703125,5,1
202,3,0.75,0.17578125,0.85546875,0.5234375,1,1
202,3,0.75,0.17578125,0.85546875,0.5234375,3,1
202,3,0.92578125,0.2265625,0.984375,0.5,1,1
202,3,0.92578125,0.2265625,0.984375,0.5,3,1
202,4,0.203125,0.203125,0.328125,0.58203125,1,1
202,4,0.203125,0.203125,0.328125,0.58203125,3,1
202,4,0.09375,0.2109375,0.1953125,0.54296875,1,1
202,4,0.09375,0.2109375,0.1953125,0.54296875,3,1
202,4,0.0546875,0.30859375,0.08984375,0.5703125,1,1
202,4,0.0546875,0.30859375,0.08984375,0.5703125,3,1
202,4,0.3671875,0.0078125,0.4453125,0.109375,1,1
202,4,0.49609375,0.08984375,0.55078125,0.2265625,2,1
202,4,0.49609375,0.08984375,0.55078125,0.2265625,5,1
202,4,0.7578125,0.17578125,0.8515625,0.53125,1,1
202,4,0.7578125,0.17578125,0.8515625,0.53125,3,1
202,4,0.921875,0.20703125,0.9921875,0.5,1,1
202,4,0.921875,0.20703125,0.9921875,0.5,3,1
202,5,0.20703125,0.19921875,0.328125,0.57421875,1,1
202,5,0.20703125,0.19921875,0.328125,0.57421875,3,1
202,5,0.09375,0.16796875,0.20703125,0.50390625,1,1
202,5,0.09375,0.16796875,0.20703125,0.50390625,3,1
202,5,0.0546875,0.28515625,0.1015625,0.57421875,1,1
202,5,0.0546875,0.28515625,0.1015625,0.57421875,3,1
202,5,0.3671875,0.00390625,0.453125,0.12109375,1,1
202,5,0.4921875,0.078125,0.546875,0.21484375,2,1
202,5,0.4921875,0.078125,0.546875,0.21484375,5,1
202,5,0.75390625,0.17578125,0.85546875,0.51171875,1,1
202,5,0.75390625,0.17578125,0.85546875,0.51171875,3,1
202,5,0.921875,0.2109375,0.9921875,0.48046875,1,1
202,5,0.921875,0.2109375,0.9921875,0.48046875,3,1
202,6,0.3671875,0.0,0.4609375,0.11328125,1,1
202,6,0.49609375,0.09765625,0.55078125,0.2265625,2,1
202,6,0.49609375,0.09765625,0.55078125,0.2265625,5,1
202,6,0.20703125,0.171875,0.32421875,0.5703125,1,1
202,6,0.20703125,0.171875,0.32421875,0.5703125,3,1
202,6,0.09765625,0.19921875,0.2109375,0.51953125,1,1
202,6,0.09765625,0.19921875,0.2109375,0.51953125,3,1
202,6,0.046875,0.27734375,0.09375,0.546875,1,1
202,6,0.046875,0.27734375,0.09375,0.546875,3,1
202,6,0.74609375,0.17578125,0.8515625,0.51953125,1,1
202,6,0.74609375,0.17578125,0.8515625,0.51953125,3,1
202,6,0.921875,0.2109375,0.98046875,0.48046875,1,1
202,6,0.921875,0.2109375,0.98046875,0.48046875,3,1
202,7,0.9296875,0.21484375,0.98828125,0.5,1,1
202,7,0.9296875,0.21484375,0.98828125,0.5,3,1
202,7,0.75,0.17578125,0.86328125,0.51171875,1,1
202,7,0.75,0.17578125,0.86328125,0.51171875,3,1
202,7,0.5,0.1015625,0.55078125,0.2578125,2,1
202,7,0.5,0.1015625,0.55078125,0.2578125,5,1
202,7,0.36328125,0.00390625,0.46484375,0.109375,1,1
202,7,0.2109375,0.19921875,0.31640625,0.55859375,1,1
202,7,0.2109375,0.19921875,0.31640625,0.55859375,3,1
202,7,0.09765625,0.203125,0.20703125,0.5,1,1
202,7,0.09765625,0.203125,0.20703125,0.5,3,1
202,7,0.0390625,0.25,0.1015625,0.5625,1,1
202,7,0.0390625,0.25,0.1015625,0.5625,3,1
203,2,0.42578125,0.171875,0.59765625,0.5625,1,1
203,2,0.42578125,0.171875,0.59765625,0.5625,3,1
203,2,0.23046875,0.18359375,0.3359375,0.57421875,1,1
203,2,0.23046875,0.18359375,0.3359375,0.57421875,3,1
203,2,0.140625,0.23828125,0.21484375,0.5390625,1,1
203,2,0.140625,0.23828125,0.21484375,0.5390625,3,1
203,2,0.8359375,0.18359375,0.95703125,0.52734375,1,1
203,2,0.8359375,0.18359375,0.95703125,0.52734375,3,1
203,3,0.140625,0.2265625,0.21875,0.55078125,1,1
203,3,0.140625,0.2265625,0.21875,0.55078125,3,1
203,3,0.23046875,0.18359375,0.3203125,0.55859375,1,1
203,3,0.23046875,0.18359375,0.3203125,0.55859375,3,1
203,3,0.41796875,0.16015625,0.59375,0.56640625,1,1
203,3,0.41796875,0.16015625,0.59375,0.56640625,3,1
203,3,0.83203125,0.1796875,0.94921875,0.52734375,1,1
203,3,0.83203125,0.1796875,0.94921875,0.52734375,3,1
203,4,0.140625,0.2265625,0.2109375,0.54296875,1,1
203,4,0.140625,0.2265625,0.2109375,0.54296875,3,1
203,4,0.23046875,0.1875,0.32421875,0.55859375,1,1
203,4,0.23046875,0.1875,0.32421875,0.55859375,3,1
203,4,0.42578125,0.16796875,0.58984375,0.55859375,1,1
203,4,0.42578125,0.16796875,0.58984375,0.55859375,3,1
203,4,0.83984375,0.1875,0.95703125,0.5234375,1,1
203,4,0.83984375,0.1875,0.95703125,0.5234375,3,1
203,5,0.140625,0.22265625,0.21875,0.546875,1,1
203,5,0.140625,0.22265625,0.21875,0.546875,3,1
203,5,0.2265625,0.1953125,0.30859375,0.55078125,1,1
203,5,0.2265625,0.1953125,0.30859375,0.55078125,3,1
203,5,0.41796875,0.1640625,0.59375,0.5546875,1,1
203,5,0.41796875,0.1640625,0.59375,0.5546875,3,1
203,5,0.83203125,0.18359375,0.953125,0.51953125,1,1
203,5,0.83203125,0.18359375,0.953125,0.51953125,3,1
203,6,0.140625,0.234375,0.2109375,0.546875,1,1
203,6,0.140625,0.234375,0.2109375,0.546875,3,1
203,6,0.23046875,0.1875,0.3125,0.5546875,1,1
203,6,0.23046875,0.1875,0.3125,0.5546875,3,1
203,6,0.41796875,0.17578125,0.58203125,0.5546875,1,1
203,6,0.41796875,0.17578125,0.58203125,0.5546875,3,1
203,6,0.8359375,0.17578125,0.953125,0.515625,1,1
203,6,0.8359375,0.17578125,0.953125,0.515625,3,1
203,7,0.140625,0.234375,0.20703125,0.5546875,1,1
203,7,0.140625,0.234375,0.20703125,0.5546875,3,1
203,7,0.234375,0.19921875,0.3125,0.55859375,1,1
203,7,0.234375,0.19921875,0.3125,0.55859375,3,1
203,7,0.4296875,0.171875,0.5859375,0.54296875,1,1
203,7,0.4296875,0.171875,0.5859375,0.54296875,3,1
203,7,0.84765625,0.18359375,0.9609375,0.52734375,1,1
203,7,0.84765625,0.18359375,0.9609375,0.52734375,3,1
204,2,0.37890625,0.16015625,0.4921875,0.5390625,1,1
204,2,0.37890625,0.16015625,0.4921875,0.5390625,3,1
204,3,0.39453125,0.16015625,0.5,0.5390625,1,1
204,3,0.39453125,0.16015625,0.5,0.5390625,3,1
204,4,0.38671875,0.16015625,0.5,0.5390625,1,1
204,4,0.38671875,0.16015625,0.5,0.5390625,3,1
204,5,0.3984375,0.16015625,0.49609375,0.53515625,1,1
204,5,0.3984375,0.16015625,0.49609375,0.53515625,3,1
204,6,0.38671875,0.15625,0.4921875,0.53515625,1,1
204,6,0.38671875,0.15625,0.4921875,0.53515625,3,1
204,7,0.40234375,0.171875,0.48828125,0.54296875,1,1
204,7,0.40234375,0.171875,0.48828125,0.54296875,3,1
205,2,0.078125,0.25,0.15234375,0.5703125,1,1
205,2,0.078125,0.25,0.15234375,0.5703125,3,1
205,2,0.1015625,0.13671875,0.17578125,0.2578125,1,1
205,2,0.1015625,0.13671875,0.17578125,0.2578125,4,1
205,3,0.09765625,0.140625,0.17578125,0.265625,1,1
205,3,0.09765625,0.140625,0.17578125,0.265625,4,1
205,3,0.07421875,0.24609375,0.16015625,0.56640625,1,1
205,3,0.07421875,0.24609375,0.16015625,0.56640625,3,1
205,4,0.09765625,0.12890625,0.1796875,0.2578125,1,1
205,4,0.09765625,0.12890625,0.1796875,0.2578125,4,1
205,4,0.078125,0.2421875,0.16015625,0.5703125,1,1
205,4,0.078125,0.2421875,0.16015625,0.5703125,3,1
205,5,0.1015625,0.15234375,0.171875,0.26171875,1,1
205,5,0.1015625,0.15234375,0.171875,0.26171875,4,1
205,5,0.078125,0.23828125,0.16015625,0.55859375,1,1
205,5,0.078125,0.23828125,0.16015625,0.55859375,3,1
205,6,0.1015625,0.14453125,0.171875,0.26171875,1,1
205,6,0.1015625,0.14453125,0.171875,0.26171875,4,1
205,6,0.08984375,0.2421875,0.15234375,0.56640625,1,1
205,6,0.08984375,0.2421875,0.15234375,0.56640625,3,1
205,7,0.09765625,0.14453125,0.1640625,0.26953125,1,1
205,7,0.09765625,0.14453125,0.1640625,0.26953125,4,1
205,7,0.078125,0.25,0.16796875,0.55859375,1,1
205,7,0.078125,0.25,0.16796875,0.55859375,3,1
206,2,0.015625,0.13671875,0.13671875,0.31640625,1,1
206,2,0.015625,0.13671875,0.13671875,0.31640625,4,1
206,2,0.1015625,0.31640625,0.16796875,0.6015625,1,1
206,2,0.1015625,0.31640625,0.16796875,0.6015625,3,1
206,2,0.00390625,0.30078125,0.05859375,0.57421875,1,1
206,2,0.00390625,0.30078125,0.05859375,0.57421875,3,1
206,3,0.1015625,0.31640625,0.18359375,0.57421875,1,1
206,3,0.1015625,0.31640625,0.18359375,0.57421875,3,1
206,3,0.0078125,0.296875,0.05859375,0.56640625,1,1
206,3,0.0078125,0.296875,0.05859375,0.56640625,3,1
206,3,0.0234375,0.1484375,0.125,0.30859375,1,1
206,3,0.0234375,0.1484375,0.125,0.30859375,4,1
206,4,0.09375,0.296875,0.171875,0.58203125,1,1
206,4,0.09375,0.296875,0.171875,0.58203125,3,1
206,4,0.0078125,0.29296875,0.06640625,0.5625,1,1
206,4,0.0078125,0.29296875,0.06640625,0.5625,3,1
206,4,0.015625,0.140625,0.125,0.30859375,1,1
206,4,0.015625,0.140625,0.125,0.30859375,4,1
206,5,0.0859375,0.296875,0.1796875,0.5703125,1,1
206,5,0.0859375,0.296875,0.1796875,0.5703125,3,1
206,5,0.0078125,0.296875,0.0546875,0.58984375,1,1
206,5,0.0078125,0.296875,0.0546875,0.58984375,3,1
206,5,0.01953125,0.140625,0.12890625,0.3046875,1,1
206,5,0.01953125,0.140625,0.12890625,0.3046875,4,1
206,6,0.08984375,0.29296875,0.171875,0.57421875,1,1
206,6,0.08984375,0.29296875,0.171875,0.57421875,3,1
206,6,0.01171875,0.30078125,0.05859375,0.57421875,1,1
206,6,0.01171875,0.30078125,0.05859375,0.57421875,3,1
206,6,0.01953125,0.14453125,0.125,0.3046875,1,1
206,6,0.01953125,0.14453125,0.125,0.3046875,4,1
206,7,0.08984375,0.2734375,0.16796875,0.57421875,1,1
206,7,0.08984375,0.2734375,0.16796875,0.57421875,3,1
206,7,0.00390625,0.296875,0.0703125,0.5703125,1,1
206,7,0.00390625,0.296875,0.0703125,0.5703125,3,1
206,7,0.0078125,0.14453125,0.12890625,0.30859375,1,1
206,7,0.0078125,0.14453125,0.12890625,0.30859375,4,1
207,2,0.00390625,0.26953125,0.06640625,0.578125,1,1
207,2,0.00390625,0.26953125,0.06640625,0.578125,3,1
207,2,0.23828125,0.18359375,0.3359375,0.57421875,1,1
207,2,0.23828125,0.18359375,0.3359375,0.57421875,3,1
207,2,0.34765625,0.1640625,0.484375,0.49609375,1,1
207,2,0.34765625,0.1640625,0.484375,0.49609375,3,1
207,3,0.34375,0.17578125,0.48046875,0.4921875,1,1
207,3,0.34375,0.17578125,0.48046875,0.4921875,3,1
207,3,0.2421875,0.18359375,0.33203125,0.578125,1,1
207,3,0.2421875,0.18359375,0.33203125,0.578125,3,1
207,3,0.00390625,0.22265625,0.0859375,0.58984375,1,1
207,3,0.00390625,0.22265625,0.0859375,0.58984375,3,1
207,4,0.0,0.25,0.078125,0.578125,1,1
207,4,0.0,0.25,0.078125,0.578125,3,1
207,4,0.23046875,0.1953125,0.33203125,0.578125,1,1
207,4,0.23046875,0.1953125,0.33203125,0.578125,3,1
207,4,0.34765625,0.16796875,0.4453125,0.51171875,1,1
207,4,0.34765625,0.16796875,0.4453125,0.51171875,3,1
207,5,0.00390625,0.2578125,0.1015625,0.578125,1,1
207,5,0.00390625,0.2578125,0.1015625,0.578125,3,1
207,5,0.24609375,0.16015625,0.31640625,0.58203125,1,1
207,5,0.24609375,0.16015625,0.31640625,0.58203125,3,1
207,5,0.3515625,0.17578125,0.44921875,0.5234375,1,1
207,5,0.3515625,0.17578125,0.44921875,0.5234375,3,1
207,6,0.00390625,0.2265625,0.1015625,0.578125,1,1
207,6,0.00390625,0.2265625,0.1015625,0.578125,3,1
207,6,0.23828125,0.1875,0.3203125,0.578125,1,1
207,6,0.23828125,0.1875,0.3203125,0.578125,3,1
207,6,0.34375,0.171875,0.42578125,0.5234375,1,1
207,6,0.34375,0.171875,0.42578125,0.5234375,3,1
207,7,0.0,0.265625,0.08203125,0.5625,1,1
207,7,0.0,0.265625,0.08203125,0.5625,3,1
207,7,0.24609375,0.1796875,0.3125,0.56640625,1,1
207,7,0.24609375,0.1796875,0.3125,0.56640625,3,1
207,7,0.3515625,0.17578125,0.43359375,0.54296875,1,1
207,7,0.3515625,0.17578125,0.43359375,0.54296875,3,1
208,2,0.01953125,0.2734375,0.08984375,0.48828125,1,1
208,2,0.3125,0.171875,0.5,0.50390625,1,1
208,2,0.3125,0.171875,0.5,0.50390625,3,1
208,2,0.5234375,0.14453125,0.78125,0.3359375,1,1
208,2,0.72265625,0.28515625,0.80859375,0.51953125,1,1
208,2,0.72265625,0.28515625,0.80859375,0.51953125,3,1
208,2,0.796875,0.171875,0.890625,0.5390625,1,1
208,2,0.796875,0.171875,0.890625,0.5390625,3,1
208,3,0.015625,0.26953125,0.09375,0.48828125,1,1
208,3,0.328125,0.1875,0.5,0.484375,1,1
208,3,0.328125,0.1875,0.5,0.484375,3,1
208,3,0.53125,0.16015625,0.79296875,0.35546875,1,1
208,3,0.7421875,0.2890625,0.80078125,0.515625,1,1
208,3,0.7421875,0.2890625,0.80078125,0.515625,3,1
208,3,0.8046875,0.19921875,0.875,0.53125,1,1
208,3,0.8046875,0.19921875,0.875,0.53125,3,1
208,4,0.0078125,0.2734375,0.078125,0.47265625,1,1
208,4,0.0078125,0.2734375,0.078125,0.47265625,3,1
208,4,0.31640625,0.19140625,0.4921875,0.49609375,1,1
208,4,0.31640625,0.19140625,0.4921875,0.49609375,3,1
208,4,0.5234375,0.15234375,0.78515625,0.3359375,1,1
208,4,0.734375,0.3125,0.7890625,0.51171875,1,1
208,4,0.734375,0.3125,0.7890625,0.51171875,3,1
208,4,0.7890625,0.1953125,0.8828125,0.5078125,1,1
208,4,0.7890625,0.1953125,0.8828125,0.5078125,3,1
208,5,0.0,0.26953125,0.0703125,0.49609375,1,1
208,5,0.0,0.26953125,0.0703125,0.49609375,3,1
208,5,0.31640625,0.1953125,0.4921875,0.46875,1,1
208,5,0.31640625,0.1953125,0.4921875,0.46875,3,1
208,5,0.5,0.15234375,0.7890625,0.36328125,1,1
208,5,0.734375,0.3203125,0.796875,0.5390625,1,1
208,5,0.734375,0.3203125,0.796875,0.5390625,3,1
208,5,0.79296875,0.1875,0.890625,0.5078125,1,1
208,5,0.79296875,0.1875,0.890625,0.5078125,3,1
208,6,0.0,0.2734375,0.06640625,0.5390625,1,1
208,6,0.0,0.2734375,0.06640625,0.5390625,3,1
208,6,0.31640625,0.1875,0.49609375,0.48046875,1,1
208,6,0.31640625,0.1875,0.49609375,0.48046875,3,1
208,6,0.5390625,0.1484375,0.77734375,0.34765625,1,1
208,6,0.734375,0.296875,0.796875,0.52734375,1,1
208,6,0.734375,0.296875,0.796875,0.52734375,3,1
208,6,0.78125,0.17578125,0.88671875,0.5078125,1,1
208,6,0.78125,0.17578125,0.88671875,0.5078125,3,1
208,7,0.0,0.2734375,0.0625,0.578125,1,1
208,7,0.0,0.2734375,0.0625,0.578125,3,1
208,7,0.32421875,0.19921875,0.5,0.484375,1,1
208,7,0.32421875,0.19921875,0.5,0.484375,3,1
208,7,0.52734375,0.15234375,0.77734375,0.359375,1,1
208,7,0.74609375,0.3046875,0.80859375,0.5390625,1,1
208,7,0.74609375,0.3046875,0.80859375,0.5390625,3,1
208,7,0.7890625,0.171875,0.890625,0.52734375,1,1
208,7,0.7890625,0.171875,0.890625,0.52734375,3,1
209,2,0.4296875,0.0625,0.4765625,0.15234375,2,1
209,2,0.4296875,0.0625,0.4765625,0.15234375,5,1
209,2,0.40234375,0.19921875,0.5859375,0.53515625,1,1
209,2,0.40234375,0.19921875,0.5859375,0.53515625,3,1
209,2,0.65625,0.1484375,0.765625,0.3828125,1,1
209,2,0.65625,0.1484375,0.765625,0.3828125,3,1
209,3,0.4140625,0.1953125,0.578125,0.53125,1,1
209,3,0.4140625,0.1953125,0.578125,0.53125,3,1
209,3,0.4296875,0.078125,0.4765625,0.14453125,2,1
209,3,0.4296875,0.078125,0.4765625,0.14453125,5,1
209,3,0.6015625,0.1328125,0.72265625,0.42578125,1,1
209,4,0.43359375,0.078125,0.4765625,0.15234375,2,1
209,4,0.43359375,0.078125,0.4765625,0.15234375,5,1
209,4,0.4140625,0.1875,0.5859375,0.53515625,1,1
209,4,0.4140625,0.1875,0.5859375,0.53515625,3,1
209,4,0.55078125,0.140625,0.7109375,0.33984375,1,1
209,5,0.41796875,0.06640625,0.47265625,0.15234375,2,1
209,5,0.41796875,0.06640625,0.47265625,0.15234375,5,1
209,5,0.41015625,0.19921875,0.5859375,0.53515625,1,1
209,5,0.41015625,0.19921875,0.5859375,0.53515625,3,1
209,5,0.5078125,0.1484375,0.69921875,0.37109375,1,1
209,6,0.41015625,0.1875,0.578125,0.546875,1,1
209,6,0.41015625,0.1875,0.578125,0.546875,3,1
209,6,0.42578125,0.06640625,0.4765625,0.1484375,2,1
209,6,0.42578125,0.06640625,0.4765625,0.1484375,5,1
209,6,0.00390625,0.23828125,0.08203125,0.35546875,1,1
209,6,0.453125,0.16015625,0.6640625,0.34375,1,1
209,7,0.0,0.19140625,0.1015625,0.37890625,1,1
209,7,0.37890625,0.15625,0.625,0.32421875,1,1
209,7,0.41796875,0.19921875,0.59375,0.55078125,1,1
209,7,0.41796875,0.19921875,0.59375,0.55078125,3,1
209,7,0.42578125,0.06640625,0.4765625,0.14453125,2,1
209,7,0.42578125,0.06640625,0.4765625,0.14453125,5,1
210,2,0.27734375,0.04296875,0.3359375,0.171875,1,1
210,2,0.4296875,0.07421875,0.4765625,0.15234375,2,1
210,2,0.4296875,0.07421875,0.4765625,0.15234375,5,1
210,2,0.49609375,0.09375,0.54296875,0.21875,2,1
210,2,0.49609375,0.09375,0.54296875,0.21875,5,1
210,2,0.41796875,0.19140625,0.515625,0.546875,1,1
210,2,0.41796875,0.19140625,0.515625,0.546875,3,1
210,2,0.171875,0.18359375,0.390625,0.4921875,1,1
210,2,0.171875,0.18359375,0.390625,0.4921875,3,1
210,2,0.20703125,0.13671875,0.26953125,0.27734375,1,1
210,3,0.1640625,0.203125,0.390625,0.48828125,1,1
210,3,0.1640625,0.203125,0.390625,0.48828125,3,1
210,3,0.41796875,0.1796875,0.51953125,0.5625,1,1
210,3,0.41796875,0.1796875,0.51953125,0.5625,3,1
210,3,0.19921875,0.140625,0.2734375,0.26953125,1,1
210,3,0.27734375,0.0390625,0.33203125,0.16796875,1,1
210,3,0.4296875,0.06640625,0.47265625,0.14453125,2,1
210,3,0.4296875,0.06640625,0.47265625,0.14453125,5,1
210,3,0.49609375,0.109375,0.54296875,0.22265625,2,1
210,3,0.49609375,0.109375,0.54296875,0.22265625,5,1
210,4,0.41796875,0.171875,0.5234375,0.55078125,1,1
210,4,0.41796875,0.171875,0.5234375,0.55078125,3,1
210,4,0.16796875,0.19921875,0.390625,0.46875,1,1
210,4,0.16796875,0.19921875,0.390625,0.46875,3,1
210,4,0.19921875,0.16015625,0.28125,0.265625,1,1
210,4,0.5,0.09765625,0.54296875,0.22265625,2,1
210,4,0.5,0.09765625,0.54296875,0.22265625,5,1
210,4,0.42578125,0.07421875,0.47265625,0.14453125,2,1
210,4,0.42578125,0.07421875,0.47265625,0.14453125,5,1
210,4,0.28515625,0.0390625,0.328125,0.171875,1,1
210,5,0.42578125,0.16796875,0.51953125,0.5390625,1,1
210,5,0.42578125,0.16796875,0.51953125,0.5390625,3,1
210,5,0.15625,0.20703125,0.38671875,0.48046875,1,1
210,5,0.15625,0.20703125,0.38671875,0.48046875,3,1
210,5,0.19921875,0.1484375,0.296875,0.26171875,1,1
210,5,0.2734375,0.0390625,0.3359375,0.15234375,1,1
210,5,0.4296875,0.0625,0.47265625,0.14453125,2,1
210,5,0.4296875,0.0625,0.47265625,0.14453125,5,1
210,5,0.49609375,0.09375,0.5390625,0.22265625,2,1
210,5,0.49609375,0.09375,0.5390625,0.22265625,5,1
210,6,0.421875,0.17578125,0.5234375,0.54296875,1,1
210,6,0.421875,0.17578125,0.5234375,0.54296875,3,1
210,6,0.16015625,0.19921875,0.37890625,0.46875,1,1
210,6,0.16015625,0.19921875,0.37890625,0.46875,3,1
210,6,0.1953125,0.15234375,0.31640625,0.26953125,1,1
210,6,0.27734375,0.0390625,0.328125,0.13671875,1,1
210,6,0.41796875,0.06640625,0.4765625,0.1484375,2,1
210,6,0.41796875,0.06640625,0.4765625,0.1484375,5,1
210,6,0.5,0.09375,0.54296875,0.21484375,2,1
210,6,0.5,0.09375,0.54296875,0.21484375,5,1
210,7,0.2734375,0.04296875,0.33984375,0.15625,1,1
210,7,0.1875,0.140625,0.3046875,0.23828125,1,1
210,7,0.1640625,0.19921875,0.38671875,0.48046875,1,1
210,7,0.1640625,0.19921875,0.38671875,0.48046875,3,1
210,7,0.421875,0.1796875,0.5234375,0.5390625,1,1
210,7,0.421875,0.1796875,0.5234375,0.5390625,3,1
210,7,0.4296875,0.06640625,0.47265625,0.140625,2,1
210,7,0.4296875,0.06640625,0.47265625,0.140625,5,1
210,7,0.5,0.11328125,0.54296875,0.21484375,2,1
210,7,0.5,0.11328125,0.54296875,0.21484375,5,1
211,2,0.0390625,0.28125,0.08984375,0.59375,1,1
211,2,0.0390625,0.28125,0.08984375,0.59375,3,1
211,2,0.15625,0.203125,0.2578125,0.59375,1,1
211,2,0.15625,0.203125,0.2578125,0.59375,3,1
211,2,0.09765625,0.19921875,0.15625,0.54296875,1,1
211,2,0.09765625,0.19921875,0.15625,0.54296875,3,1
211,2,0.25390625,0.09765625,0.31640625,0.25390625,2,1
211,2,0.25390625,0.09765625,0.31640625,0.25390625,5,1
211,2,0.4296875,0.07421875,0.4765625,0.15234375,2,1
211,2,0.4296875,0.07421875,0.4765625,0.15234375,5,1
211,2,0.49609375,0.1171875,0.55078125,0.23046875,2,1
211,2,0.49609375,0.1171875,0.55078125,0.23046875,5,1
211,3,0.04296875,0.2734375,0.0859375,0.5859375,1,1
211,3,0.04296875,0.2734375,0.0859375,0.5859375,3,1
211,3,0.09375,0.20703125,0.1484375,0.5703125,1,1
211,3,0.09375,0.20703125,0.1484375,0.5703125,3,1
211,3,0.15234375,0.19140625,0.2578125,0.59375,1,1
211,3,0.15234375,0.19140625,0.2578125,0.59375,3,1
211,3,0.25390625,0.09765625,0.31640625,0.25390625,2,1
211,3,0.25390625,0.09765625,0.31640625,0.25390625,5,1
211,3,0.4296875,0.0703125,0.4765625,0.1484375,2,1
211,3,0.4296875,0.0703125,0.4765625,0.1484375,5,1
211,3,0.49609375,0.109375,0.546875,0.2265625,2,1
211,3,0.49609375,0.109375,0.546875,0.2265625,5,1
211,4,0.03515625,0.26953125,0.08984375,0.58203125,1,1
211,4,0.03515625,0.26953125,0.08984375,0.58203125,3,1
211,4,0.08984375,0.21484375,0.1484375,0.5390625,1,1
211,4,0.08984375,0.21484375,0.1484375,0.5390625,3,1
211,4,0.15234375,0.19140625,0.265625,0.5859375,1,1
211,4,0.15234375,0.19140625,0.265625,0.5859375,3,1
211,4,0.25,0.109375,0.31640625,0.25390625,2,1
211,4,0.25,0.109375,0.31640625,0.25390625,5,1
211,4,0.4296875,0.0625,0.47265625,0.15625,2,1
211,4,0.4296875,0.0625,0.47265625,0.15625,5,1
211,4,0.49609375,0.1171875,0.54296875,0.234375,2,1
211,4,0.49609375,0.1171875,0.54296875,0.234375,5,1
211,5,0.03125,0.26953125,0.08984375,0.57421875,1,1
211,5,0.03125,0.26953125,0.08984375,0.57421875,3,1
211,5,0.09375,0.2109375,0.14453125,0.54296875,1,1
211,5,0.09375,0.2109375,0.14453125,0.54296875,3,1
211,5,0.14453125,0.1953125,0.265625,0.578125,1,1
211,5,0.14453125,0.1953125,0.265625,0.578125,3,1
211,5,0.25390625,0.08984375,0.32421875,0.25390625,2,1
211,5,0.25390625,0.08984375,0.32421875,0.25390625,5,1
211,5,0.4296875,0.0546875,0.47265625,0.1640625,2,1
211,5,0.4296875,0.0546875,0.47265625,0.1640625,5,1
211,5,0.5,0.10546875,0.55078125,0.23046875,2,1
211,5,0.5,0.10546875,0.55078125,0.23046875,5,1
211,6,0.03515625,0.27734375,0.09765625,0.5625,1,1
211,6,0.03515625,0.27734375,0.09765625,0.5625,3,1
211,6,0.14453125,0.20703125,0.2578125,0.58203125,1,1
211,6,0.14453125,0.20703125,0.2578125,0.58203125,3,1
211,6,0.1015625,0.21484375,0.1484375,0.5625,1,1
211,6,0.1015625,0.21484375,0.1484375,0.5625,3,1
211,6,0.26171875,0.09765625,0.32421875,0.25,2,1
211,6,0.26171875,0.09765625,0.32421875,0.25,5,1
211,6,0.42578125,0.0546875,0.47265625,0.15234375,2,1
211,6,0.42578125,0.0546875,0.47265625,0.15234375,5,1
211,6,0.5,0.09765625,0.546875,0.2265625,2,1
211,6,0.5,0.09765625,0.546875,0.2265625,5,1
211,7,0.03515625,0.28125,0.10546875,0.56640625,1,1
211,7,0.03515625,0.28125,0.10546875,0.56640625,3,1
211,7,0.09765625,0.21875,0.1484375,0.51953125,1,1
211,7,0.09765625,0.21875,0.1484375,0.51953125,3,1
211,7,0.1484375,0.1953125,0.2578125,0.5859375,1,1
211,7,0.1484375,0.1953125,0.2578125,0.5859375,3,1
211,7,0.25390625,0.1015625,0.3203125,0.26171875,2,1
211,7,0.25390625,0.1015625,0.3203125,0.26171875,5,1
211,7,0.4296875,0.0625,0.48046875,0.140625,2,1
211,7,0.4296875,0.0625,0.48046875,0.140625,5,1
211,7,0.49609375,0.1171875,0.55078125,0.2265625,2,1
211,7,0.49609375,0.1171875,0.55078125,0.2265625,5,1
212,2,0.23828125,0.1484375,0.31640625,0.2578125,2,1
212,2,0.23828125,0.1484375,0.31640625,0.2578125,5,1
212,2,0.3515625,0.1015625,0.4140625,0.23828125,2,1
212,2,0.3515625,0.1015625,0.4140625,0.23828125,5,1
212,2,0.5,0.09765625,0.55078125,0.2265625,2,1
212,2,0.5,0.09765625,0.55078125,0.2265625,5,1
212,2,0.6875,0.09375,0.78125,0.23828125,2,1
212,2,0.6875,0.09375,0.78125,0.23828125,5,1
212,3,0.23828125,0.15234375,0.30859375,0.2578125,2,1
212,3,0.23828125,0.15234375,0.30859375,0.2578125,5,1
212,3,0.35546875,0.1015625,0.41796875,0.23046875,2,1
212,3,0.35546875,0.1015625,0.41796875,0.23046875,5,1
212,3,0.49609375,0.10546875,0.5625,0.2109375,2,1
212,3,0.49609375,0.10546875,0.5625,0.2109375,5,1
212,3,0.69140625,0.08984375,0.77734375,0.2421875,2,1
212,3,0.69140625,0.08984375,0.77734375,0.2421875,5,1
212,4,0.23828125,0.15234375,0.3125,0.25390625,2,1
212,4,0.23828125,0.15234375,0.3125,0.25390625,5,1
212,4,0.34765625,0.109375,0.4140625,0.234375,2,1
212,4,0.34765625,0.109375,0.4140625,0.234375,5,1
212,4,0.5,0.11328125,0.546875,0.22265625,2,1
212,4,0.5,0.11328125,0.546875,0.22265625,5,1
212,4,0.69140625,0.0859375,0.78515625,0.24609375,2,1
212,4,0.69140625,0.0859375,0.78515625,0.24609375,5,1
212,5,0.25,0.13671875,0.31640625,0.25390625,2,1
212,5,0.25,0.13671875,0.31640625,0.25390625,5,1
212,5,0.3515625,0.11328125,0.421875,0.23828125,2,1
212,5,0.3515625,0.11328125,0.421875,0.23828125,5,1
212,5,0.4921875,0.11328125,0.55078125,0.2265625,2,1
212,5,0.4921875,0.11328125,0.55078125,0.2265625,5,1
212,5,0.68359375,0.0859375,0.78125,0.23828125,2,1
212,5,0.68359375,0.0859375,0.78125,0.23828125,5,1
212,6,0.2421875,0.1484375,0.3203125,0.25390625,2,1
212,6,0.2421875,0.1484375,0.3203125,0.25390625,5,1
212,6,0.3515625,0.109375,0.41796875,0.23828125,2,1
212,6,0.3515625,0.109375,0.41796875,0.23828125,5,1
212,6,0.50390625,0.11328125,0.55859375,0.234375,2,1
212,6,0.50390625,0.11328125,0.55859375,0.234375,5,1
212,6,0.69140625,0.08984375,0.77734375,0.23828125,2,1
212,6,0.69140625,0.08984375,0.77734375,0.23828125,5,1
212,7,0.2421875,0.15234375,0.30859375,0.265625,2,1
212,7,0.2421875,0.15234375,0.30859375,0.265625,5,1
212,7,0.3515625,0.1015625,0.4140625,0.23046875,2,1
212,7,0.3515625,0.1015625,0.4140625,0.23046875,5,1
212,7,0.49609375,0.10546875,0.55078125,0.23046875,2,1
212,7,0.49609375,0.10546875,0.55078125,0.23046875,5,1
212,7,0.68359375,0.09375,0.7734375,0.234375,2,1
212,7,0.68359375,0.09375,0.7734375,0.234375,5,1
213,2,0.25390625,0.12890625,0.31640625,0.2578125,2,1
213,2,0.25390625,0.12890625,0.31640625,0.2578125,5,1
213,2,0.34375,0.1171875,0.41796875,0.2421875,2,1
213,2,0.34375,0.1171875,0.41796875,0.2421875,5,1
213,2,0.61328125,0.1015625,0.6796875,0.23828125,2,1
213,2,0.61328125,0.1015625,0.6796875,0.23828125,5,1
213,2,0.69921875,0.09375,0.77734375,0.24609375,2,1
213,2,0.69921875,0.09375,0.77734375,0.24609375,5,1
213,3,0.25390625,0.12890625,0.3203125,0.2578125,2,1
213,3,0.25390625,0.12890625,0.3203125,0.2578125,5,1
213,3,0.34375,0.1015625,0.43359375,0.2421875,2,1
213,3,0.34375,0.1015625,0.43359375,0.2421875,5,1
213,3,0.6171875,0.0859375,0.69140625,0.23046875,2,1
213,3,0.6171875,0.0859375,0.69140625,0.23046875,5,1
213,3,0.6953125,0.0859375,0.77734375,0.234375,2,1
213,3,0.6953125,0.0859375,0.77734375,0.234375,5,1
213,4,0.2421875,0.1171875,0.31640625,0.25,2,1
213,4,0.2421875,0.1171875,0.31640625,0.25,5,1
213,4,0.33984375,0.1171875,0.41796875,0.234375,2,1
213,4,0.33984375,0.1171875,0.41796875,0.234375,5,1
213,4,0.609375,0.1015625,0.67578125,0.23828125,2,1
213,4,0.609375,0.1015625,0.67578125,0.23828125,5,1
213,4,0.69921875,0.09765625,0.7890625,0.2421875,2,1
213,4,0.69921875,0.09765625,0.7890625,0.2421875,5,1
213,5,0.25,0.1171875,0.3125,0.2578125,2,1
213,5,0.25,0.1171875,0.3125,0.2578125,5,1
213,5,0.34765625,0.1171875,0.42578125,0.234375,2,1
213,5,0.34765625,0.1171875,0.42578125,0.234375,5,1
213,5,0.61328125,0.109375,0.6796875,0.2421875,2,1
213,5,0.61328125,0.109375,0.6796875,0.2421875,5,1
213,5,0.69921875,0.10546875,0.78515625,0.23828125,2,1
213,5,0.69921875,0.10546875,0.78515625,0.23828125,5,1
213,6,0.25,0.125,0.3125,0.25390625,2,1
213,6,0.25,0.125,0.3125,0.25390625,5,1
213,6,0.34375,0.125,0.421875,0.23828125,2,1
213,6,0.34375,0.125,0.421875,0.23828125,5,1
213,6,0.609375,0.10546875,0.6796875,0.23046875,2,1
213,6,0.609375,0.10546875,0.6796875,0.23046875,5,1
213,6,0.69921875,0.09765625,0.78125,0.2421875,2,1
213,6,0.69921875,0.09765625,0.78125,0.2421875,5,1
213,7,0.24609375,0.1328125,0.3125,0.25390625,2,1
213,7,0.24609375,0.1328125,0.3125,0.25390625,5,1
213,7,0.3359375,0.1171875,0.4140625,0.2421875,2,1
213,7,0.3359375,0.1171875,0.4140625,0.2421875,5,1
213,7,0.60546875,0.10546875,0.68359375,0.234375,2,1
213,7,0.60546875,0.10546875,0.68359375,0.234375,5,1
213,7,0.6953125,0.1015625,0.77734375,0.23828125,2,1
213,7,0.6953125,0.1015625,0.77734375,0.23828125,5,1
214,2,0.22265625,0.109375,0.30078125,0.296875,1,1
214,2,0.49609375,0.0859375,0.546875,0.22265625,2,1
214,2,0.49609375,0.0859375,0.546875,0.22265625,5,1
214,2,0.61328125,0.08984375,0.68359375,0.23046875,2,1
214,2,0.61328125,0.08984375,0.68359375,0.23046875,5,1
214,2,0.7109375,0.09765625,0.77734375,0.23828125,2,1
214,2,0.7109375,0.09765625,0.77734375,0.23828125,5,1
214,3,0.23046875,0.1171875,0.296875,0.296875,1,1
214,3,0.49609375,0.08984375,0.5546875,0.21875,2,1
214,3,0.49609375,0.08984375,0.5546875,0.21875,5,1
214,3,0.6171875,0.09765625,0.6796875,0.2421875,2,1
214,3,0.6171875,0.09765625,0.6796875,0.2421875,5,1
214,3,0.7109375,0.09765625,0.7734375,0.23828125,2,1
214,3,0.7109375,0.09765625,0.7734375,0.23828125,5,1
214,4,0.234375,0.10546875,0.296875,0.296875,1,1
214,4,0.49609375,0.0859375,0.546875,0.2265625,2,1
214,4,0.49609375,0.0859375,0.546875,0.2265625,5,1
214,4,0.61328125,0.08984375,0.68359375,0.234375,2,1
214,4,0.61328125,0.08984375,0.68359375,0.234375,5,1
214,4,0.71484375,0.09765625,0.77734375,0.24609375,2,1
214,4,0.71484375,0.09765625,0.77734375,0.24609375,5,1
214,5,0.234375,0.11328125,0.296875,0.296875,1,1
214,5,0.49609375,0.07421875,0.55078125,0.22265625,2,1
214,5,0.49609375,0.07421875,0.55078125,0.22265625,5,1
214,5,0.61328125,0.08203125,0.69140625,0.23046875,2,1
214,5,0.61328125,0.08203125,0.69140625,0.23046875,5,1
214,5,0.72265625,0.109375,0.7734375,0.24609375,2,1
214,5,0.72265625,0.109375,0.7734375,0.24609375,5,1
214,6,0.234375,0.10546875,0.2890625,0.29296875,1,1
214,6,0.49609375,0.08984375,0.546875,0.2265625,2,1
214,6,0.49609375,0.08984375,0.546875,0.2265625,5,1
214,6,0.6171875,0.08984375,0.6875,0.22265625,2,1
214,6,0.6171875,0.08984375,0.6875,0.22265625,5,1
214,6,0.7109375,0.09375,0.78125,0.2421875,2,1
214,6,0.7109375,0.09375,0.78125,0.2421875,5,1
214,7,0.22265625,0.11328125,0.296875,0.3046875,1,1
214,7,0.49609375,0.0859375,0.55078125,0.22265625,2,1
214,7,0.49609375,0.0859375,0.55078125,0.22265625,5,1
214,7,0.62109375,0.08984375,0.6875,0.23828125,2,1
214,7,0.62109375,0.08984375,0.6875,0.23828125,5,1
214,7,0.70703125,0.09765625,0.7734375,0.24609375,2,1
214,7,0.70703125,0.09765625,0.7734375,0.24609375,5,1
215,2,0.67578125,0.09375,0.78125,0.2421875,2,1
215,2,0.67578125,0.09375,0.78125,0.2421875,5,1
215,2,0.09765625,0.15234375,0.1796875,0.328125,1,1
215,3,0.67578125,0.10546875,0.7890625,0.25,2,1
215,3,0.67578125,0.10546875,0.7890625,0.25,5,1
215,3,0.0859375,0.17578125,0.1953125,0.32421875,1,1
215,4,0.6796875,0.10546875,0.78125,0.234375,2,1
215,4,0.6796875,0.10546875,0.78125,0.234375,5,1
215,4,0.08984375,0.171875,0.1875,0.32421875,1,1
215,5,0.0859375,0.16015625,0.18359375,0.3359375,1,1
215,5,0.68359375,0.10546875,0.78515625,0.25,2,1
215,5,0.68359375,0.10546875,0.78515625,0.25,5,1
215,6,0.0859375,0.171875,0.19140625,0.33203125,1,1
215,6,0.67578125,0.10546875,0.78515625,0.23828125,2,1
215,6,0.67578125,0.10546875,0.78515625,0.23828125,5,1
215,7,0.08984375,0.1640625,0.19140625,0.33203125,1,1
215,7,0.6875,0.10546875,0.7890625,0.2421875,2,1
215,7,0.6875,0.10546875,0.7890625,0.2421875,5,1
217,2,0.1875,0.078125,0.28125,0.1484375,1,1
217,2,0.1875,0.078125,0.28125,0.1484375,4,1
217,2,0.08984375,0.1015625,0.19921875,0.19921875,1,1
217,2,0.08984375,0.1015625,0.19921875,0.19921875,4,1
217,2,0.05859375,0.16015625,0.125,0.24609375,1,1
217,2,0.01953125,0.21484375,0.09765625,0.33203125,1,1
217,2,0.046875,0.24609375,0.1328125,0.58984375,1,1
217,2,0.046875,0.24609375,0.1328125,0.58984375,3,1
217,2,0.14453125,0.1875,0.2421875,0.5859375,1,1
217,2,0.14453125,0.1875,0.2421875,0.5859375,3,1
217,2,0.25,0.12890625,0.32421875,0.265625,2,1
217,2,0.25,0.12890625,0.32421875,0.265625,5,1
217,2,0.3515625,0.12890625,0.4765625,0.421875,1,1
217,2,0.53125,0.0625,0.59375,0.1484375,2,1
217,2,0.53125,0.0625,0.59375,0.1484375,5,1
217,3,0.1015625,0.09375,0.18359375,0.2109375,1,1
217,3,0.1015625,0.09375,0.18359375,0.2109375,4,1
217,3,0.0625,0.16796875,0.11328125,0.2578125,1,1
217,3,0.0625,0.16796875,0.11328125,0.2578125,4,1
217,3,0.01953125,0.2109375,0.08984375,0.3515625,1,1
217,3,0.1875,0.07421875,0.27734375,0.1484375,1,1
217,3,0.1875,0.07421875,0.27734375,0.1484375,4,1
217,3,0.0546875,0.2421875,0.13671875,0.5703125,1,1
217,3,0.0546875,0.2421875,0.13671875,0.5703125,3,1
217,3,0.140625,0.18359375,0.2421875,0.59375,1,1
217,3,0.140625,0.18359375,0.2421875,0.59375,3,1
217,3,0.25,0.1015625,0.32421875,0.25,2,1
217,3,0.25,0.1015625,0.32421875,0.25,5,1
217,3,0.33984375,0.13671875,0.48046875,0.4375,1,1
217,3,0.53125,0.0625,0.5859375,0.14453125,2,1
217,3,0.53125,0.0625,0.5859375,0.14453125,5,1
217,4,0.53125,0.0546875,0.59375,0.14453125,2,1
217,4,0.53125,0.0546875,0.59375,0.14453125,5,1
217,4,0.35546875,0.140625,0.4765625,0.44140625,1,1
217,4,0.25,0.10546875,0.34765625,0.25,2,1
217,4,0.25,0.10546875,0.34765625,0.25,5,1
217,4,0.14453125,0.18359375,0.23828125,0.58984375,1,1
217,4,0.14453125,0.18359375,0.23828125,0.58984375,3,1
217,4,0.05859375,0.23828125,0.13671875,0.5703125,1,1
217,4,0.05859375,0.23828125,0.13671875,0.5703125,3,1
217,4,0.02734375,0.2265625,0.08984375,0.3359375,1,1
217,4,0.1015625,0.09375,0.19140625,0.20703125,1,1
217,4,0.1015625,0.09375,0.19140625,0.20703125,4,1
217,4,0.046875,0.16015625,0.109375,0.25,1,1
217,4,0.046875,0.16015625,0.109375,0.25,4,1
217,4,0.1953125,0.0546875,0.27734375,0.1484375,1,1
217,4,0.1953125,0.0546875,0.27734375,0.1484375,4,1
217,5,0.3515625,0.12890625,0.4765625,0.453125,1,1
217,5,0.53125,0.0625,0.5859375,0.16015625,2,1
217,5,0.53125,0.0625,0.5859375,0.16015625,5,1
217,5,0.2421875,0.11328125,0.33203125,0.2578125,2,1
217,5,0.2421875,0.11328125,0.33203125,0.2578125,5,1
217,5,0.13671875,0.18359375,0.23828125,0.61328125,1,1
217,5,0.13671875,0.18359375,0.23828125,0.61328125,3,1
217,5,0.0546875,0.24609375,0.140625,0.578125,1,1
217,5,0.0546875,0.24609375,0.140625,0.578125,3,1
217,5,0.01953125,0.22265625,0.08203125,0.32421875,1,1
217,5,0.05859375,0.16015625,0.12109375,0.24609375,1,1
217,5,0.10546875,0.09375,0.1875,0.19140625,1,1
217,5,0.10546875,0.09375,0.1875,0.19140625,4,1
217,5,0.1796875,0.06640625,0.2734375,0.16015625,1,1
217,5,0.1796875,0.06640625,0.2734375,0.16015625,4,1
217,6,0.01953125,0.22265625,0.08203125,0.34375,1,1
217,6,0.1015625,0.1015625,0.203125,0.203125,1,1
217,6,0.1015625,0.1015625,0.203125,0.203125,4,1
217,6,0.05078125,0.2578125,0.12890625,0.578125,1,1
217,6,0.05078125,0.2578125,0.12890625,0.578125,3,1
217,6,0.14453125,0.19921875,0.23828125,0.578125,1,1
217,6,0.14453125,0.19921875,0.23828125,0.578125,3,1
217,6,0.34765625,0.125,0.4765625,0.44921875,1,1
217,6,0.2421875,0.109375,0.32421875,0.25390625,2,1
217,6,0.2421875,0.109375,0.32421875,0.25390625,5,1
217,6,0.52734375,0.0625,0.58984375,0.16015625,2,1
217,6,0.52734375,0.0625,0.58984375,0.16015625,5,1
217,6,0.0703125,0.171875,0.11328125,0.25,1,1
217,6,0.046875,0.14453125,0.10546875,0.1953125,1,1
217,7,0.33984375,0.12890625,0.47265625,0.4296875,1,1
217,7,0.53125,0.0625,0.5859375,0.14453125,2,1
217,7,0.53125,0.0625,0.5859375,0.14453125,5,1
217,7,0.25,0.1015625,0.33203125,0.25,2,1
217,7,0.25,0.1015625,0.33203125,0.25,5,1
217,7,0.18359375,0.07421875,0.27734375,0.1640625,1,1
217,7,0.09375,0.09765625,0.1953125,0.1875,1,1
217,7,0.09375,0.09765625,0.1953125,0.1875,4,1
217,7,0.1484375,0.1953125,0.234375,0.57421875,1,1
217,7,0.1484375,0.1953125,0.234375,0.57421875,3,1
217,7,0.05859375,0.22265625,0.13671875,0.56640625,1,1
217,7,0.05859375,0.22265625,0.13671875,0.56640625,3,1
217,7,0.02734375,0.234375,0.08203125,0.3515625,1,1
217,6,0.19140625,0.06640625,0.27734375,0.15234375,1,1
217,7,0.04296875,0.14453125,0.10546875,0.24609375,1,1
218,2,0.0625,0.2578125,0.11328125,0.578125,1,1
218,2,0.0625,0.2578125,0.11328125,0.578125,3,1
218,2,0.00390625,0.2734375,0.0546875,0.58203125,1,1
218,2,0.00390625,0.2734375,0.0546875,0.58203125,3,1
218,2,0.0625,0.125,0.1640625,0.25390625,1,1
218,2,0.0625,0.125,0.1640625,0.25390625,4,1
218,2,0.15625,0.1875,0.24609375,0.5703125,1,1
218,2,0.15625,0.1875,0.24609375,0.5703125,3,1
218,2,0.3046875,0.171875,0.37109375,0.56640625,1,1
218,2,0.3046875,0.171875,0.37109375,0.56640625,3,1
218,2,0.3671875,0.1640625,0.44921875,0.48828125,1,1
218,2,0.3671875,0.1640625,0.44921875,0.48828125,3,1
218,2,0.44921875,0.16015625,0.640625,0.4921875,1,1
218,2,0.44921875,0.16015625,0.640625,0.4921875,3,1
218,2,0.7578125,0.171875,0.85546875,0.48046875,1,1
218,2,0.7578125,0.171875,0.85546875,0.48046875,3,1
218,2,0.8515625,0.203125,0.96484375,0.43359375,1,1
218,2,0.8515625,0.203125,0.96484375,0.43359375,3,1
218,2,0.96484375,0.2265625,0.9921875,0.49609375,1,1
218,2,0.96484375,0.2265625,0.9921875,0.49609375,3,1
218,2,0.2578125,0.125,0.33203125,0.25390625,2,1
218,2,0.2578125,0.125,0.33203125,0.25390625,5,1
218,2,0.33984375,0.08984375,0.37109375,0.15625,2,1
218,2,0.33984375,0.08984375,0.37109375,0.15625,5,1
218,2,0.375,0.10546875,0.41796875,0.1953125,2,1
218,2,0.375,0.10546875,0.41796875,0.1953125,5,1
218,2,0.4921875,0.05078125,0.5703125,0.1796875,1,1
218,2,0.59375,0.06640625,0.6484375,0.140625,2,1
218,2,0.59375,0.06640625,0.6484375,0.140625,5,1
218,2,0.56640625,0.06640625,0.5859375,0.15625,2,1
218,2,0.56640625,0.06640625,0.5859375,0.15625,5,1
218,2,0.76171875,0.08203125,0.8203125,0.15625,2,1
218,2,0.76171875,0.08203125,0.8203125,0.15625,5,1
218,2,0.83203125,0.109375,0.875,0.17578125,2,1
218,2,0.83203125,0.109375,0.875,0.17578125,5,1
218,2,0.89453125,0.12890625,0.9765625,0.2421875,1,1
218,3,0.05859375,0.12890625,0.16015625,0.2578125,1,1
218,3,0.05859375,0.12890625,0.16015625,0.2578125,4,1
218,3,0.00390625,0.26953125,0.05078125,0.56640625,1,1
218,3,0.00390625,0.26953125,0.05078125,0.56640625,3,1
218,3,0.05078125,0.26953125,0.11328125,0.578125,1,1
218,3,0.05078125,0.26953125,0.11328125,0.578125,3,1
218,3,0.15625,0.1953125,0.25390625,0.55859375,1,1
218,3,0.15625,0.1953125,0.25390625,0.55859375,3,1
218,3,0.30078125,0.171875,0.36328125,0.5625,1,1
218,3,0.30078125,0.171875,0.36328125,0.5625,3,1
218,3,0.35546875,0.1875,0.453125,0.51171875,1,1
218,3,0.35546875,0.1875,0.453125,0.51171875,3,1
218,3,0.4609375,0.17578125,0.65234375,0.46875,1,1
218,3,0.4609375,0.17578125,0.65234375,0.46875,3,1
218,3,0.7578125,0.17578125,0.85546875,0.4453125,1,1
218,3,0.7578125,0.17578125,0.85546875,0.4453125,3,1
218,3,0.859375,0.1953125,0.9609375,0.44140625,1,1
218,3,0.859375,0.1953125,0.9609375,0.44140625,3,1
218,3,0.96484375,0.22265625,0.98828125,0.515625,1,1
218,3,0.96484375,0.22265625,0.98828125,0.515625,3,1
218,3,0.89453125,0.140625,0.9765625,0.2578125,1,1
218,3,0.8359375,0.1171875,0.87890625,0.19140625,2,1
218,3,0.8359375,0.1171875,0.87890625,0.19140625,5,1
218,3,0.75,0.0859375,0.8125,0.16796875,2,1
218,3,0.75,0.0859375,0.8125,0.16796875,5,1
218,3,0.59375,0.0625,0.66015625,0.1484375,2,1
218,3,0.59375,0.0625,0.66015625,0.1484375,5,1
218,3,0.57421875,0.05859375,0.59765625,0.16015625,2,1
218,3,0.57421875,0.05859375,0.59765625,0.16015625,5,1
218,3,0.4921875,0.03125,0.5703125,0.1640625,1,1
218,3,0.36328125,0.1171875,0.421875,0.19140625,2,1
218,3,0.36328125,0.1171875,0.421875,0.19140625,5,1
218,3,0.2578125,0.1171875,0.328125,0.24609375,2,1
218,3,0.2578125,0.1171875,0.328125,0.24609375,5,1
218,3,0.3359375,0.08203125,0.375,0.15625,2,1
218,3,0.3359375,0.08203125,0.375,0.15625,5,1
218,4,0.74609375,0.17578125,0.84765625,0.4453125,1,1
218,4,0.74609375,0.17578125,0.84765625,0.4453125,3,1
218,4,0.4453125,0.171875,0.65234375,0.47265625,1,1
218,4,0.4453125,0.171875,0.65234375,0.47265625,3,1
218,4,0.3515625,0.15234375,0.44140625,0.51171875,1,1
218,4,0.3515625,0.15234375,0.44140625,0.51171875,3,1
218,4,0.3046875,0.1640625,0.38671875,0.57421875,1,1
218,4,0.3046875,0.1640625,0.38671875,0.57421875,3,1
218,4,0.16015625,0.1953125,0.25,0.5625,1,1
218,4,0.16015625,0.1953125,0.25,0.5625,3,1
218,4,0.0546875,0.2734375,0.109375,0.58203125,1,1
218,4,0.0546875,0.2734375,0.109375,0.58203125,3,1
218,4,0.00390625,0.28515625,0.046875,0.578125,1,1
218,4,0.00390625,0.28515625,0.046875,0.578125,3,1
218,4,0.05078125,0.125,0.16015625,0.25390625,1,1
218,4,0.05078125,0.125,0.16015625,0.25390625,4,1
218,4,0.25390625,0.12109375,0.328125,0.25,2,1
218,4,0.25390625,0.12109375,0.328125,0.25,5,1
218,4,0.3671875,0.10546875,0.4140625,0.22265625,2,1
218,4,0.3671875,0.10546875,0.4140625,0.22265625,5,1
218,4,0.33984375,0.08203125,0.37109375,0.15234375,2,1
218,4,0.33984375,0.08203125,0.37109375,0.15234375,5,1
218,4,0.4921875,0.0703125,0.57421875,0.16796875,1,1
218,4,0.5546875,0.07421875,0.59765625,0.140625,2,1
218,4,0.5546875,0.07421875,0.59765625,0.140625,5,1
218,4,0.6015625,0.07421875,0.6484375,0.15234375,2,1
218,4,0.6015625,0.07421875,0.6484375,0.15234375,5,1
218,4,0.74609375,0.09375,0.8203125,0.15625,2,1
218,4,0.74609375,0.09375,0.8203125,0.15625,5,1
218,4,0.828125,0.11328125,0.875,0.18359375,2,1
218,4,0.828125,0.11328125,0.875,0.18359375,5,1
218,4,0.890625,0.1328125,0.98046875,0.2578125,1,1
218,4,0.84765625,0.203125,0.96484375,0.42578125,1,1
218,4,0.84765625,0.203125,0.96484375,0.42578125,3,1
218,4,0.9609375,0.265625,0.9921875,0.5234375,1,1
218,4,0.9609375,0.265625,0.9921875,0.5234375,3,1
218,5,0.828125,0.09765625,0.875,0.19140625,2,1
218,5,0.828125,0.09765625,0.875,0.19140625,5,1
218,5,0.75,0.08203125,0.81640625,0.1796875,2,1
218,5,0.75,0.08203125,0.81640625,0.1796875,5,1
218,5,0.59375,0.0625,0.65234375,0.140625,2,1
218,5,0.59375,0.0625,0.65234375,0.140625,5,1
218,5,0.55859375,0.06640625,0.58984375,0.15234375,2,1
218,5,0.55859375,0.06640625,0.58984375,0.15234375,5,1
218,5,0.4921875,0.0546875,0.5703125,0.1796875,1,1
218,5,0.3359375,0.08984375,0.3671875,0.16015625,2,1
218,5,0.3359375,0.08984375,0.3671875,0.16015625,5,1
218,5,0.36328125,0.10546875,0.4140625,0.2109375,2,1
218,5,0.36328125,0.10546875,0.4140625,0.2109375,5,1
218,5,0.25390625,0.10546875,0.328125,0.265625,2,1
218,5,0.25390625,0.10546875,0.328125,0.265625,5,1
218,5,0.0546875,0.125,0.15625,0.2734375,1,1
218,5,0.0546875,0.125,0.15625,0.2734375,4,1
218,5,0.0,0.28125,0.05859375,0.57421875,1,1
218,5,0.0,0.28125,0.05859375,0.57421875,3,1
218,5,0.0546875,0.265625,0.11328125,0.578125,1,1
218,5,0.0546875,0.265625,0.11328125,0.578125,3,1
218,5,0.15234375,0.2109375,0.26171875,0.5546875,1,1
218,5,0.15234375,0.2109375,0.26171875,0.5546875,3,1
218,5,0.3515625,0.1875,0.44921875,0.51953125,1,1
218,5,0.3515625,0.1875,0.44921875,0.51953125,3,1
218,5,0.30859375,0.171875,0.37890625,0.5625,1,1
218,5,0.30859375,0.171875,0.37890625,0.5625,3,1
218,5,0.453125,0.17578125,0.65625,0.4609375,1,1
218,5,0.453125,0.17578125,0.65625,0.4609375,3,1
218,5,0.74609375,0.1796875,0.8515625,0.4375,1,1
218,5,0.74609375,0.1796875,0.8515625,0.4375,3,1
218,5,0.8515625,0.1953125,0.9609375,0.4453125,1,1
218,5,0.8515625,0.1953125,0.9609375,0.4453125,3,1
218,5,0.9609375,0.25390625,0.9921875,0.51171875,1,1
218,5,0.9609375,0.25390625,0.9921875,0.51171875,3,1
218,5,0.90234375,0.140625,0.97265625,0.2421875,1,1
218,6,0.83203125,0.12890625,0.87109375,0.19921875,2,1
218,6,0.83203125,0.12890625,0.87109375,0.19921875,5,1
218,6,0.77734375,0.11328125,0.8203125,0.171875,2,1
218,6,0.77734375,0.11328125,0.8203125,0.171875,5,1
218,6,0.8984375,0.12890625,0.9765625,0.24609375,1,1
218,6,0.96875,0.2578125,0.98828125,0.5,1,1
218,6,0.96875,0.2578125,0.98828125,0.5,3,1
218,6,0.83984375,0.19921875,0.9609375,0.46875,1,1
218,6,0.83984375,0.19921875,0.9609375,0.46875,3,1
218,6,0.734375,0.1796875,0.83203125,0.40625,1,1
218,6,0.734375,0.1796875,0.83203125,0.40625,3,1
218,6,0.59375,0.07421875,0.64453125,0.140625,2,1
218,6,0.59375,0.07421875,0.64453125,0.140625,5,1
218,6,0.5625,0.06640625,0.5859375,0.14453125,2,1
218,6,0.5625,0.06640625,0.5859375,0.14453125,5,1
218,6,0.5,0.0625,0.5703125,0.1796875,1,1
218,6,0.49609375,0.171875,0.65234375,0.46875,1,1
218,6,0.49609375,0.171875,0.65234375,0.46875,3,1
218,6,0.375,0.1640625,0.44921875,0.5078125,1,1
218,6,0.375,0.1640625,0.44921875,0.5078125,3,1
218,6,0.3125,0.171875,0.38671875,0.56640625,1,1
218,6,0.3125,0.171875,0.38671875,0.56640625,3,1
218,6,0.15625,0.1875,0.25,0.56640625,1,1
218,6,0.15625,0.1875,0.25,0.56640625,3,1
218,6,0.0546875,0.26171875,0.1171875,0.58203125,1,1
218,6,0.0546875,0.26171875,0.1171875,0.58203125,3,1
218,6,0.0,0.265625,0.0546875,0.58203125,1,1
218,6,0.0,0.265625,0.0546875,0.58203125,3,1
218,6,0.0546875,0.1328125,0.16015625,0.25,1,1
218,6,0.0546875,0.1328125,0.16015625,0.25,4,1
218,6,0.25390625,0.1171875,0.33203125,0.2578125,2,1
218,6,0.25390625,0.1171875,0.33203125,0.2578125,5,1
218,6,0.33984375,0.08984375,0.37109375,0.15234375,2,1
218,6,0.33984375,0.08984375,0.37109375,0.15234375,5,1
218,6,0.36328125,0.09765625,0.4140625,0.20703125,2,1
218,6,0.36328125,0.09765625,0.4140625,0.20703125,5,1
218,7,0.828125,0.11328125,0.8828125,0.19140625,2,1
218,7,0.828125,0.11328125,0.8828125,0.19140625,5,1
218,7,0.76953125,0.09375,0.8125,0.171875,2,1
218,7,0.76953125,0.09375,0.8125,0.171875,5,1
218,7,0.89453125,0.1328125,0.9765625,0.25,1,1
218,7,0.95703125,0.24609375,0.9921875,0.49609375,1,1
218,7,0.95703125,0.24609375,0.9921875,0.49609375,3,1
218,7,0.83984375,0.1875,0.953125,0.49609375,1,1
218,7,0.83984375,0.1875,0.953125,0.49609375,3,1
218,7,0.734375,0.171875,0.828125,0.41796875,1,1
218,7,0.734375,0.171875,0.828125,0.41796875,3,1
218,7,0.453125,0.18359375,0.65234375,0.46484375,1,1
218,7,0.453125,0.18359375,0.65234375,0.46484375,3,1
218,7,0.37890625,0.1796875,0.45703125,0.4765625,1,1
218,7,0.37890625,0.1796875,0.45703125,0.4765625,3,1
218,7,0.3046875,0.17578125,0.3828125,0.56640625,1,1
218,7,0.3046875,0.17578125,0.3828125,0.56640625,3,1
218,7,0.15234375,0.19921875,0.25,0.55859375,1,1
218,7,0.15234375,0.19921875,0.25,0.55859375,3,1
218,7,0.0546875,0.26953125,0.109375,0.5703125,1,1
218,7,0.0546875,0.26953125,0.109375,0.5703125,3,1
218,7,0.00390625,0.2734375,0.05078125,0.5703125,1,1
218,7,0.00390625,0.2734375,0.05078125,0.5703125,3,1
218,7,0.05078125,0.13671875,0.16015625,0.25390625,1,1
218,7,0.05078125,0.13671875,0.16015625,0.25390625,4,1
218,7,0.24609375,0.12109375,0.33203125,0.25,2,1
218,7,0.24609375,0.12109375,0.33203125,0.25,5,1
218,7,0.3671875,0.10546875,0.421875,0.21484375,2,1
218,7,0.3671875,0.10546875,0.421875,0.21484375,5,1
218,7,0.33203125,0.08984375,0.3671875,0.1640625,2,1
218,7,0.33203125,0.08984375,0.3671875,0.1640625,5,1
218,7,0.49609375,0.06640625,0.5703125,0.1796875,1,1
218,7,0.5625,0.0625,0.58984375,0.140625,2,1
218,7,0.5625,0.0625,0.58984375,0.140625,5,1
218,7,0.59375,0.05078125,0.64453125,0.14453125,2,1
218,7,0.59375,0.05078125,0.64453125,0.14453125,5,1
219,2,0.12890625,0.24609375,0.1953125,0.57421875,1,1
219,2,0.12890625,0.24609375,0.1953125,0.57421875,3,1
219,2,0.0,0.328125,0.03515625,0.57421875,1,1
219,2,0.0,0.328125,0.03515625,0.57421875,3,1
219,2,0.06640625,0.15234375,0.14453125,0.28125,1,1
219,2,0.06640625,0.15234375,0.14453125,0.28125,4,1
219,2,0.15234375,0.09765625,0.1953125,0.16015625,1,1
219,2,0.15234375,0.09765625,0.1953125,0.16015625,4,1
219,2,0.33984375,0.13671875,0.44140625,0.234375,2,1
219,2,0.33984375,0.13671875,0.44140625,0.234375,5,1
219,2,0.40625,0.15234375,0.48046875,0.48828125,1,1
219,2,0.40625,0.15234375,0.48046875,0.48828125,3,1
219,2,0.49609375,0.10546875,0.5390625,0.21484375,2,1
219,2,0.49609375,0.10546875,0.5390625,0.21484375,5,1
219,2,0.47265625,0.0078125,0.546875,0.10546875,1,1
219,2,0.58203125,0.0625,0.63671875,0.125,2,1
219,2,0.58203125,0.0625,0.63671875,0.125,5,1
219,2,0.609375,0.10546875,0.67578125,0.21875,2,1
219,2,0.609375,0.10546875,0.67578125,0.21875,5,1
219,2,0.703125,0.12109375,0.77734375,0.23046875,2,1
219,2,0.703125,0.12109375,0.77734375,0.23046875,5,1
219,2,0.7578125,0.1015625,0.8046875,0.16796875,2,1
219,2,0.7578125,0.1015625,0.8046875,0.16796875,5,1
219,2,0.82421875,0.125,0.87890625,0.19921875,2,1
219,2,0.82421875,0.125,0.87890625,0.19921875,5,1
219,2,0.85546875,0.20703125,0.9765625,0.484375,1,1
219,2,0.85546875,0.20703125,0.9765625,0.484375,3,1
219,2,0.9375,0.23828125,0.984375,0.52734375,1,1
219,2,0.9375,0.23828125,0.984375,0.52734375,3,1
219,2,0.890625,0.09375,0.9453125,0.16015625,1,1
219,3,0.12890625,0.2421875,0.1953125,0.578125,1,1
219,3,0.12890625,0.2421875,0.1953125,0.578125,3,1
219,3,0.0,0.30859375,0.03125,0.57421875,1,1
219,3,0.0,0.30859375,0.03125,0.57421875,3,1
219,3,0.0625,0.1484375,0.1484375,0.29296875,1,1
219,3,0.0625,0.1484375,0.1484375,0.29296875,4,1
219,3,0.15234375,0.08984375,0.1953125,0.15625,1,1
219,3,0.15234375,0.08984375,0.1953125,0.15625,4,1
219,3,0.34765625,0.1328125,0.44921875,0.23046875,2,1
219,3,0.34765625,0.1328125,0.44921875,0.23046875,5,1
219,3,0.421875,0.171875,0.49609375,0.44140625,1,1
219,3,0.421875,0.171875,0.49609375,0.44140625,3,1
219,3,0.49609375,0.1015625,0.54296875,0.22265625,2,1
219,3,0.49609375,0.1015625,0.54296875,0.22265625,5,1
219,3,0.46875,0.0078125,0.5546875,0.1015625,1,1
219,3,0.5859375,0.0625,0.63671875,0.125,2,1
219,3,0.5859375,0.0625,0.63671875,0.125,5,1
219,3,0.60546875,0.09765625,0.6796875,0.23046875,2,1
219,3,0.60546875,0.09765625,0.6796875,0.23046875,5,1
219,3,0.703125,0.12109375,0.76953125,0.23046875,2,1
219,3,0.703125,0.12109375,0.76953125,0.23046875,5,1
219,3,0.75390625,0.10546875,0.8046875,0.16015625,2,1
219,3,0.75390625,0.10546875,0.8046875,0.16015625,5,1
219,3,0.82421875,0.11328125,0.87890625,0.20703125,2,1
219,3,0.82421875,0.11328125,0.87890625,0.20703125,5,1
219,3,0.84375,0.203125,0.9765625,0.46484375,1,1
219,3,0.84375,0.203125,0.9765625,0.46484375,3,1
219,3,0.90625,0.21484375,0.9921875,0.5078125,1,1
219,3,0.90625,0.21484375,0.9921875,0.5078125,3,1
219,3,0.88671875,0.0859375,0.94140625,0.1640625,1,1
219,3,0.9453125,0.1875,0.98828125,0.28515625,2,1
219,3,0.9453125,0.1875,0.98828125,0.28515625,5,1
219,4,0.06640625,0.1484375,0.14453125,0.296875,1,1
219,4,0.06640625,0.1484375,0.14453125,0.296875,4,1
219,4,0.0,0.3203125,0.03125,0.56640625,1,1
219,4,0.0,0.3203125,0.03125,0.56640625,3,1
219,4,0.1328125,0.25390625,0.1875,0.578125,1,1
219,4,0.1328125,0.25390625,0.1875,0.578125,3,1
219,4,0.33984375,0.125,0.44921875,0.23828125,2,1
219,4,0.33984375,0.125,0.44921875,0.23828125,5,1
219,4,0.15625,0.1015625,0.1953125,0.15625,1,1
219,4,0.15625,0.1015625,0.1953125,0.15625,4,1
219,4,0.4140625,0.15234375,0.53125,0.40234375,1,1
219,4,0.4140625,0.15234375,0.53125,0.40234375,3,1
219,4,0.46875,0.0078125,0.5546875,0.10546875,1,1
219,4,0.4921875,0.10546875,0.54296875,0.203125,2,1
219,4,0.4921875,0.10546875,0.54296875,0.203125,5,1
219,4,0.60546875,0.09765625,0.67578125,0.23046875,2,1
219,4,0.60546875,0.09765625,0.67578125,0.23046875,5,1
219,4,0.58203125,0.0625,0.64453125,0.1328125,2,1
219,4,0.58203125,0.0625,0.64453125,0.1328125,5,1
219,4,0.70703125,0.125,0.76953125,0.234375,2,1
219,4,0.70703125,0.125,0.76953125,0.234375,5,1
219,4,0.75,0.09375,0.8046875,0.16796875,2,1
219,4,0.75,0.09375,0.8046875,0.16796875,5,1
219,4,0.828125,0.12890625,0.87890625,0.1875,2,1
219,4,0.828125,0.12890625,0.87890625,0.1875,5,1
219,4,0.88671875,0.08984375,0.9375,0.1640625,1,1
219,4,0.8515625,0.19140625,0.9765625,0.4453125,1,1
219,4,0.8515625,0.19140625,0.9765625,0.4453125,3,1
219,4,0.92578125,0.25,0.9921875,0.51953125,1,1
219,4,0.92578125,0.25,0.9921875,0.51953125,3,1
219,4,0.9375,0.1796875,0.98828125,0.2734375,2,1
219,4,0.9375,0.1796875,0.98828125,0.2734375,5,1
219,5,0.00390625,0.3203125,0.03515625,0.5859375,1,1
219,5,0.00390625,0.3203125,0.03515625,0.5859375,3,1
219,5,0.12890625,0.25,0.1953125,0.5703125,1,1
219,5,0.12890625,0.25,0.1953125,0.5703125,3,1
219,5,0.05859375,0.140625,0.1484375,0.28125,1,1
219,5,0.05859375,0.140625,0.1484375,0.28125,4,1
219,5,0.15234375,0.0859375,0.1953125,0.15625,1,1
219,5,0.15234375,0.0859375,0.1953125,0.15625,4,1
219,5,0.33984375,0.12890625,0.44921875,0.23828125,2,1
219,5,0.33984375,0.12890625,0.44921875,0.23828125,5,1
219,5,0.390625,0.16015625,0.5078125,0.4140625,1,1
219,5,0.390625,0.16015625,0.5078125,0.4140625,3,1
219,5,0.49609375,0.0859375,0.546875,0.21484375,2,1
219,5,0.49609375,0.0859375,0.546875,0.21484375,5,1
219,5,0.49609375,0.0078125,0.5546875,0.08984375,1,1
219,5,0.609375,0.10546875,0.6796875,0.22265625,2,1
219,5,0.609375,0.10546875,0.6796875,0.22265625,5,1
219,5,0.58203125,0.06640625,0.640625,0.125,2,1
219,5,0.58203125,0.06640625,0.640625,0.125,5,1
219,5,0.703125,0.1171875,0.7734375,0.234375,2,1
219,5,0.703125,0.1171875,0.7734375,0.234375,5,1
219,5,0.75,0.0859375,0.8046875,0.1640625,2,1
219,5,0.75,0.0859375,0.8046875,0.1640625,5,1
219,5,0.81640625,0.109375,0.87109375,0.19921875,2,1
219,5,0.81640625,0.109375,0.87109375,0.19921875,5,1
219,5,0.83203125,0.19921875,0.96875,0.421875,1,1
219,5,0.83203125,0.19921875,0.96875,0.421875,3,1
219,5,0.9296875,0.24609375,0.99609375,0.51953125,1,1
219,5,0.9296875,0.24609375,0.99609375,0.51953125,3,1
219,5,0.87890625,0.0859375,0.9453125,0.16015625,1,1
219,5,0.9453125,0.18359375,0.9921875,0.2890625,2,1
219,5,0.9453125,0.18359375,0.9921875,0.2890625,5,1
219,6,0.00390625,0.30859375,0.05078125,0.578125,1,1
219,6,0.00390625,0.30859375,0.05078125,0.578125,3,1
219,6,0.12890625,0.26953125,0.19140625,0.57421875,1,1
219,6,0.12890625,0.26953125,0.19140625,0.57421875,3,1
219,6,0.05859375,0.15234375,0.1484375,0.2890625,1,1
219,6,0.05859375,0.15234375,0.1484375,0.2890625,4,1
219,6,0.1484375,0.08984375,0.19140625,0.1640625,1,1
219,6,0.1484375,0.08984375,0.19140625,0.1640625,4,1
219,6,0.375,0.1484375,0.515625,0.39453125,1,1
219,6,0.375,0.1484375,0.515625,0.39453125,3,1
219,6,0.34765625,0.125,0.44921875,0.23828125,2,1
219,6,0.34765625,0.125,0.44921875,0.23828125,5,1
219,6,0.4921875,0.0859375,0.546875,0.2109375,2,1
219,6,0.4921875,0.0859375,0.546875,0.2109375,5,1
219,6,0.4921875,0.01171875,0.546875,0.08984375,1,1
219,6,0.6015625,0.1015625,0.671875,0.2265625,2,1
219,6,0.6015625,0.1015625,0.671875,0.2265625,5,1
219,6,0.58203125,0.06640625,0.64453125,0.125,2,1
219,6,0.58203125,0.06640625,0.64453125,0.125,5,1
219,6,0.70703125,0.1171875,0.7734375,0.23046875,2,1
219,6,0.70703125,0.1171875,0.7734375,0.23046875,5,1
219,6,0.75,0.09375,0.8046875,0.1640625,2,1
219,6,0.75,0.09375,0.8046875,0.1640625,5,1
219,6,0.8203125,0.125,0.88671875,0.20703125,2,1
219,6,0.8203125,0.125,0.88671875,0.20703125,5,1
219,6,0.828125,0.19921875,0.9609375,0.41015625,1,1
219,6,0.828125,0.19921875,0.9609375,0.41015625,3,1
219,6,0.921875,0.2578125,0.98828125,0.51171875,1,1
219,6,0.921875,0.2578125,0.98828125,0.51171875,3,1
219,6,0.8828125,0.08984375,0.9453125,0.15234375,1,1
219,6,0.9375,0.171875,0.9921875,0.27734375,2,1
219,6,0.9375,0.171875,0.9921875,0.27734375,5,1
219,7,0.0,0.30078125,0.046875,0.5625,1,1
219,7,0.0,0.30078125,0.046875,0.5625,3,1
219,7,0.1328125,0.25390625,0.19140625,0.56640625,1,1
219,7,0.1328125,0.25390625,0.19140625,0.56640625,3,1
219,7,0.37890625,0.16015625,0.51953125,0.40625,1,1
219,7,0.37890625,0.16015625,0.51953125,0.40625,3,1
219,7,0.0546875,0.16015625,0.15625,0.28515625,1,1
219,7,0.0546875,0.16015625,0.15625,0.28515625,4,1
219,7,0.1484375,0.09765625,0.19921875,0.1484375,1,1
219,7,0.1484375,0.09765625,0.19921875,0.1484375,4,1
219,7,0.34765625,0.125,0.45703125,0.234375,2,1
219,7,0.34765625,0.125,0.45703125,0.234375,5,1
219,7,0.49609375,0.09765625,0.54296875,0.20703125,2,1
219,7,0.49609375,0.09765625,0.54296875,0.20703125,5,1
219,7,0.4921875,0.0078125,0.55078125,0.08984375,1,1
219,7,0.59765625,0.10546875,0.67578125,0.22265625,2,1
219,7,0.59765625,0.10546875,0.67578125,0.22265625,5,1
219,7,0.58203125,0.078125,0.64453125,0.12890625,2,1
219,7,0.58203125,0.078125,0.64453125,0.12890625,5,1
219,7,0.70703125,0.10546875,0.77734375,0.2421875,2,1
219,7,0.70703125,0.10546875,0.77734375,0.2421875,5,1
219,7,0.83984375,0.19140625,0.93359375,0.40625,1,1
219,7,0.921875,0.25390625,0.98828125,0.5078125,1,1
219,7,0.921875,0.25390625,0.98828125,0.5078125,3,1
219,7,0.9453125,0.18359375,0.9921875,0.28515625,2,1
219,7,0.9453125,0.18359375,0.9921875,0.28515625,5,1
219,7,0.88671875,0.0859375,0.9453125,0.15625,1,1
219,7,0.82421875,0.11328125,0.87890625,0.1875,2,1
219,7,0.82421875,0.11328125,0.87890625,0.1875,5,1
219,7,0.7578125,0.0859375,0.80859375,0.17578125,2,1
219,7,0.7578125,0.0859375,0.80859375,0.17578125,5,1
220,2,0.09765625,0.109375,0.18359375,0.26171875,1,1
220,2,0.09765625,0.109375,0.18359375,0.26171875,4,1
220,2,0.515625,0.1796875,0.59375,0.5625,1,1
220,2,0.515625,0.1796875,0.59375,0.5625,3,1
220,2,0.6953125,0.17578125,0.84765625,0.515625,1,1
220,2,0.6953125,0.17578125,0.84765625,0.515625,3,1
220,2,0.84765625,0.21484375,0.94140625,0.515625,1,1
220,2,0.84765625,0.21484375,0.94140625,0.515625,3,1
220,2,0.9375,0.234375,0.9921875,0.48046875,1,1
220,2,0.9375,0.234375,0.9921875,0.48046875,3,1
220,2,0.46484375,0.0390625,0.58203125,0.17578125,1,1
220,2,0.609375,0.1015625,0.6875,0.22265625,2,1
220,2,0.609375,0.1015625,0.6875,0.22265625,5,1
220,2,0.6953125,0.109375,0.78125,0.19921875,2,1
220,2,0.6953125,0.109375,0.78125,0.19921875,5,1
220,2,0.71484375,0.03515625,0.76953125,0.125,1,1
220,2,0.84765625,0.07421875,0.87890625,0.1171875,1,1
220,2,0.79296875,0.1015625,0.84765625,0.27734375,1,1
220,2,0.8515625,0.14453125,0.90234375,0.24609375,2,1
220,2,0.8515625,0.14453125,0.90234375,0.24609375,5,1
220,2,0.9453125,0.18359375,0.9921875,0.28515625,2,1
220,2,0.9453125,0.18359375,0.9921875,0.28515625,5,1
220,3,0.09765625,0.10546875,0.17578125,0.25390625,1,1
220,3,0.09765625,0.10546875,0.17578125,0.25390625,4,1
220,3,0.45703125,0.03515625,0.578125,0.203125,1,1
220,3,0.51171875,0.1796875,0.5859375,0.54296875,1,1
220,3,0.51171875,0.1796875,0.5859375,0.54296875,3,1
220,3,0.6875,0.16796875,0.84765625,0.51171875,1,1
220,3,0.6875,0.16796875,0.84765625,0.51171875,3,1
220,3,0.85546875,0.2109375,0.9453125,0.51171875,1,1
220,3,0.85546875,0.2109375,0.9453125,0.51171875,3,1
220,3,0.9453125,0.25,0.99609375,0.45703125,1,1
220,3,0.9453125,0.25,0.99609375,0.45703125,3,1
220,3,0.60546875,0.1015625,0.68359375,0.2265625,2,1
220,3,0.60546875,0.1015625,0.68359375,0.2265625,5,1
220,3,0.6953125,0.109375,0.765625,0.20703125,2,1
220,3,0.6953125,0.109375,0.765625,0.20703125,5,1
220,3,0.7109375,0.03515625,0.765625,0.1328125,1,1
220,3,0.83984375,0.05859375,0.87890625,0.11328125,1,1
220,3,0.77734375,0.046875,0.83984375,0.10546875,1,1
220,3,0.7890625,0.109375,0.84375,0.28125,1,1
220,3,0.84765625,0.13671875,0.8984375,0.2421875,2,1
220,3,0.84765625,0.13671875,0.8984375,0.2421875,5,1
220,3,0.9453125,0.18359375,0.99609375,0.28125,2,1
220,3,0.9453125,0.18359375,0.99609375,0.28125,5,1
220,3,0.9140625,0.17578125,0.94140625,0.26171875,2,1
220,3,0.9140625,0.17578125,0.94140625,0.26171875,5,1
220,4,0.09375,0.09765625,0.18359375,0.265625,1,1
220,4,0.09375,0.09765625,0.18359375,0.265625,4,1
220,4,0.4609375,0.05078125,0.578125,0.22265625,1,1
220,4,0.51171875,0.1640625,0.58203125,0.52734375,1,1
220,4,0.51171875,0.1640625,0.58203125,0.52734375,3,1
220,4,0.609375,0.1015625,0.6875,0.2265625,2,1
220,4,0.609375,0.1015625,0.6875,0.2265625,5,1
220,4,0.69140625,0.1796875,0.84375,0.5234375,1,1
220,4,0.69140625,0.1796875,0.84375,0.5234375,3,1
220,4,0.84765625,0.23046875,0.94921875,0.5078125,1,1
220,4,0.84765625,0.23046875,0.94921875,0.5078125,3,1
220,4,0.9296875,0.23828125,0.98828125,0.44921875,1,1
220,4,0.9296875,0.23828125,0.98828125,0.44921875,3,1
220,4,0.69140625,0.11328125,0.765625,0.19921875,2,1
220,4,0.69140625,0.11328125,0.765625,0.19921875,5,1
220,4,0.71484375,0.03515625,0.765625,0.1328125,1,1
220,4,0.84375,0.07421875,0.8828125,0.11328125,1,1
220,4,0.77734375,0.05078125,0.84375,0.10546875,1,1
220,4,0.79296875,0.10546875,0.84375,0.28125,1,1
220,4,0.84765625,0.140625,0.90234375,0.24609375,2,1
220,4,0.84765625,0.140625,0.90234375,0.24609375,5,1
220,4,0.94140625,0.17578125,0.98828125,0.27734375,2,1
220,4,0.94140625,0.17578125,0.98828125,0.27734375,5,1
220,4,0.91015625,0.171875,0.94140625,0.2578125,2,1
220,4,0.91015625,0.171875,0.94140625,0.2578125,5,1
220,5,0.09375,0.10546875,0.17578125,0.2578125,1,1
220,5,0.09375,0.10546875,0.17578125,0.2578125,4,1
220,5,0.4609375,0.0390625,0.57421875,0.18359375,1,1
220,5,0.5078125,0.16796875,0.58984375,0.4765625,1,1
220,5,0.5078125,0.16796875,0.58984375,0.4765625,3,1
220,5,0.69140625,0.171875,0.84375,0.515625,1,1
220,5,0.69140625,0.171875,0.84375,0.515625,3,1
220,5,0.84765625,0.21484375,0.94921875,0.52734375,1,1
220,5,0.84765625,0.21484375,0.94921875,0.52734375,3,1
220,5,0.9296875,0.2265625,0.99609375,0.44140625,1,1
220,5,0.9296875,0.2265625,0.99609375,0.44140625,3,1
220,5,0.71484375,0.0390625,0.765625,0.125,1,1
220,5,0.84375,0.07421875,0.8828125,0.11328125,1,1
220,2,0.77734375,0.046875,0.84375,0.109375,1,1
220,5,0.77734375,0.05078125,0.8359375,0.09765625,1,1
220,5,0.79296875,0.10546875,0.84375,0.27734375,1,1
220,5,0.84765625,0.140625,0.89453125,0.23828125,2,1
220,5,0.84765625,0.140625,0.89453125,0.23828125,5,1
220,5,0.91796875,0.17578125,0.9453125,0.25,2,1
220,5,0.91796875,0.17578125,0.9453125,0.25,5,1
220,5,0.9453125,0.1875,0.98828125,0.27734375,2,1
220,5,0.9453125,0.1875,0.98828125,0.27734375,5,1
220,5,0.96484375,0.1328125,0.9921875,0.1875,1,1
220,5,0.6953125,0.11328125,0.7734375,0.20703125,2,1
220,5,0.6953125,0.11328125,0.7734375,0.20703125,5,1
220,5,0.6015625,0.10546875,0.67578125,0.22265625,2,1
220,5,0.6015625,0.10546875,0.67578125,0.22265625,5,1
220,6,0.45703125,0.0390625,0.58203125,0.19140625,1,1
220,6,0.5078125,0.171875,0.578125,0.44921875,1,1
220,6,0.5078125,0.171875,0.578125,0.44921875,3,1
220,6,0.60546875,0.08984375,0.6875,0.22265625,2,1
220,6,0.60546875,0.08984375,0.6875,0.22265625,5,1
220,6,0.69140625,0.1796875,0.84375,0.5234375,1,1
220,6,0.69140625,0.1796875,0.84375,0.5234375,3,1
220,6,0.84765625,0.2265625,0.953125,0.53515625,1,1
220,6,0.84765625,0.2265625,0.953125,0.53515625,3,1
220,6,0.9296875,0.23828125,0.99609375,0.44140625,1,1
220,6,0.9296875,0.23828125,0.99609375,0.44140625,3,1
220,6,0.69140625,0.10546875,0.76953125,0.20703125,2,1
220,6,0.69140625,0.10546875,0.76953125,0.20703125,5,1
220,6,0.71484375,0.03125,0.765625,0.125,1,1
220,6,0.79296875,0.1015625,0.84375,0.2734375,1,1
220,6,0.96484375,0.140625,0.9921875,0.1953125,1,1
220,6,0.83984375,0.078125,0.875,0.12109375,1,1
220,6,0.77734375,0.0546875,0.83984375,0.09765625,1,1
220,6,0.9453125,0.18359375,0.9921875,0.28515625,2,1
220,6,0.9453125,0.18359375,0.9921875,0.28515625,5,1
220,6,0.91015625,0.17578125,0.94921875,0.26171875,2,1
220,6,0.91015625,0.17578125,0.94921875,0.26171875,5,1
220,6,0.84765625,0.14453125,0.89453125,0.234375,2,1
220,6,0.84765625,0.14453125,0.89453125,0.234375,5,1
220,7,0.09375,0.1015625,0.1796875,0.25,1,1
220,7,0.09375,0.1015625,0.1796875,0.25,4,1
220,7,0.5,0.171875,0.58203125,0.46484375,1,1
220,7,0.5,0.171875,0.58203125,0.46484375,3,1
220,7,0.453125,0.05078125,0.5859375,0.17578125,1,1
220,7,0.69140625,0.17578125,0.84765625,0.51953125,1,1
220,7,0.69140625,0.17578125,0.84765625,0.51953125,3,1
220,7,0.8515625,0.22265625,0.94921875,0.53125,1,1
220,7,0.8515625,0.22265625,0.94921875,0.53125,3,1
220,7,0.94140625,0.23046875,0.9921875,0.4453125,1,1
220,7,0.94140625,0.23046875,0.9921875,0.4453125,3,1
220,7,0.61328125,0.09765625,0.6875,0.2265625,2,1
220,7,0.61328125,0.09765625,0.6875,0.2265625,5,1
220,7,0.6953125,0.11328125,0.76953125,0.203125,2,1
220,7,0.6953125,0.11328125,0.76953125,0.203125,5,1
220,7,0.71484375,0.0390625,0.76171875,0.1328125,1,1
220,7,0.8359375,0.078125,0.875,0.11328125,1,1
220,7,0.77734375,0.05078125,0.84375,0.10546875,1,1
220,7,0.7890625,0.109375,0.8515625,0.21484375,1,1
220,7,0.85546875,0.13671875,0.8984375,0.21484375,2,1
220,7,0.85546875,0.13671875,0.8984375,0.21484375,5,1
220,7,0.94140625,0.1875,0.98828125,0.28515625,2,1
220,7,0.94140625,0.1875,0.98828125,0.28515625,5,1
220,7,0.91015625,0.171875,0.94921875,0.25,2,1
220,7,0.91015625,0.171875,0.94921875,0.25,5,1
221,2,0.75390625,0.09375,0.8203125,0.171875,2,1
221,2,0.75390625,0.09375,0.8203125,0.171875,5,1
221,2,0.81640625,0.06640625,0.859375,0.18359375,1,1
221,2,0.8671875,0.13671875,0.9140625,0.21484375,2,1
221,2,0.8671875,0.13671875,0.9140625,0.21484375,5,1
221,2,0.8984375,0.10546875,0.9296875,0.16796875,1,1
221,2,0.91796875,0.16015625,0.96875,0.2578125,1,1
221,2,0.953125,0.1328125,0.98046875,0.18359375,1,1
221,2,0.91015625,0.2265625,0.984375,0.5078125,1,1
221,2,0.91015625,0.2265625,0.984375,0.5078125,3,1
221,3,0.921875,0.22265625,0.98828125,0.50390625,1,1
221,3,0.921875,0.22265625,0.98828125,0.50390625,3,1
221,3,0.75390625,0.09765625,0.8203125,0.171875,2,1
221,3,0.75390625,0.09765625,0.8203125,0.171875,5,1
221,3,0.8125,0.0703125,0.859375,0.16796875,1,1
221,3,0.921875,0.1484375,0.9609375,0.234375,1,1
221,3,0.8984375,0.10546875,0.93359375,0.16796875,1,1
221,3,0.8671875,0.13671875,0.9140625,0.21484375,2,1
221,3,0.8671875,0.13671875,0.9140625,0.21484375,5,1
221,3,0.953125,0.1328125,0.984375,0.1796875,1,1
221,4,0.921875,0.21484375,0.9921875,0.5,1,1
221,4,0.921875,0.21484375,0.9921875,0.5,3,1
221,4,0.75390625,0.09765625,0.828125,0.17578125,2,1
221,4,0.75390625,0.09765625,0.828125,0.17578125,5,1
221,4,0.8125,0.0625,0.86328125,0.17578125,1,1
221,4,0.8671875,0.13671875,0.91015625,0.20703125,2,1
221,4,0.8671875,0.13671875,0.91015625,0.20703125,5,1
221,4,0.91796875,0.14453125,0.9609375,0.22265625,1,1
221,4,0.89453125,0.09765625,0.9296875,0.1484375,1,1
221,4,0.953125,0.140625,0.98828125,0.19140625,1,1
221,5,0.921875,0.21875,0.98828125,0.48828125,1,1
221,5,0.921875,0.21875,0.98828125,0.48828125,3,1
221,5,0.9140625,0.13671875,0.96484375,0.23828125,1,1
221,5,0.890625,0.09765625,0.92578125,0.1640625,1,1
221,5,0.8671875,0.140625,0.9140625,0.203125,2,1
221,5,0.8671875,0.140625,0.9140625,0.203125,5,1
221,5,0.82421875,0.07421875,0.86328125,0.17578125,1,1
221,5,0.75390625,0.1015625,0.8203125,0.1875,2,1
221,5,0.75390625,0.1015625,0.8203125,0.1875,5,1
221,5,0.953125,0.1328125,0.984375,0.1796875,1,1
221,6,0.91796875,0.21484375,0.9921875,0.4921875,1,1
221,6,0.91796875,0.21484375,0.9921875,0.4921875,3,1
221,6,0.921875,0.15234375,0.9609375,0.2421875,1,1
221,6,0.7578125,0.10546875,0.8203125,0.16796875,2,1
221,6,0.7578125,0.10546875,0.8203125,0.16796875,5,1
221,6,0.8203125,0.078125,0.86328125,0.1796875,1,1
221,6,0.87109375,0.140625,0.9140625,0.20703125,2,1
221,6,0.87109375,0.140625,0.9140625,0.20703125,5,1
221,6,0.89453125,0.1015625,0.93359375,0.15234375,1,1
221,6,0.953125,0.1328125,0.98828125,0.18359375,1,1
221,7,0.9296875,0.21875,0.9921875,0.48828125,1,1
221,7,0.9296875,0.21875,0.9921875,0.48828125,3,1
221,7,0.765625,0.0859375,0.82421875,0.17578125,2,1
221,7,0.765625,0.0859375,0.82421875,0.17578125,5,1
221,7,0.81640625,0.0625,0.86328125,0.17578125,1,1
221,7,0.87109375,0.13671875,0.91015625,0.203125,2,1
221,7,0.87109375,0.13671875,0.91015625,0.203125,5,1
221,7,0.921875,0.140625,0.96484375,0.23828125,1,1
221,7,0.89453125,0.1015625,0.9296875,0.15234375,1,1
221,7,0.95703125,0.12890625,0.98046875,0.1875,1,1
222,2,0.09375,0.11328125,0.1640625,0.203125,1,1
222,2,0.17578125,0.06640625,0.27734375,0.15234375,1,1
222,2,0.11328125,0.265625,0.203125,0.57421875,3,1
222,2,0.11328125,0.265625,0.203125,0.57421875,1,1
222,2,0.42578125,0.16796875,0.5,0.5546875,1,1
222,2,0.42578125,0.16796875,0.5,0.5546875,3,1
222,2,0.4921875,0.07421875,0.5390625,0.21484375,2,1
222,2,0.4921875,0.07421875,0.5390625,0.21484375,5,1
222,2,0.54296875,0.1640625,0.69921875,0.5234375,1,1
222,2,0.54296875,0.1640625,0.69921875,0.5234375,3,1
222,2,0.74609375,0.1875,0.88671875,0.50390625,1,1
222,2,0.74609375,0.1875,0.88671875,0.50390625,3,1
222,2,0.84375,0.19140625,0.9609375,0.41796875,1,1
222,2,0.65625,0.0859375,0.7734375,0.2109375,1,1
222,2,0.85546875,0.0859375,0.9140625,0.171875,1,1
222,3,0.1171875,0.26953125,0.2109375,0.5703125,1,1
222,3,0.1171875,0.26953125,0.2109375,0.5703125,3,1
222,3,0.09375,0.109375,0.16015625,0.19921875,1,1
222,3,0.09375,0.109375,0.16015625,0.19921875,3,1
222,3,0.1796875,0.05859375,0.2734375,0.140625,1,1
222,3,0.1796875,0.05859375,0.2734375,0.140625,4,1
222,3,0.421875,0.16796875,0.50390625,0.546875,1,1
222,3,0.421875,0.16796875,0.50390625,0.546875,3,1
222,3,0.54296875,0.171875,0.70703125,0.546875,1,1
222,3,0.54296875,0.171875,0.70703125,0.546875,3,1
222,3,0.49609375,0.08984375,0.5390625,0.21875,2,1
222,3,0.49609375,0.08984375,0.5390625,0.21875,5,1
222,3,0.7578125,0.1796875,0.89453125,0.515625,1,1
222,3,0.7578125,0.1796875,0.89453125,0.515625,3,1
222,3,0.83984375,0.17578125,0.9609375,0.43359375,1,1
222,3,0.83984375,0.17578125,0.9609375,0.43359375,3,1
222,3,0.6640625,0.07421875,0.765625,0.2734375,1,1
222,3,0.84765625,0.08203125,0.90625,0.1484375,1,1
222,4,0.171875,0.06640625,0.27734375,0.1484375,1,1
222,4,0.171875,0.06640625,0.27734375,0.1484375,4,1
222,4,0.08984375,0.109375,0.16015625,0.203125,1,1
222,4,0.1171875,0.26171875,0.19921875,0.58203125,1,1
222,4,0.1171875,0.26171875,0.19921875,0.58203125,3,1
222,4,0.421875,0.1796875,0.5,0.5625,1,1
222,4,0.421875,0.1796875,0.5,0.5625,3,1
222,4,0.55078125,0.16015625,0.703125,0.546875,1,1
222,4,0.55078125,0.16015625,0.703125,0.546875,3,1
222,4,0.49609375,0.08984375,0.54296875,0.2265625,2,1
222,4,0.49609375,0.08984375,0.54296875,0.2265625,5,1
222,4,0.66796875,0.0703125,0.75,0.25390625,1,1
222,4,0.7578125,0.1953125,0.8828125,0.5078125,1,1
222,4,0.7578125,0.1953125,0.8828125,0.5078125,3,1
222,4,0.83984375,0.19140625,0.95703125,0.41015625,1,1
222,4,0.83984375,0.19140625,0.95703125,0.41015625,3,1
222,4,0.85546875,0.0859375,0.90234375,0.140625,1,1
222,5,0.171875,0.05859375,0.26953125,0.13671875,1,1
222,5,0.171875,0.05859375,0.26953125,0.13671875,4,1
222,5,0.09765625,0.11328125,0.16015625,0.21484375,1,1
222,5,0.11328125,0.26953125,0.20703125,0.58203125,1,1
222,5,0.11328125,0.26953125,0.20703125,0.58203125,3,1
222,5,0.40234375,0.171875,0.48046875,0.546875,1,1
222,5,0.40234375,0.171875,0.48046875,0.546875,3,1
222,5,0.49609375,0.09375,0.54296875,0.23046875,2,1
222,5,0.49609375,0.09375,0.54296875,0.23046875,5,1
222,5,0.546875,0.16796875,0.703125,0.546875,1,1
222,5,0.546875,0.16796875,0.703125,0.546875,3,1
222,5,0.76171875,0.1875,0.875,0.52734375,1,1
222,5,0.76171875,0.1875,0.875,0.52734375,3,1
222,5,0.671875,0.09375,0.7578125,0.2734375,1,1
222,5,0.83203125,0.17578125,0.94140625,0.39453125,1,1
222,5,0.83203125,0.17578125,0.94140625,0.39453125,3,1
222,5,0.84765625,0.0859375,0.90625,0.140625,1,1
222,6,0.17578125,0.0703125,0.27734375,0.15625,1,1
222,6,0.17578125,0.0703125,0.27734375,0.15625,4,1
222,6,0.09375,0.10546875,0.16015625,0.2109375,1,1
222,6,0.1171875,0.26953125,0.203125,0.578125,1,1
222,6,0.1171875,0.26953125,0.203125,0.578125,3,1
222,6,0.40625,0.16796875,0.4765625,0.56640625,1,1
222,6,0.40625,0.16796875,0.4765625,0.56640625,3,1
222,6,0.54296875,0.1640625,0.6953125,0.546875,1,1
222,6,0.54296875,0.1640625,0.6953125,0.546875,3,1
222,6,0.49609375,0.08984375,0.54296875,0.22265625,2,1
222,6,0.49609375,0.08984375,0.54296875,0.22265625,5,1
222,6,0.65625,0.0859375,0.75390625,0.26953125,1,1
222,6,0.765625,0.1875,0.8828125,0.52734375,1,1
222,6,0.765625,0.1875,0.8828125,0.52734375,3,1
222,6,0.83203125,0.1796875,0.9375,0.41015625,1,1
222,6,0.83203125,0.1796875,0.9375,0.41015625,3,1
222,6,0.85546875,0.08984375,0.91796875,0.18359375,1,1
222,7,0.171875,0.05859375,0.2734375,0.1484375,1,1
222,7,0.171875,0.05859375,0.2734375,0.1484375,4,1
222,7,0.09765625,0.109375,0.15625,0.21484375,1,1
222,7,0.109375,0.26953125,0.1953125,0.58984375,1,1
222,7,0.109375,0.26953125,0.1953125,0.58984375,3,1
222,7,0.40625,0.17578125,0.48046875,0.5625,1,1
222,7,0.40625,0.17578125,0.48046875,0.5625,3,1
222,7,0.54296875,0.16796875,0.703125,0.5390625,1,1
222,7,0.54296875,0.16796875,0.703125,0.5390625,3,1
222,7,0.49609375,0.0859375,0.5390625,0.21875,2,1
222,7,0.49609375,0.0859375,0.5390625,0.21875,5,1
222,7,0.76953125,0.1875,0.87890625,0.52734375,1,1
222,7,0.76953125,0.1875,0.87890625,0.52734375,3,1
222,7,0.83203125,0.1875,0.9453125,0.4296875,1,1
222,7,0.83203125,0.1875,0.9453125,0.4296875,3,1
222,7,0.65625,0.0859375,0.75390625,0.26953125,1,1
222,7,0.85546875,0.08984375,0.90625,0.1484375,1,1
223,2,0.00390625,0.21875,0.05859375,0.3671875,1,1
223,2,0.11328125,0.09375,0.1953125,0.20703125,1,1
223,2,0.11328125,0.09375,0.1953125,0.20703125,4,1
223,2,0.10546875,0.20703125,0.21875,0.46875,1,1
223,2,0.10546875,0.20703125,0.21875,0.46875,3,1
223,2,0.26953125,0.20703125,0.46875,0.46875,1,1
223,2,0.46875,0.1796875,0.55859375,0.5625,1,1
223,2,0.46875,0.1796875,0.55859375,0.5625,3,1
223,2,0.55859375,0.16015625,0.640625,0.5546875,1,1
223,2,0.55859375,0.16015625,0.640625,0.5546875,3,1
223,2,0.6796875,0.1640625,0.8671875,0.45703125,1,1
223,2,0.6796875,0.1640625,0.8671875,0.45703125,3,1
223,2,0.8671875,0.19140625,0.9375,0.53515625,1,1
223,2,0.8671875,0.19140625,0.9375,0.53515625,3,1
223,2,0.5,0.0859375,0.55078125,0.1953125,2,1
223,2,0.5,0.0859375,0.55078125,0.1953125,5,1
223,2,0.609375,0.09375,0.671875,0.21875,2,1
223,2,0.609375,0.09375,0.671875,0.21875,5,1
223,2,0.71484375,0.109375,0.78125,0.203125,2,1
223,2,0.71484375,0.109375,0.78125,0.203125,5,1
223,2,0.4296875,0.07421875,0.47265625,0.14453125,2,1
223,2,0.4296875,0.07421875,0.47265625,0.14453125,5,1
223,2,0.2421875,0.12890625,0.31640625,0.19140625,2,1
223,2,0.2421875,0.12890625,0.31640625,0.19140625,5,1
223,3,0.0078125,0.21875,0.05859375,0.34765625,1,1
223,3,0.109375,0.19921875,0.22265625,0.49609375,1,1
223,3,0.109375,0.19921875,0.22265625,0.49609375,3,1
223,3,0.109375,0.09765625,0.19921875,0.19140625,1,1
223,3,0.109375,0.09765625,0.19921875,0.19140625,4,1
223,3,0.23046875,0.1640625,0.34375,0.37109375,1,1
223,3,0.5703125,0.15625,0.6484375,0.54296875,1,1
223,3,0.5703125,0.15625,0.6484375,0.54296875,3,1
223,3,0.5,0.17578125,0.56640625,0.546875,1,1
223,3,0.5,0.17578125,0.56640625,0.546875,3,1
223,3,0.67578125,0.16015625,0.859375,0.453125,1,1
223,3,0.67578125,0.16015625,0.859375,0.453125,3,1
223,3,0.86328125,0.20703125,0.93359375,0.54296875,1,1
223,3,0.86328125,0.20703125,0.93359375,0.54296875,3,1
223,3,0.25390625,0.125,0.328125,0.23046875,2,1
223,3,0.25390625,0.125,0.328125,0.23046875,5,1
223,3,0.4296875,0.06640625,0.4765625,0.14453125,2,1
223,3,0.4296875,0.06640625,0.4765625,0.14453125,5,1
223,3,0.49609375,0.0859375,0.546875,0.16796875,2,1
223,3,0.49609375,0.0859375,0.546875,0.16796875,5,1
223,3,0.609375,0.09375,0.66796875,0.21875,2,1
223,3,0.609375,0.09375,0.66796875,0.21875,5,1
223,3,0.71484375,0.11328125,0.78125,0.203125,2,1
223,3,0.71484375,0.11328125,0.78125,0.203125,5,1
223,4,0.00390625,0.2265625,0.05859375,0.3359375,1,1
223,4,0.1015625,0.09765625,0.1953125,0.19921875,1,1
223,4,0.1015625,0.09765625,0.1953125,0.19921875,4,1
223,4,0.11328125,0.203125,0.22265625,0.53125,1,1
223,4,0.11328125,0.203125,0.22265625,0.53125,3,1
223,4,0.234375,0.16796875,0.34765625,0.40234375,1,1
223,4,0.4921875,0.16796875,0.56640625,0.53515625,1,1
223,4,0.4921875,0.16796875,0.56640625,0.53515625,3,1
223,4,0.56640625,0.15625,0.6328125,0.55078125,1,1
223,4,0.56640625,0.15625,0.6328125,0.55078125,3,1
223,4,0.671875,0.15625,0.8671875,0.4375,1,1
223,4,0.671875,0.15625,0.8671875,0.4375,3,1
223,4,0.859375,0.2421875,0.93359375,0.53515625,1,1
223,4,0.859375,0.2421875,0.93359375,0.53515625,3,1
223,4,0.71484375,0.109375,0.78125,0.203125,2,1
223,4,0.71484375,0.109375,0.78125,0.203125,5,1
223,4,0.60546875,0.10546875,0.671875,0.22265625,2,1
223,4,0.60546875,0.10546875,0.671875,0.22265625,5,1
223,4,0.50390625,0.08203125,0.55078125,0.1640625,2,1
223,4,0.50390625,0.08203125,0.55078125,0.1640625,5,1
223,4,0.3359375,0.08984375,0.37890625,0.1640625,2,1
223,4,0.3359375,0.08984375,0.37890625,0.1640625,5,1
223,4,0.2421875,0.12109375,0.3125,0.171875,2,1
223,4,0.2421875,0.12109375,0.3125,0.171875,5,1
223,5,0.10546875,0.08203125,0.1953125,0.20703125,1,1
223,5,0.10546875,0.08203125,0.1953125,0.20703125,4,1
223,5,0.01171875,0.2109375,0.05859375,0.3359375,1,1
223,5,0.11328125,0.2109375,0.2265625,0.53515625,1,1
223,5,0.11328125,0.2109375,0.2265625,0.53515625,3,1
223,5,0.23828125,0.1640625,0.35546875,0.44921875,1,1
223,5,0.49609375,0.16796875,0.5625,0.52734375,1,1
223,5,0.49609375,0.16796875,0.5625,0.52734375,3,1
223,5,0.56640625,0.1640625,0.640625,0.546875,1,1
223,5,0.56640625,0.1640625,0.640625,0.546875,3,1
223,5,0.671875,0.15234375,0.8515625,0.421875,1,1
223,5,0.671875,0.15234375,0.8515625,0.421875,3,1
223,5,0.84765625,0.234375,0.9375,0.53515625,1,1
223,5,0.84765625,0.234375,0.9375,0.53515625,3,1
223,5,0.609375,0.09375,0.6640625,0.21484375,2,1
223,5,0.609375,0.09375,0.6640625,0.21484375,5,1
223,5,0.33203125,0.09375,0.375,0.16015625,2,1
223,5,0.33203125,0.09375,0.375,0.16015625,5,1
223,5,0.25,0.109375,0.3125,0.1796875,2,1
223,5,0.25,0.109375,0.3125,0.1796875,5,1
223,5,0.71484375,0.109375,0.78125,0.19921875,2,1
223,5,0.71484375,0.109375,0.78125,0.19921875,5,1
223,6,0.109375,0.0859375,0.19921875,0.203125,1,1
223,6,0.109375,0.0859375,0.19921875,0.203125,4,1
223,6,0.01171875,0.21875,0.0546875,0.359375,1,1
223,6,0.1171875,0.19921875,0.23046875,0.546875,1,1
223,6,0.1171875,0.19921875,0.23046875,0.546875,3,1
223,6,0.27734375,0.171875,0.36328125,0.42578125,1,1
223,6,0.49609375,0.1640625,0.578125,0.5,1,1
223,6,0.49609375,0.1640625,0.578125,0.5,3,1
223,6,0.578125,0.171875,0.64453125,0.546875,1,1
223,6,0.578125,0.171875,0.64453125,0.546875,3,1
223,6,0.7890625,0.1953125,0.9375,0.54296875,1,1
223,6,0.7890625,0.1953125,0.9375,0.54296875,3,1
223,6,0.609375,0.09765625,0.6640625,0.21484375,2,1
223,6,0.609375,0.09765625,0.6640625,0.21484375,5,1
223,6,0.72265625,0.10546875,0.78125,0.19921875,2,1
223,6,0.72265625,0.10546875,0.78125,0.19921875,5,1
223,6,0.64453125,0.0703125,0.6953125,0.14453125,2,1
223,6,0.64453125,0.0703125,0.6953125,0.14453125,5,1
223,6,0.23828125,0.11328125,0.3125,0.26953125,2,1
223,6,0.23828125,0.11328125,0.3125,0.26953125,5,1
223,6,0.328125,0.08984375,0.375,0.1640625,2,1
223,6,0.328125,0.08984375,0.375,0.1640625,5,1
223,6,0.37109375,0.08984375,0.40625,0.23046875,2,1
223,6,0.37109375,0.08984375,0.40625,0.23046875,5,1
223,7,0.0078125,0.21875,0.05859375,0.359375,1,1
223,7,0.109375,0.1015625,0.1953125,0.2109375,1,1
223,7,0.109375,0.1015625,0.1953125,0.2109375,4,1
223,7,0.1484375,0.21484375,0.23046875,0.47265625,1,1
223,7,0.1484375,0.21484375,0.23046875,0.47265625,3,1
223,7,0.2734375,0.171875,0.43359375,0.41796875,1,1
223,7,0.5,0.16796875,0.58203125,0.5,1,1
223,7,0.5,0.16796875,0.58203125,0.5,3,1
223,7,0.57421875,0.16015625,0.6484375,0.54296875,1,1
223,7,0.57421875,0.16015625,0.6484375,0.54296875,3,1
223,7,0.78515625,0.1953125,0.93359375,0.5390625,1,1
223,7,0.78515625,0.1953125,0.93359375,0.5390625,3,1
223,7,0.234375,0.12109375,0.30859375,0.26171875,2,1
223,7,0.234375,0.12109375,0.30859375,0.26171875,5,1
223,7,0.33203125,0.08984375,0.37109375,0.15625,2,1
223,7,0.33203125,0.08984375,0.37109375,0.15625,5,1
223,7,0.359375,0.09765625,0.40625,0.22265625,2,1
223,7,0.359375,0.09765625,0.40625,0.22265625,5,1
223,7,0.72265625,0.1171875,0.7734375,0.19921875,2,1
223,7,0.72265625,0.1171875,0.7734375,0.19921875,5,1
223,7,0.63671875,0.08203125,0.69140625,0.1484375,2,1
223,7,0.63671875,0.08203125,0.69140625,0.1484375,5,1
223,5,0.37109375,0.08984375,0.41015625,0.1484375,2,1
223,5,0.37109375,0.08984375,0.41015625,0.1484375,5,1
224,2,0.078125,0.0859375,0.17578125,0.20703125,1,1
224,2,0.078125,0.0859375,0.17578125,0.20703125,4,1
224,2,0.08984375,0.171875,0.140625,0.28515625,1,1
224,2,0.08984375,0.171875,0.140625,0.28515625,4,1
224,2,0.01953125,0.28515625,0.07421875,0.578125,1,1
224,2,0.01953125,0.28515625,0.07421875,0.578125,3,1
224,2,0.0859375,0.26953125,0.15234375,0.56640625,1,1
224,2,0.0859375,0.26953125,0.15234375,0.56640625,3,1
224,2,0.15625,0.21484375,0.23046875,0.55859375,1,1
224,2,0.15625,0.21484375,0.23046875,0.55859375,3,1
224,2,0.234375,0.203125,0.3125,0.55078125,1,1
224,2,0.234375,0.203125,0.3125,0.55078125,3,1
224,2,0.30859375,0.1796875,0.375,0.5390625,1,1
224,2,0.30859375,0.1796875,0.375,0.5390625,3,1
224,2,0.37109375,0.16796875,0.4375,0.5390625,1,1
224,2,0.37109375,0.16796875,0.4375,0.5390625,3,1
224,2,0.44140625,0.140625,0.50390625,0.5546875,1,1
224,2,0.44140625,0.140625,0.50390625,0.5546875,3,1
224,2,0.50390625,0.1484375,0.609375,0.453125,1,1
224,2,0.50390625,0.1484375,0.609375,0.453125,3,1
224,2,0.4296875,0.06640625,0.47265625,0.14453125,2,1
224,2,0.4296875,0.06640625,0.47265625,0.14453125,5,1
224,2,0.5,0.0703125,0.54296875,0.21484375,2,1
224,2,0.5,0.0703125,0.54296875,0.21484375,5,1
224,2,0.6171875,0.1484375,0.7109375,0.51953125,1,1
224,2,0.6171875,0.1484375,0.7109375,0.51953125,3,1
224,2,0.70703125,0.15625,0.7890625,0.52734375,1,1
224,2,0.70703125,0.15625,0.7890625,0.52734375,3,1
224,2,0.7890625,0.1875,0.83203125,0.5234375,1,1
224,2,0.7890625,0.1875,0.83203125,0.5234375,3,1
224,2,0.8359375,0.203125,0.875,0.5078125,1,1
224,2,0.8359375,0.203125,0.875,0.5078125,3,1
224,2,0.86328125,0.15625,0.96484375,0.35546875,1,1
224,2,0.86328125,0.15625,0.96484375,0.35546875,3,1
224,2,0.59765625,0.08203125,0.75390625,0.19140625,1,1
224,2,0.94921875,0.1328125,0.99609375,0.203125,1,1
224,3,0.02734375,0.29296875,0.07421875,0.59375,1,1
224,3,0.02734375,0.29296875,0.07421875,0.59375,3,1
224,3,0.08984375,0.27734375,0.15234375,0.5625,1,1
224,3,0.08984375,0.27734375,0.15234375,0.5625,3,1
224,3,0.15234375,0.20703125,0.22265625,0.5625,1,1
224,3,0.15234375,0.20703125,0.22265625,0.5625,3,1
224,3,0.23046875,0.203125,0.3203125,0.55859375,1,1
224,3,0.23046875,0.203125,0.3203125,0.55859375,3,1
224,3,0.3125,0.18359375,0.375,0.5390625,1,1
224,3,0.3125,0.18359375,0.375,0.5390625,3,1
224,3,0.375,0.1484375,0.42578125,0.53515625,1,1
224,3,0.375,0.1484375,0.42578125,0.53515625,3,1
224,3,0.44921875,0.1328125,0.50390625,0.55078125,1,1
224,3,0.44921875,0.1328125,0.50390625,0.55078125,3,1
224,3,0.51171875,0.15234375,0.60546875,0.45703125,1,1
224,3,0.51171875,0.15234375,0.60546875,0.45703125,3,1
224,3,0.6171875,0.15234375,0.7109375,0.51953125,1,1
224,3,0.6171875,0.15234375,0.7109375,0.51953125,3,1
224,3,0.69921875,0.140625,0.79296875,0.51953125,1,1
224,3,0.69921875,0.140625,0.79296875,0.51953125,3,1
224,3,0.79296875,0.203125,0.8359375,0.53515625,1,1
224,3,0.79296875,0.203125,0.8359375,0.53515625,3,1
224,3,0.84375,0.203125,0.890625,0.5234375,1,1
224,3,0.84375,0.203125,0.890625,0.5234375,3,1
224,3,0.86328125,0.16796875,0.9609375,0.359375,1,1
224,3,0.86328125,0.16796875,0.9609375,0.359375,3,1
224,3,0.59765625,0.0859375,0.71484375,0.17578125,1,1
224,3,0.49609375,0.06640625,0.546875,0.2109375,2,1
224,3,0.49609375,0.06640625,0.546875,0.2109375,5,1
224,3,0.42578125,0.05859375,0.4765625,0.14453125,2,1
224,3,0.42578125,0.05859375,0.4765625,0.14453125,5,1
224,3,0.07421875,0.078125,0.18359375,0.203125,1,1
224,3,0.07421875,0.078125,0.18359375,0.203125,4,1
224,3,0.08203125,0.171875,0.13671875,0.265625,1,1
224,3,0.08203125,0.171875,0.13671875,0.265625,4,1
224,3,0.9453125,0.11328125,0.9921875,0.19921875,1,1
224,4,0.01953125,0.29296875,0.078125,0.5859375,1,1
224,4,0.01953125,0.29296875,0.078125,0.5859375,3,1
224,4,0.0859375,0.265625,0.15234375,0.55859375,1,1
224,4,0.0859375,0.265625,0.15234375,0.55859375,3,1
224,4,0.15625,0.22265625,0.21875,0.5546875,1,1
224,4,0.15625,0.22265625,0.21875,0.5546875,3,1
224,4,0.23046875,0.20703125,0.3125,0.5625,1,1
224,4,0.23046875,0.20703125,0.3125,0.5625,3,1
224,4,0.3125,0.18359375,0.37890625,0.54296875,1,1
224,4,0.3125,0.18359375,0.37890625,0.54296875,3,1
224,4,0.37890625,0.16796875,0.421875,0.546875,1,1
224,4,0.37890625,0.16796875,0.421875,0.546875,3,1
224,4,0.453125,0.1484375,0.5,0.55859375,1,1
224,4,0.453125,0.1484375,0.5,0.55859375,3,1
224,4,0.50390625,0.15234375,0.60546875,0.4609375,1,1
224,4,0.50390625,0.15234375,0.60546875,0.4609375,3,1
224,4,0.6171875,0.15625,0.70703125,0.5234375,1,1
224,4,0.6171875,0.15625,0.70703125,0.5234375,3,1
224,4,0.703125,0.14453125,0.78515625,0.5234375,1,1
224,4,0.703125,0.14453125,0.78515625,0.5234375,3,1
224,4,0.78515625,0.1875,0.84765625,0.5234375,1,1
224,4,0.78515625,0.1875,0.84765625,0.5234375,3,1
224,4,0.84765625,0.2265625,0.8828125,0.5,1,1
224,4,0.84765625,0.2265625,0.8828125,0.5,3,1
224,4,0.86328125,0.1484375,0.96484375,0.328125,1,1
224,4,0.59765625,0.08203125,0.71875,0.171875,1,1
224,4,0.49609375,0.06640625,0.54296875,0.2109375,2,1
224,4,0.49609375,0.06640625,0.54296875,0.2109375,5,1
224,4,0.4296875,0.06640625,0.47265625,0.15234375,2,1
224,4,0.4296875,0.06640625,0.47265625,0.15234375,5,1
224,4,0.07421875,0.078125,0.17578125,0.1953125,1,1
224,4,0.07421875,0.078125,0.17578125,0.1953125,4,1
224,4,0.08203125,0.171875,0.13671875,0.2578125,1,1
224,4,0.08203125,0.171875,0.13671875,0.2578125,4,1
224,5,0.0234375,0.28125,0.0703125,0.58984375,1,1
224,5,0.0234375,0.28125,0.0703125,0.58984375,3,1
224,5,0.08984375,0.265625,0.15625,0.5625,1,1
224,5,0.08984375,0.265625,0.15625,0.5625,3,1
224,5,0.15625,0.2109375,0.22265625,0.55859375,1,1
224,5,0.15625,0.2109375,0.22265625,0.55859375,3,1
224,5,0.234375,0.1953125,0.3046875,0.5625,1,1
224,5,0.234375,0.1953125,0.3046875,0.5625,3,1
224,5,0.3125,0.1796875,0.375,0.546875,1,1
224,5,0.3125,0.1796875,0.375,0.546875,3,1
224,5,0.375,0.15234375,0.43359375,0.53515625,1,1
224,5,0.375,0.15234375,0.43359375,0.53515625,3,1
224,5,0.4453125,0.140625,0.48828125,0.5546875,1,1
224,5,0.4453125,0.140625,0.48828125,0.5546875,3,1
224,5,0.50390625,0.15234375,0.60546875,0.4609375,1,1
224,5,0.50390625,0.15234375,0.60546875,0.4609375,3,1
224,5,0.609375,0.15234375,0.703125,0.52734375,1,1
224,5,0.609375,0.15234375,0.703125,0.52734375,3,1
224,5,0.703125,0.1484375,0.78515625,0.5234375,1,1
224,5,0.703125,0.1484375,0.78515625,0.5234375,3,1
224,5,0.78125,0.1953125,0.85546875,0.53125,1,1
224,5,0.78125,0.1953125,0.85546875,0.53125,3,1
224,5,0.84375,0.203125,0.88671875,0.515625,1,1
224,5,0.84375,0.203125,0.88671875,0.515625,3,1
224,5,0.86328125,0.171875,0.96484375,0.328125,1,1
224,5,0.59375,0.078125,0.71484375,0.18359375,1,1
224,5,0.49609375,0.08203125,0.54296875,0.20703125,2,1
224,5,0.49609375,0.08203125,0.54296875,0.20703125,5,1
224,5,0.43359375,0.0703125,0.4765625,0.140625,2,1
224,5,0.07421875,0.078125,0.1796875,0.1953125,1,1
224,5,0.07421875,0.078125,0.1796875,0.1953125,4,1
224,5,0.08203125,0.171875,0.140625,0.2578125,1,1
224,5,0.08203125,0.171875,0.140625,0.2578125,4,1
224,6,0.0234375,0.28515625,0.078125,0.5703125,1,1
224,6,0.0234375,0.28515625,0.078125,0.5703125,3,1
224,6,0.08984375,0.26171875,0.15234375,0.5703125,1,1
224,6,0.08984375,0.26171875,0.15234375,0.5703125,3,1
224,6,0.15625,0.19921875,0.22265625,0.55078125,1,1
224,6,0.15625,0.19921875,0.22265625,0.55078125,3,1
224,6,0.234375,0.1953125,0.30078125,0.5546875,1,1
224,6,0.234375,0.1953125,0.30078125,0.5546875,3,1
224,6,0.30859375,0.18359375,0.375,0.54296875,1,1
224,6,0.30859375,0.18359375,0.375,0.54296875,3,1
224,6,0.375,0.16796875,0.42578125,0.5390625,1,1
224,6,0.375,0.16796875,0.42578125,0.5390625,3,1
224,6,0.4375,0.140625,0.48828125,0.5546875,1,1
224,6,0.4375,0.140625,0.48828125,0.5546875,3,1
224,6,0.48828125,0.15234375,0.6015625,0.4609375,1,1
224,6,0.48828125,0.15234375,0.6015625,0.4609375,3,1
224,6,0.62109375,0.15625,0.70703125,0.51171875,1,1
224,6,0.62109375,0.15625,0.70703125,0.51171875,3,1
224,6,0.69921875,0.140625,0.796875,0.515625,1,1
224,6,0.69921875,0.140625,0.796875,0.515625,3,1
224,6,0.78515625,0.19921875,0.86328125,0.515625,1,1
224,6,0.78515625,0.19921875,0.86328125,0.515625,3,1
224,6,0.84375,0.21484375,0.8828125,0.43359375,1,1
224,6,0.84375,0.21484375,0.8828125,0.43359375,3,1
224,6,0.87109375,0.1796875,0.95703125,0.328125,1,1
224,6,0.59375,0.0859375,0.71484375,0.171875,1,1
224,6,0.49609375,0.078125,0.546875,0.203125,2,1
224,6,0.49609375,0.078125,0.546875,0.203125,5,1
224,6,0.421875,0.0625,0.4765625,0.140625,2,1
224,6,0.421875,0.0625,0.4765625,0.140625,5,1
224,6,0.07421875,0.109375,0.1796875,0.1953125,1,1
224,6,0.07421875,0.109375,0.1796875,0.1953125,4,1
224,6,0.078125,0.171875,0.140625,0.2578125,1,1
224,6,0.078125,0.171875,0.140625,0.2578125,4,1
224,7,0.07421875,0.109375,0.18359375,0.19921875,1,1
224,7,0.07421875,0.109375,0.18359375,0.19921875,4,1
224,7,0.08203125,0.16796875,0.13671875,0.28515625,1,1
224,7,0.08203125,0.16796875,0.13671875,0.28515625,4,1
224,7,0.0234375,0.28125,0.078125,0.58203125,1,1
224,7,0.0234375,0.28125,0.078125,0.58203125,3,1
224,7,0.08984375,0.25,0.1484375,0.55859375,1,1
224,7,0.08984375,0.25,0.1484375,0.55859375,3,1
224,7,0.15234375,0.21484375,0.22265625,0.5546875,1,1
224,7,0.15234375,0.21484375,0.22265625,0.5546875,3,1
224,7,0.23046875,0.1953125,0.30078125,0.55859375,1,1
224,7,0.23046875,0.1953125,0.30078125,0.55859375,3,1
224,7,0.30859375,0.17578125,0.37109375,0.55078125,1,1
224,7,0.30859375,0.17578125,0.37109375,0.55078125,3,1
224,7,0.375,0.15625,0.4296875,0.5390625,1,1
224,7,0.375,0.15625,0.4296875,0.5390625,3,1
224,7,0.44140625,0.140625,0.48828125,0.55859375,1,1
224,7,0.44140625,0.140625,0.48828125,0.55859375,3,1
224,7,0.48046875,0.15234375,0.6015625,0.46875,1,1
224,7,0.48046875,0.15234375,0.6015625,0.46875,3,1
224,7,0.6171875,0.15234375,0.71484375,0.52734375,1,1
224,7,0.6171875,0.15234375,0.71484375,0.52734375,3,1
224,7,0.703125,0.13671875,0.79296875,0.515625,1,1
224,7,0.703125,0.13671875,0.79296875,0.515625,3,1
224,7,0.78515625,0.1875,0.85546875,0.5,1,1
224,7,0.78515625,0.1875,0.85546875,0.5,3,1
224,7,0.8671875,0.17578125,0.9609375,0.34765625,1,1
224,7,0.59765625,0.0859375,0.72265625,0.17578125,1,1
224,7,0.4921875,0.0703125,0.546875,0.2109375,2,1
224,7,0.4921875,0.0703125,0.546875,0.2109375,5,1
224,7,0.4296875,0.0546875,0.47265625,0.13671875,2,1
224,7,0.4296875,0.0546875,0.47265625,0.13671875,5,1
225,2,0.703125,0.10546875,0.7734375,0.23046875,2,1
225,2,0.703125,0.10546875,0.7734375,0.23046875,5,1
225,2,0.3515625,0.10546875,0.41015625,0.2265625,2,1
225,2,0.3515625,0.10546875,0.41015625,0.2265625,5,1
225,2,0.23828125,0.11328125,0.30078125,0.203125,2,1
225,2,0.23828125,0.11328125,0.30078125,0.203125,5,1
225,2,0.10546875,0.1640625,0.17578125,0.25,1,1
225,2,0.10546875,0.1640625,0.17578125,0.25,4,1
225,2,0.0859375,0.234375,0.1875,0.5625,1,1
225,2,0.0859375,0.234375,0.1875,0.5625,3,1
225,2,0.0546875,0.27734375,0.078125,0.58984375,1,1
225,2,0.0546875,0.27734375,0.078125,0.58984375,3,1
225,2,0.0,0.265625,0.02734375,0.5703125,1,1
225,2,0.0,0.265625,0.02734375,0.5703125,3,1
225,2,0.03515625,0.28515625,0.05859375,0.5546875,1,1
225,2,0.03515625,0.28515625,0.05859375,0.5546875,3,1
225,2,0.21484375,0.1953125,0.28515625,0.5546875,1,1
225,2,0.21484375,0.1953125,0.28515625,0.5546875,3,1
225,2,0.29296875,0.19921875,0.359375,0.484375,1,1
225,2,0.29296875,0.19921875,0.359375,0.484375,3,1
225,2,0.375,0.15625,0.43359375,0.546875,1,1
225,2,0.375,0.15625,0.43359375,0.546875,3,1
225,2,0.4375,0.17578125,0.5546875,0.53125,1,1
225,2,0.4375,0.17578125,0.5546875,0.53125,3,1
225,2,0.59765625,0.15625,0.7421875,0.51953125,1,1
225,2,0.59765625,0.15625,0.7421875,0.51953125,3,1
225,2,0.8359375,0.20703125,0.9609375,0.51171875,1,1
225,2,0.8359375,0.20703125,0.9609375,0.51171875,3,1
225,2,0.4296875,0.0625,0.48046875,0.16015625,2,1
225,2,0.4296875,0.0625,0.48046875,0.16015625,5,1
225,2,0.62890625,0.05859375,0.69140625,0.19140625,1,1
225,3,0.1015625,0.15234375,0.16796875,0.25,1,1
225,3,0.1015625,0.15234375,0.16796875,0.25,4,1
225,3,0.359375,0.10546875,0.40625,0.21484375,2,1
225,3,0.359375,0.10546875,0.40625,0.21484375,5,1
225,3,0.7109375,0.10546875,0.78515625,0.2421875,2,1
225,3,0.7109375,0.10546875,0.78515625,0.2421875,5,1
225,3,0.62109375,0.0546875,0.69140625,0.19140625,1,1
225,3,0.83984375,0.2109375,0.96484375,0.51171875,1,1
225,3,0.83984375,0.2109375,0.96484375,0.51171875,3,1
225,3,0.609375,0.16796875,0.7421875,0.52734375,1,1
225,3,0.609375,0.16796875,0.7421875,0.52734375,3,1
225,3,0.44140625,0.17578125,0.5625,0.5234375,1,1
225,3,0.44140625,0.17578125,0.5625,0.5234375,3,1
225,3,0.37109375,0.15234375,0.4375,0.53515625,1,1
225,3,0.37109375,0.15234375,0.4375,0.53515625,3,1
225,3,0.30859375,0.17578125,0.36328125,0.46484375,1,1
225,3,0.30859375,0.17578125,0.36328125,0.46484375,3,1
225,3,0.20703125,0.1953125,0.296875,0.55078125,1,1
225,3,0.20703125,0.1953125,0.296875,0.55078125,3,1
225,3,0.08984375,0.2265625,0.19140625,0.56640625,1,1
225,3,0.08984375,0.2265625,0.19140625,0.56640625,3,1
225,3,0.0546875,0.2578125,0.08984375,0.58203125,1,1
225,3,0.0546875,0.2578125,0.08984375,0.58203125,3,1
225,3,0.00390625,0.27734375,0.03125,0.56640625,1,1
225,3,0.00390625,0.27734375,0.03125,0.56640625,3,1
225,3,0.0390625,0.27734375,0.05859375,0.5546875,1,1
225,3,0.0390625,0.27734375,0.05859375,0.5546875,3,1
225,3,0.4296875,0.07421875,0.4765625,0.14453125,2,1
225,3,0.4296875,0.07421875,0.4765625,0.14453125,5,1
225,4,0.83984375,0.21484375,0.96484375,0.51171875,1,1
225,4,0.83984375,0.21484375,0.96484375,0.51171875,3,1
225,4,0.60546875,0.171875,0.7421875,0.53125,1,1
225,4,0.60546875,0.171875,0.7421875,0.53125,3,1
225,4,0.44140625,0.16796875,0.5625,0.5234375,1,1
225,4,0.44140625,0.16796875,0.5625,0.5234375,3,1
225,4,0.3828125,0.15625,0.4375,0.53125,1,1
225,4,0.3828125,0.15625,0.4375,0.53125,3,1
225,4,0.296875,0.16796875,0.36328125,0.44921875,1,1
225,4,0.296875,0.16796875,0.36328125,0.44921875,3,1
225,4,0.20703125,0.1875,0.296875,0.54296875,1,1
225,4,0.20703125,0.1875,0.296875,0.54296875,3,1
225,4,0.0859375,0.21875,0.1875,0.5625,1,1
225,4,0.0859375,0.21875,0.1875,0.5625,3,1
225,4,0.0,0.296875,0.02734375,0.5703125,1,1
225,4,0.0,0.296875,0.02734375,0.5703125,3,1
225,4,0.03125,0.28515625,0.05859375,0.55078125,1,1
225,4,0.03125,0.28515625,0.05859375,0.55078125,3,1
225,4,0.05859375,0.28515625,0.08984375,0.578125,1,1
225,4,0.05859375,0.28515625,0.08984375,0.578125,3,1
225,4,0.10546875,0.1484375,0.16015625,0.2421875,1,1
225,4,0.10546875,0.1484375,0.16015625,0.2421875,4,1
225,4,0.35546875,0.10546875,0.40625,0.21875,2,1
225,4,0.35546875,0.10546875,0.40625,0.21875,5,1
225,4,0.625,0.0546875,0.68359375,0.18359375,1,1
225,4,0.7109375,0.09375,0.765625,0.23046875,2,1
225,4,0.7109375,0.09375,0.765625,0.23046875,5,1
225,4,0.4296875,0.06640625,0.48046875,0.1640625,2,1
225,4,0.4296875,0.06640625,0.48046875,0.1640625,5,1
225,5,0.109375,0.15625,0.16796875,0.2421875,1,1
225,5,0.109375,0.15625,0.16796875,0.2421875,4,1
225,5,0.359375,0.11328125,0.4140625,0.22265625,2,1
225,5,0.359375,0.11328125,0.4140625,0.22265625,5,1
225,5,0.23828125,0.12109375,0.3046875,0.20703125,2,1
225,5,0.23828125,0.12109375,0.3046875,0.20703125,5,1
225,4,0.2421875,0.1171875,0.3046875,0.20703125,2,1
225,4,0.2421875,0.1171875,0.3046875,0.20703125,5,1
225,3,0.2421875,0.125,0.30078125,0.2109375,2,1
225,3,0.2421875,0.125,0.30078125,0.2109375,5,1
225,5,0.08203125,0.21875,0.1875,0.56640625,1,1
225,5,0.08203125,0.21875,0.1875,0.56640625,3,1
225,5,0.00390625,0.28125,0.03125,0.5703125,1,1
225,5,0.00390625,0.28125,0.03125,0.5703125,3,1
225,5,0.05859375,0.26953125,0.08984375,0.578125,1,1
225,5,0.05859375,0.26953125,0.08984375,0.578125,3,1
225,5,0.03515625,0.28125,0.06640625,0.55078125,1,1
225,5,0.03515625,0.28125,0.06640625,0.55078125,3,1
225,5,0.19921875,0.1953125,0.2890625,0.546875,1,1
225,5,0.19921875,0.1953125,0.2890625,0.546875,3,1
225,5,0.3046875,0.16796875,0.359375,0.421875,1,1
225,5,0.3046875,0.16796875,0.359375,0.421875,3,1
225,5,0.375,0.15625,0.4375,0.53125,1,1
225,5,0.375,0.15625,0.4375,0.53125,3,1
225,5,0.4375,0.171875,0.55078125,0.5390625,1,1
225,5,0.4375,0.171875,0.55078125,0.5390625,3,1
225,5,0.60546875,0.1484375,0.75390625,0.51171875,1,1
225,5,0.60546875,0.1484375,0.75390625,0.51171875,3,1
225,5,0.8359375,0.19140625,0.96484375,0.5078125,1,1
225,5,0.8359375,0.19140625,0.96484375,0.5078125,3,1
225,5,0.69921875,0.1015625,0.78125,0.22265625,2,1
225,5,0.69921875,0.1015625,0.78125,0.22265625,5,1
225,5,0.625,0.0546875,0.6875,0.17578125,1,1
225,5,0.4296875,0.05859375,0.484375,0.140625,2,1
225,5,0.4296875,0.05859375,0.484375,0.140625,5,1
225,6,0.10546875,0.15625,0.16796875,0.23828125,1,1
225,6,0.10546875,0.15625,0.16796875,0.23828125,4,1
225,6,0.0,0.29296875,0.03125,0.57421875,1,1
225,6,0.0,0.29296875,0.03125,0.57421875,3,1
225,6,0.0859375,0.23046875,0.18359375,0.56640625,1,1
225,6,0.0859375,0.23046875,0.18359375,0.56640625,3,1
225,6,0.03125,0.28125,0.05859375,0.55078125,1,1
225,6,0.03125,0.28125,0.05859375,0.55078125,3,1
225,6,0.05078125,0.265625,0.08203125,0.58203125,1,1
225,6,0.05078125,0.265625,0.08203125,0.58203125,3,1
225,6,0.1953125,0.18359375,0.28515625,0.54296875,1,1
225,6,0.1953125,0.18359375,0.28515625,0.54296875,3,1
225,6,0.2734375,0.16796875,0.359375,0.4296875,1,1
225,6,0.2734375,0.16796875,0.359375,0.4296875,3,1
225,6,0.24609375,0.12109375,0.30078125,0.20703125,2,1
225,6,0.24609375,0.12109375,0.30078125,0.20703125,5,1
225,6,0.359375,0.1171875,0.40234375,0.23046875,2,1
225,6,0.359375,0.1171875,0.40234375,0.23046875,5,1
225,6,0.37109375,0.1640625,0.44140625,0.53125,1,1
225,6,0.37109375,0.1640625,0.44140625,0.53125,3,1
225,6,0.42578125,0.1796875,0.5625,0.53515625,1,1
225,6,0.42578125,0.1796875,0.5625,0.53515625,3,1
225,6,0.59765625,0.15625,0.73828125,0.51953125,1,1
225,6,0.59765625,0.15625,0.73828125,0.51953125,3,1
225,6,0.83203125,0.2109375,0.97265625,0.49609375,1,1
225,6,0.83203125,0.2109375,0.97265625,0.49609375,3,1
225,6,0.7109375,0.1015625,0.78515625,0.24609375,2,1
225,6,0.7109375,0.1015625,0.78515625,0.24609375,5,1
225,6,0.62890625,0.0546875,0.6953125,0.19921875,1,1
225,6,0.4296875,0.0703125,0.47265625,0.140625,2,1
225,6,0.4296875,0.0703125,0.47265625,0.140625,5,1
225,7,0.83984375,0.19921875,0.9765625,0.51171875,1,1
225,7,0.83984375,0.19921875,0.9765625,0.51171875,3,1
225,7,0.69921875,0.1015625,0.78125,0.22265625,2,1
225,7,0.69921875,0.1015625,0.78125,0.22265625,5,1
225,7,0.625,0.0625,0.703125,0.1796875,1,1
225,7,0.609375,0.171875,0.7421875,0.51953125,1,1
225,7,0.609375,0.171875,0.7421875,0.51953125,3,1
225,7,0.4296875,0.171875,0.56640625,0.51953125,1,1
225,7,0.4296875,0.171875,0.56640625,0.51953125,3,1
225,7,0.3828125,0.14453125,0.43359375,0.546875,1,1
225,7,0.3828125,0.14453125,0.43359375,0.546875,3,1
225,7,0.26171875,0.1640625,0.35546875,0.45703125,1,1
225,7,0.26171875,0.1640625,0.35546875,0.45703125,3,1
225,7,0.1875,0.1875,0.265625,0.546875,1,1
225,7,0.1875,0.1875,0.265625,0.546875,3,1
225,7,0.08203125,0.21484375,0.18359375,0.55859375,1,1
225,7,0.08203125,0.21484375,0.18359375,0.55859375,3,1
225,7,0.0546875,0.265625,0.08203125,0.5859375,1,1
225,7,0.0546875,0.265625,0.08203125,0.5859375,3,1
225,7,0.02734375,0.28125,0.0625,0.5546875,1,1
225,7,0.02734375,0.28125,0.0625,0.5546875,3,1
225,7,0.0,0.28515625,0.02734375,0.578125,1,1
225,7,0.0,0.28515625,0.02734375,0.578125,3,1
225,7,0.109375,0.14453125,0.16796875,0.2421875,1,1
225,7,0.109375,0.14453125,0.16796875,0.2421875,4,1
225,7,0.2578125,0.109375,0.296875,0.1953125,2,1
225,7,0.2578125,0.109375,0.296875,0.1953125,5,1
225,7,0.35546875,0.10546875,0.4140625,0.20703125,2,1
225,7,0.35546875,0.10546875,0.4140625,0.20703125,5,1
225,7,0.4296875,0.0625,0.4765625,0.14453125,2,1
225,7,0.4296875,0.0625,0.4765625,0.14453125,5,1
226,2,0.0,0.2734375,0.0625,0.5,1,1
226,2,0.0,0.2734375,0.0625,0.5,3,1
226,2,0.15625,0.19921875,0.28125,0.5625,1,1
226,2,0.15625,0.19921875,0.28125,0.5625,3,1
226,2,0.0546875,0.2265625,0.15625,0.56640625,1,1
226,2,0.0546875,0.2265625,0.15625,0.56640625,3,1
226,2,0.265625,0.11328125,0.3125,0.23828125,2,1
226,2,0.265625,0.11328125,0.3125,0.23828125,5,1
226,2,0.359375,0.09375,0.41796875,0.23828125,2,1
226,2,0.359375,0.09375,0.41796875,0.23828125,5,1
226,2,0.50390625,0.1328125,0.58203125,0.4609375,1,1
226,2,0.50390625,0.1328125,0.58203125,0.4609375,3,1
226,2,0.42578125,0.14453125,0.49609375,0.54296875,1,1
226,2,0.42578125,0.14453125,0.49609375,0.54296875,3,1
226,2,0.5234375,0.01171875,0.58203125,0.12890625,1,1
226,2,0.6171875,0.078125,0.6796875,0.22265625,2,1
226,2,0.6171875,0.078125,0.6796875,0.22265625,5,1
226,2,0.6796875,0.15625,0.7578125,0.4375,2,1
226,2,0.6796875,0.15625,0.7578125,0.4375,5,1
226,2,0.68359375,0.0078125,0.75,0.10546875,1,1
226,2,0.65234375,0.0,0.68359375,0.078125,1,1
226,2,0.7890625,0.18359375,0.875,0.5,2,1
226,2,0.7890625,0.18359375,0.875,0.5,5,1
226,2,0.87109375,0.2109375,0.9296875,0.49609375,2,1
226,2,0.87109375,0.2109375,0.9296875,0.49609375,5,1
226,3,0.15234375,0.19921875,0.2734375,0.55859375,1,1
226,3,0.15234375,0.19921875,0.2734375,0.55859375,3,1
226,3,0.0546875,0.21484375,0.15234375,0.56640625,1,1
226,3,0.0546875,0.21484375,0.15234375,0.56640625,3,1
226,3,0.0,0.26171875,0.06640625,0.50390625,1,1
226,3,0.0,0.26171875,0.06640625,0.50390625,3,1
226,3,0.25,0.1171875,0.31640625,0.2421875,2,1
226,3,0.25,0.1171875,0.31640625,0.2421875,5,1
226,3,0.3515625,0.109375,0.41015625,0.2421875,2,1
226,3,0.3515625,0.109375,0.41015625,0.2421875,5,1
226,3,0.41796875,0.1484375,0.50390625,0.5390625,1,1
226,3,0.41796875,0.1484375,0.50390625,0.5390625,3,1
226,3,0.515625,0.12890625,0.59765625,0.48828125,1,1
226,3,0.515625,0.12890625,0.59765625,0.48828125,3,1
226,3,0.68359375,0.15234375,0.75,0.4453125,1,1
226,3,0.68359375,0.15234375,0.75,0.4453125,3,1
226,3,0.77734375,0.18359375,0.8671875,0.5,1,1
226,3,0.77734375,0.18359375,0.8671875,0.5,3,1
226,3,0.8671875,0.21484375,0.93359375,0.49609375,1,1
226,3,0.8671875,0.21484375,0.93359375,0.49609375,3,1
226,3,0.68359375,0.01953125,0.75,0.1015625,1,1
226,3,0.6484375,0.0234375,0.6796875,0.09375,1,1
226,3,0.61328125,0.08203125,0.6796875,0.2265625,2,1
226,3,0.61328125,0.08203125,0.6796875,0.2265625,5,1
226,3,0.515625,0.01171875,0.578125,0.11328125,1,1
226,4,0.0234375,0.265625,0.05859375,0.57421875,1,1
226,4,0.0234375,0.265625,0.05859375,0.57421875,3,1
226,4,0.0546875,0.23828125,0.15234375,0.5703125,1,1
226,4,0.0546875,0.23828125,0.15234375,0.5703125,3,1
226,4,0.15234375,0.20703125,0.27734375,0.5625,1,1
226,4,0.15234375,0.20703125,0.27734375,0.5625,3,1
226,4,0.25390625,0.11328125,0.3125,0.24609375,2,1
226,4,0.25390625,0.11328125,0.3125,0.24609375,5,1
226,4,0.3515625,0.08984375,0.4140625,0.24609375,2,1
226,4,0.3515625,0.08984375,0.4140625,0.24609375,5,1
226,4,0.421875,0.16796875,0.4921875,0.53125,1,1
226,4,0.421875,0.16796875,0.4921875,0.53125,3,1
226,4,0.5,0.1328125,0.578125,0.46875,1,1
226,4,0.5,0.1328125,0.578125,0.46875,3,1
226,4,0.5078125,0.01953125,0.58203125,0.13671875,1,1
226,4,0.60546875,0.078125,0.6796875,0.22265625,2,1
226,4,0.60546875,0.078125,0.6796875,0.22265625,5,1
226,4,0.6796875,0.171875,0.75390625,0.4375,1,1
226,4,0.6796875,0.171875,0.75390625,0.4375,3,1
226,4,0.77734375,0.1875,0.875,0.4921875,1,1
226,4,0.77734375,0.1875,0.875,0.4921875,3,1
226,4,0.8671875,0.203125,0.93359375,0.49609375,1,1
226,4,0.8671875,0.203125,0.93359375,0.49609375,3,1
226,4,0.6875,0.0078125,0.74609375,0.109375,1,1
226,4,0.65234375,0.0078125,0.68359375,0.0859375,1,1
226,5,0.15625,0.19921875,0.28125,0.5546875,1,1
226,5,0.15625,0.19921875,0.28125,0.5546875,3,1
226,5,0.0546875,0.2265625,0.15625,0.57421875,1,1
226,5,0.0546875,0.2265625,0.15625,0.57421875,3,1
226,5,0.015625,0.2734375,0.05859375,0.56640625,1,1
226,5,0.015625,0.2734375,0.05859375,0.56640625,3,1
226,5,0.26171875,0.109375,0.31640625,0.24609375,2,1
226,5,0.26171875,0.109375,0.31640625,0.24609375,5,1
226,5,0.35546875,0.10546875,0.41796875,0.24609375,2,1
226,5,0.35546875,0.10546875,0.41796875,0.24609375,5,1
226,5,0.421875,0.140625,0.49609375,0.53125,1,1
226,5,0.421875,0.140625,0.49609375,0.53125,3,1
226,5,0.5078125,0.13671875,0.59375,0.4609375,1,1
226,5,0.5078125,0.13671875,0.59375,0.4609375,3,1
226,5,0.52734375,0.0078125,0.578125,0.12109375,1,1
226,5,0.6171875,0.078125,0.68359375,0.2265625,2,1
226,5,0.6171875,0.078125,0.68359375,0.2265625,5,1
226,5,0.68359375,0.015625,0.7578125,0.1171875,1,1
226,5,0.66796875,0.1640625,0.7421875,0.43359375,1,1
226,5,0.66796875,0.1640625,0.7421875,0.43359375,3,1
226,5,0.86328125,0.20703125,0.921875,0.51171875,1,1
226,5,0.86328125,0.20703125,0.921875,0.51171875,3,1
226,5,0.77734375,0.203125,0.85546875,0.48046875,1,1
226,5,0.77734375,0.203125,0.85546875,0.48046875,3,1
226,5,0.6484375,0.0078125,0.68359375,0.08203125,1,1
226,6,0.859375,0.19921875,0.93359375,0.51953125,1,1
226,6,0.859375,0.19921875,0.93359375,0.51953125,3,1
226,6,0.78125,0.1953125,0.86328125,0.45703125,3,1
226,6,0.78125,0.1953125,0.86328125,0.45703125,1,1
226,6,0.671875,0.17578125,0.76171875,0.41796875,2,1
226,6,0.671875,0.17578125,0.76171875,0.41796875,5,1
226,6,0.5,0.1484375,0.609375,0.44140625,1,1
226,6,0.5,0.1484375,0.609375,0.44140625,3,1
226,6,0.41796875,0.15625,0.51953125,0.53125,1,1
226,6,0.41796875,0.15625,0.51953125,0.53125,3,1
226,6,0.1484375,0.19921875,0.28515625,0.56640625,1,1
226,6,0.1484375,0.19921875,0.28515625,0.56640625,3,1
226,6,0.0625,0.2265625,0.1484375,0.5703125,1,1
226,6,0.0625,0.2265625,0.1484375,0.5703125,3,1
226,6,0.015625,0.2734375,0.06640625,0.5703125,1,1
226,6,0.015625,0.2734375,0.06640625,0.5703125,3,1
226,6,0.25390625,0.125,0.3203125,0.23828125,2,1
226,6,0.25390625,0.125,0.3203125,0.23828125,5,1
226,6,0.35546875,0.08984375,0.4140625,0.2421875,2,1
226,6,0.35546875,0.08984375,0.4140625,0.2421875,5,1
226,6,0.52734375,0.015625,0.58203125,0.12890625,1,1
226,6,0.609375,0.0703125,0.6640625,0.21484375,2,1
226,6,0.609375,0.0703125,0.6640625,0.21484375,5,1
226,6,0.65234375,0.00390625,0.6875,0.0859375,1,1
226,6,0.6875,0.0234375,0.75390625,0.09765625,1,1
226,7,0.0078125,0.2734375,0.05859375,0.58203125,1,1
226,7,0.0078125,0.2734375,0.05859375,0.58203125,3,1
226,7,0.05859375,0.234375,0.1484375,0.57421875,1,1
226,7,0.05859375,0.234375,0.1484375,0.57421875,3,1
226,7,0.15234375,0.203125,0.27734375,0.56640625,1,1
226,7,0.15234375,0.203125,0.27734375,0.56640625,3,1
226,7,0.26171875,0.12109375,0.31640625,0.234375,2,1
226,7,0.26171875,0.12109375,0.31640625,0.234375,5,1
226,7,0.35546875,0.1015625,0.421875,0.2265625,2,1
226,7,0.35546875,0.1015625,0.421875,0.2265625,5,1
226,7,0.4140625,0.15625,0.5,0.53515625,1,1
226,7,0.4140625,0.15625,0.5,0.53515625,3,1
226,7,0.50390625,0.1328125,0.58984375,0.4453125,1,1
226,7,0.50390625,0.1328125,0.58984375,0.4453125,3,1
226,7,0.53125,0.01171875,0.58203125,0.12109375,1,1
226,7,0.61328125,0.08203125,0.6796875,0.2265625,2,1
226,7,0.61328125,0.08203125,0.6796875,0.2265625,5,1
226,7,0.67578125,0.15625,0.7578125,0.41015625,1,1
226,7,0.67578125,0.15625,0.7578125,0.41015625,3,1
226,7,0.6875,0.0078125,0.74609375,0.1171875,1,1
226,7,0.78515625,0.203125,0.87109375,0.453125,1,1
226,7,0.78515625,0.203125,0.87109375,0.453125,3,1
226,7,0.8671875,0.234375,0.92578125,0.5078125,1,1
226,7,0.8671875,0.234375,0.92578125,0.5078125,3,1
227,2,0.5234375,0.12890625,0.60546875,0.546875,1,1
227,2,0.5234375,0.12890625,0.60546875,0.546875,3,1
227,2,0.61328125,0.08984375,0.69140625,0.23828125,2,1
227,2,0.61328125,0.08984375,0.69140625,0.23828125,5,1
227,2,0.72265625,0.18359375,0.88671875,0.5234375,1,1
227,2,0.72265625,0.18359375,0.88671875,0.5234375,3,1
227,2,0.88671875,0.29296875,0.953125,0.484375,1,1
227,2,0.88671875,0.29296875,0.953125,0.484375,3,1
227,2,0.4296875,0.078125,0.4765625,0.16015625,2,1
227,2,0.4296875,0.078125,0.4765625,0.16015625,5,1
227,2,0.3359375,0.1015625,0.41796875,0.2421875,2,1
227,2,0.3359375,0.1015625,0.41796875,0.2421875,5,1
227,2,0.0078125,0.26953125,0.1328125,0.56640625,1,1
227,2,0.0078125,0.26953125,0.1328125,0.56640625,3,1
227,2,0.06640625,0.1953125,0.1328125,0.30859375,1,1
227,2,0.06640625,0.1953125,0.1328125,0.30859375,4,1
227,2,0.140625,0.17578125,0.22265625,0.31640625,1,1
227,2,0.140625,0.17578125,0.22265625,0.31640625,4,1
227,2,0.20703125,0.046875,0.2890625,0.12890625,1,1
227,2,0.71484375,0.08203125,0.7890625,0.19921875,1,1
227,3,0.0078125,0.27734375,0.11328125,0.58203125,1,1
227,3,0.0078125,0.27734375,0.11328125,0.58203125,3,1
227,3,0.05859375,0.171875,0.125,0.28515625,1,1
227,3,0.05859375,0.171875,0.125,0.28515625,4,1
227,3,0.125,0.15234375,0.203125,0.32421875,1,1
227,3,0.125,0.15234375,0.203125,0.32421875,4,1
227,3,0.34375,0.109375,0.421875,0.23828125,2,1
227,3,0.34375,0.109375,0.421875,0.23828125,5,1
227,3,0.2109375,0.0546875,0.2890625,0.15234375,1,1
227,3,0.4296875,0.078125,0.4765625,0.15625,2,1
227,3,0.4296875,0.078125,0.4765625,0.15625,5,1
227,3,0.51171875,0.140625,0.60546875,0.546875,1,1
227,3,0.51171875,0.140625,0.60546875,0.546875,3,1
227,3,0.61328125,0.10546875,0.69921875,0.23046875,2,1
227,3,0.61328125,0.10546875,0.69921875,0.23046875,5,1
227,3,0.72265625,0.078125,0.79296875,0.1875,1,1
227,3,0.71484375,0.1875,0.88671875,0.51953125,1,1
227,3,0.71484375,0.1875,0.88671875,0.51953125,3,1
227,3,0.89453125,0.296875,0.953125,0.453125,1,1
227,3,0.89453125,0.296875,0.953125,0.453125,3,1
227,4,0.00390625,0.26953125,0.1171875,0.56640625,1,1
227,4,0.00390625,0.26953125,0.1171875,0.56640625,3,1
227,4,0.0546875,0.1640625,0.12109375,0.2890625,1,1
227,4,0.0546875,0.1640625,0.12109375,0.2890625,4,1
227,4,0.125,0.1640625,0.1875,0.328125,1,1
227,4,0.125,0.1640625,0.1875,0.328125,4,1
227,4,0.203125,0.05859375,0.2890625,0.140625,1,1
227,4,0.34375,0.10546875,0.4140625,0.24609375,2,1
227,4,0.34375,0.10546875,0.4140625,0.24609375,5,1
227,4,0.4296875,0.0859375,0.4765625,0.15234375,2,1
227,4,0.4296875,0.0859375,0.4765625,0.15234375,5,1
227,4,0.515625,0.13671875,0.6015625,0.55859375,1,1
227,4,0.515625,0.13671875,0.6015625,0.55859375,3,1
227,4,0.6171875,0.09765625,0.69921875,0.234375,1,1
227,4,0.6171875,0.09765625,0.69921875,0.234375,3,1
227,4,0.734375,0.078125,0.78515625,0.1953125,1,1
227,4,0.7265625,0.18359375,0.890625,0.51953125,1,1
227,4,0.7265625,0.18359375,0.890625,0.51953125,3,1
227,4,0.89453125,0.28125,0.95703125,0.4453125,1,1
227,4,0.89453125,0.28125,0.95703125,0.4453125,3,1
227,5,0.0,0.2734375,0.11328125,0.5703125,1,1
227,5,0.0,0.2734375,0.11328125,0.5703125,3,1
227,5,0.0546875,0.1640625,0.109375,0.27734375,1,1
227,5,0.0546875,0.1640625,0.109375,0.27734375,4,1
227,5,0.12109375,0.15234375,0.1875,0.3203125,1,1
227,5,0.12109375,0.15234375,0.1875,0.3203125,4,1
227,5,0.2109375,0.046875,0.2890625,0.15625,1,1
227,5,0.33984375,0.109375,0.42578125,0.24609375,2,1
227,5,0.33984375,0.109375,0.42578125,0.24609375,5,1
227,5,0.4296875,0.0703125,0.4765625,0.15625,2,1
227,5,0.4296875,0.0703125,0.4765625,0.15625,5,1
227,5,0.5234375,0.1328125,0.59765625,0.5625,1,1
227,5,0.5234375,0.1328125,0.59765625,0.5625,3,1
227,5,0.61328125,0.08203125,0.69921875,0.22265625,2,1
227,5,0.61328125,0.08203125,0.69921875,0.22265625,5,1
227,5,0.73046875,0.06640625,0.78125,0.1953125,1,1
227,5,0.72265625,0.1953125,0.890625,0.52734375,1,1
227,5,0.72265625,0.1953125,0.890625,0.52734375,3,1
227,5,0.8984375,0.2890625,0.9609375,0.46484375,1,1
227,5,0.8984375,0.2890625,0.9609375,0.46484375,3,1
227,6,0.0,0.2734375,0.109375,0.58203125,1,1
227,6,0.0,0.2734375,0.109375,0.58203125,3,1
227,6,0.0625,0.1796875,0.125,0.2890625,1,1
227,6,0.0625,0.1796875,0.125,0.2890625,4,1
227,6,0.12890625,0.16015625,0.1875,0.328125,1,1
227,6,0.12890625,0.16015625,0.1875,0.328125,4,1
227,6,0.20703125,0.046875,0.2890625,0.15234375,1,1
227,6,0.34765625,0.10546875,0.421875,0.2421875,2,1
227,6,0.34765625,0.10546875,0.421875,0.2421875,5,1
227,6,0.4375,0.08203125,0.48046875,0.15234375,2,1
227,6,0.4375,0.08203125,0.48046875,0.15234375,5,1
227,6,0.50390625,0.15625,0.6015625,0.55078125,1,1
227,6,0.50390625,0.15625,0.6015625,0.55078125,3,1
227,6,0.6171875,0.109375,0.6953125,0.23046875,2,1
227,6,0.6171875,0.109375,0.6953125,0.23046875,5,1
227,6,0.7265625,0.0703125,0.78515625,0.19140625,1,1
227,6,0.71484375,0.1875,0.89453125,0.51953125,1,1
227,6,0.71484375,0.1875,0.89453125,0.51953125,3,1
227,6,0.890625,0.2734375,0.95703125,0.45703125,1,1
227,6,0.890625,0.2734375,0.95703125,0.45703125,3,1
227,7,0.0,0.2734375,0.11328125,0.57421875,1,1
227,7,0.0,0.2734375,0.11328125,0.57421875,3,1
227,7,0.0546875,0.17578125,0.1171875,0.28125,1,1
227,7,0.0546875,0.17578125,0.1171875,0.28125,4,1
227,7,0.11328125,0.15625,0.1796875,0.32421875,1,1
227,7,0.11328125,0.15625,0.1796875,0.32421875,4,1
227,7,0.203125,0.05859375,0.2890625,0.15625,1,1
227,7,0.34375,0.10546875,0.4140625,0.24609375,2,1
227,7,0.34375,0.10546875,0.4140625,0.24609375,5,1
227,7,0.43359375,0.078125,0.47265625,0.15234375,2,1
227,7,0.43359375,0.078125,0.47265625,0.15234375,5,1
227,7,0.515625,0.13671875,0.58984375,0.546875,1,1
227,7,0.515625,0.13671875,0.58984375,0.546875,3,1
227,7,0.61328125,0.08984375,0.6953125,0.23046875,2,1
227,7,0.61328125,0.08984375,0.6953125,0.23046875,5,1
227,7,0.7265625,0.0703125,0.78515625,0.19140625,1,1
227,7,0.72265625,0.203125,0.890625,0.515625,1,1
227,7,0.72265625,0.203125,0.890625,0.515625,3,1
227,7,0.890625,0.27734375,0.9609375,0.45703125,1,1
227,7,0.890625,0.27734375,0.9609375,0.45703125,3,1
228,2,0.1640625,0.2109375,0.2421875,0.5703125,1,1
228,2,0.1640625,0.2109375,0.2421875,0.5703125,3,1
228,2,0.203125,0.1171875,0.25,0.19140625,2,1
228,2,0.203125,0.1171875,0.25,0.19140625,5,1
228,2,0.2734375,0.1015625,0.33203125,0.17578125,2,1
228,2,0.2734375,0.1015625,0.33203125,0.17578125,5,1
228,2,0.3359375,0.0859375,0.38671875,0.171875,2,1
228,2,0.3359375,0.0859375,0.38671875,0.171875,5,1
228,2,0.4296875,0.0078125,0.4765625,0.1484375,1,1
228,2,0.49609375,0.1171875,0.5390625,0.23046875,2,1
228,2,0.49609375,0.1171875,0.5390625,0.23046875,5,1
228,2,0.5546875,0.02734375,0.61328125,0.265625,1,1
228,2,0.62890625,0.08984375,0.6953125,0.2265625,2,1
228,2,0.62890625,0.08984375,0.6953125,0.2265625,5,1
228,3,0.203125,0.125,0.25,0.19921875,2,1
228,3,0.203125,0.125,0.25,0.19921875,5,1
228,3,0.265625,0.10546875,0.328125,0.17578125,2,1
228,3,0.265625,0.10546875,0.328125,0.17578125,5,1
228,3,0.33984375,0.0859375,0.39453125,0.16015625,2,1
228,3,0.33984375,0.0859375,0.39453125,0.16015625,5,1
228,3,0.4296875,0.0,0.4765625,0.1484375,1,1
228,3,0.5,0.10546875,0.546875,0.22265625,2,1
228,3,0.5,0.10546875,0.546875,0.22265625,5,1
228,3,0.55859375,0.02734375,0.61328125,0.2578125,1,1
228,3,0.6328125,0.09375,0.703125,0.23046875,2,1
228,3,0.6328125,0.09375,0.703125,0.23046875,5,1
228,3,0.8046875,0.09765625,0.86328125,0.203125,2,1
228,3,0.8046875,0.09765625,0.86328125,0.203125,5,1
228,3,0.16015625,0.2109375,0.25390625,0.5859375,1,1
228,3,0.16015625,0.2109375,0.25390625,0.5859375,3,1
228,4,0.1640625,0.2109375,0.24609375,0.5859375,1,1
228,4,0.1640625,0.2109375,0.24609375,0.5859375,3,1
228,4,0.20703125,0.11328125,0.2578125,0.18359375,2,1
228,4,0.20703125,0.11328125,0.2578125,0.18359375,5,1
228,4,0.26953125,0.1015625,0.328125,0.17578125,2,1
228,4,0.26953125,0.1015625,0.328125,0.17578125,5,1
228,4,0.3359375,0.08203125,0.390625,0.16796875,2,1
228,4,0.3359375,0.08203125,0.390625,0.16796875,5,1
228,4,0.42578125,0.0078125,0.47265625,0.1484375,1,1
228,4,0.5,0.109375,0.5390625,0.22265625,2,1
228,4,0.5,0.109375,0.5390625,0.22265625,5,1
228,4,0.55078125,0.02734375,0.61328125,0.25390625,1,1
228,4,0.62890625,0.08203125,0.71875,0.23046875,2,1
228,4,0.62890625,0.08203125,0.71875,0.23046875,5,1
228,4,0.80859375,0.10546875,0.859375,0.1953125,2,1
228,4,0.80859375,0.10546875,0.859375,0.1953125,5,1
228,5,0.16015625,0.203125,0.2421875,0.578125,1,1
228,5,0.16015625,0.203125,0.2421875,0.578125,3,1
228,5,0.20703125,0.11328125,0.25390625,0.19140625,2,1
228,5,0.20703125,0.11328125,0.25390625,0.19140625,5,1
228,5,0.26953125,0.1015625,0.33203125,0.1796875,2,1
228,5,0.26953125,0.1015625,0.33203125,0.1796875,5,1
228,5,0.3359375,0.0859375,0.390625,0.16796875,2,1
228,5,0.3359375,0.0859375,0.390625,0.16796875,5,1
228,5,0.43359375,0.0078125,0.4765625,0.14453125,1,1
228,5,0.5,0.10546875,0.54296875,0.2265625,2,1
228,5,0.5,0.10546875,0.54296875,0.2265625,5,1
228,5,0.55859375,0.03125,0.61328125,0.25390625,1,1
228,5,0.625,0.078125,0.71484375,0.23046875,2,1
228,5,0.625,0.078125,0.71484375,0.23046875,5,1
228,5,0.8125,0.10546875,0.86328125,0.1875,2,1
228,5,0.8125,0.10546875,0.86328125,0.1875,5,1
228,6,0.16015625,0.20703125,0.24609375,0.578125,1,1
228,6,0.16015625,0.20703125,0.24609375,0.578125,3,1
228,6,0.203125,0.109375,0.2578125,0.1875,2,1
228,6,0.203125,0.109375,0.2578125,0.1875,5,1
228,6,0.26953125,0.09765625,0.328125,0.18359375,2,1
228,6,0.26953125,0.09765625,0.328125,0.18359375,5,1
228,6,0.3359375,0.0859375,0.390625,0.171875,2,1
228,6,0.3359375,0.0859375,0.390625,0.171875,5,1
228,6,0.42578125,0.0,0.4765625,0.14453125,1,1
228,6,0.49609375,0.1171875,0.53515625,0.23046875,2,1
228,6,0.49609375,0.1171875,0.53515625,0.23046875,5,1
228,6,0.55859375,0.0234375,0.6171875,0.2578125,1,1
228,6,0.62890625,0.08203125,0.703125,0.23046875,2,1
228,6,0.62890625,0.08203125,0.703125,0.23046875,5,1
228,6,0.80859375,0.109375,0.8671875,0.203125,2,1
228,6,0.80859375,0.109375,0.8671875,0.203125,5,1
228,7,0.16015625,0.2109375,0.23828125,0.5703125,1,1
228,7,0.16015625,0.2109375,0.23828125,0.5703125,3,1
228,7,0.203125,0.1171875,0.26171875,0.18359375,2,1
228,7,0.203125,0.1171875,0.26171875,0.18359375,5,1
228,7,0.26953125,0.09765625,0.328125,0.19140625,2,1
228,7,0.26953125,0.09765625,0.328125,0.19140625,5,1
228,7,0.3359375,0.08203125,0.390625,0.16796875,2,1
228,7,0.3359375,0.08203125,0.390625,0.16796875,5,1
228,7,0.41796875,0.015625,0.4765625,0.15234375,1,1
228,7,0.49609375,0.1171875,0.53515625,0.2265625,2,1
228,7,0.49609375,0.1171875,0.53515625,0.2265625,5,1
228,7,0.5625,0.03125,0.61328125,0.2578125,1,1
228,7,0.62890625,0.08203125,0.7109375,0.23046875,2,1
228,7,0.62890625,0.08203125,0.7109375,0.23046875,5,1
228,7,0.8046875,0.09375,0.86328125,0.18359375,2,1
228,7,0.8046875,0.09375,0.86328125,0.18359375,5,1
229,2,0.203125,0.11328125,0.2578125,0.1953125,2,1
229,2,0.203125,0.11328125,0.2578125,0.1953125,5,1
229,2,0.26953125,0.10546875,0.33984375,0.171875,2,1
229,2,0.26953125,0.10546875,0.33984375,0.171875,5,1
229,2,0.33984375,0.015625,0.390625,0.1328125,1,1
229,2,0.5,0.1015625,0.54296875,0.22265625,2,1
229,2,0.5,0.1015625,0.54296875,0.22265625,5,1
229,2,0.80859375,0.10546875,0.87109375,0.18359375,2,1
229,2,0.80859375,0.10546875,0.87109375,0.18359375,5,1
229,3,0.19921875,0.109375,0.2578125,0.19140625,2,1
229,3,0.19921875,0.109375,0.2578125,0.19140625,5,1
229,3,0.2734375,0.09765625,0.3359375,0.17578125,2,1
229,3,0.2734375,0.09765625,0.3359375,0.17578125,5,1
229,3,0.34375,0.015625,0.39453125,0.1328125,1,1
229,3,0.49609375,0.09765625,0.5390625,0.23046875,2,1
229,3,0.49609375,0.09765625,0.5390625,0.23046875,5,1
229,3,0.8125,0.09375,0.859375,0.18359375,2,1
229,3,0.8125,0.09375,0.859375,0.18359375,5,1
229,4,0.203125,0.12109375,0.25,0.1875,2,1
229,4,0.203125,0.12109375,0.25,0.1875,5,1
229,4,0.26953125,0.109375,0.3359375,0.18359375,2,1
229,4,0.26953125,0.109375,0.3359375,0.18359375,5,1
229,4,0.3515625,0.0234375,0.39453125,0.13671875,1,1
229,4,0.4921875,0.109375,0.53125,0.2265625,2,1
229,4,0.4921875,0.109375,0.53125,0.2265625,5,1
229,4,0.796875,0.10546875,0.859375,0.1875,2,1
229,4,0.796875,0.10546875,0.859375,0.1875,5,1
229,5,0.1953125,0.12109375,0.2578125,0.19140625,2,1
229,5,0.1953125,0.12109375,0.2578125,0.19140625,5,1
229,5,0.2734375,0.09765625,0.3359375,0.1796875,2,1
229,5,0.2734375,0.09765625,0.3359375,0.1796875,5,1
229,5,0.34375,0.01171875,0.39453125,0.1328125,1,1
229,5,0.49609375,0.09765625,0.54296875,0.234375,2,1
229,5,0.49609375,0.09765625,0.54296875,0.234375,5,1
229,5,0.80859375,0.12109375,0.86328125,0.19140625,2,1
229,5,0.80859375,0.12109375,0.86328125,0.19140625,5,1
229,6,0.19921875,0.12109375,0.2578125,0.1875,2,1
229,6,0.19921875,0.12109375,0.2578125,0.1875,5,1
229,6,0.2734375,0.09765625,0.328125,0.1796875,2,1
229,6,0.2734375,0.09765625,0.328125,0.1796875,5,1
229,6,0.34375,0.0234375,0.38671875,0.13671875,1,1
229,6,0.5,0.09765625,0.546875,0.2265625,2,1
229,6,0.5,0.09765625,0.546875,0.2265625,5,1
229,6,0.80859375,0.109375,0.86328125,0.18359375,2,1
229,6,0.80859375,0.109375,0.86328125,0.18359375,5,1
229,7,0.19921875,0.1171875,0.25390625,0.1953125,2,1
229,7,0.19921875,0.1171875,0.25390625,0.1953125,5,1
229,7,0.2734375,0.10546875,0.33984375,0.1796875,2,1
229,7,0.2734375,0.10546875,0.33984375,0.1796875,5,1
229,7,0.34765625,0.02734375,0.390625,0.13671875,1,1
229,7,0.49609375,0.09765625,0.546875,0.22265625,2,1
229,7,0.49609375,0.09765625,0.546875,0.22265625,5,1
229,7,0.80859375,0.1015625,0.8671875,0.19140625,2,1
229,7,0.80859375,0.1015625,0.8671875,0.19140625,5,1
230,2,0.125,0.140625,0.1875,0.3203125,1,1
230,2,0.125,0.140625,0.1875,0.3203125,4,1
230,2,0.20703125,0.12109375,0.27734375,0.1875,2,1
230,2,0.20703125,0.12109375,0.27734375,0.1875,5,1
230,2,0.37890625,0.1640625,0.48046875,0.546875,1,1
230,2,0.37890625,0.1640625,0.48046875,0.546875,3,1
230,2,0.49609375,0.09375,0.5390625,0.234375,2,1
230,2,0.49609375,0.09375,0.5390625,0.234375,5,1
230,2,0.53515625,0.0546875,0.5859375,0.14453125,2,1
230,2,0.53515625,0.0546875,0.5859375,0.14453125,5,1
230,2,0.62109375,0.01953125,0.67578125,0.14453125,1,1
230,2,0.80078125,0.09765625,0.86328125,0.18359375,2,1
230,2,0.80078125,0.09765625,0.86328125,0.18359375,5,1
230,3,0.1328125,0.13671875,0.203125,0.31640625,1,1
230,3,0.20703125,0.1171875,0.2734375,0.19921875,2,1
230,3,0.20703125,0.1171875,0.2734375,0.19921875,5,1
230,3,0.375,0.16796875,0.48828125,0.546875,1,1
230,3,0.375,0.16796875,0.48828125,0.546875,3,1
230,3,0.49609375,0.0859375,0.5390625,0.234375,2,1
230,3,0.49609375,0.0859375,0.5390625,0.234375,5,1
230,3,0.5390625,0.05859375,0.60546875,0.140625,2,1
230,3,0.5390625,0.05859375,0.60546875,0.140625,5,1
230,3,0.625,0.01171875,0.67578125,0.13671875,1,1
230,3,0.8046875,0.10546875,0.8671875,0.18359375,2,1
230,3,0.8046875,0.10546875,0.8671875,0.18359375,5,1
230,4,0.12890625,0.1328125,0.2109375,0.30859375,1,1
230,4,0.21875,0.1171875,0.2734375,0.17578125,2,1
230,4,0.21875,0.1171875,0.2734375,0.17578125,5,1
230,4,0.37890625,0.15625,0.48828125,0.55078125,1,1
230,4,0.37890625,0.15625,0.48828125,0.55078125,3,1
230,4,0.49609375,0.08203125,0.54296875,0.22265625,2,1
230,4,0.49609375,0.08203125,0.54296875,0.22265625,5,1
230,4,0.54296875,0.0546875,0.59375,0.14453125,2,1
230,4,0.54296875,0.0546875,0.59375,0.14453125,5,1
230,4,0.625,0.0078125,0.6796875,0.1328125,1,1
230,4,0.80078125,0.10546875,0.86328125,0.1953125,2,1
230,4,0.80078125,0.10546875,0.86328125,0.1953125,5,1
230,5,0.13671875,0.1328125,0.22265625,0.3125,1,1
230,5,0.22265625,0.11328125,0.265625,0.1796875,2,1
230,5,0.22265625,0.11328125,0.265625,0.1796875,5,1
230,5,0.3828125,0.1640625,0.4921875,0.5546875,1,1
230,5,0.3828125,0.1640625,0.4921875,0.5546875,3,1
230,5,0.5,0.0859375,0.55078125,0.22265625,2,1
230,5,0.5,0.0859375,0.55078125,0.22265625,5,1
230,5,0.5390625,0.0546875,0.5859375,0.14453125,2,1
230,5,0.5390625,0.0546875,0.5859375,0.14453125,5,1
230,5,0.62109375,0.0078125,0.6875,0.14453125,1,1
230,5,0.8046875,0.1015625,0.86328125,0.1796875,2,1
230,5,0.8046875,0.1015625,0.86328125,0.1796875,5,1
230,6,0.12890625,0.13671875,0.21875,0.30859375,1,1
230,6,0.22265625,0.109375,0.26171875,0.1796875,2,1
230,6,0.22265625,0.109375,0.26171875,0.1796875,5,1
230,6,0.390625,0.15625,0.49609375,0.55078125,1,1
230,6,0.390625,0.15625,0.49609375,0.55078125,3,1
230,6,0.5,0.09765625,0.54296875,0.22265625,2,1
230,6,0.5,0.09765625,0.54296875,0.22265625,5,1
230,6,0.53125,0.05859375,0.58984375,0.15625,2,1
230,6,0.53125,0.05859375,0.58984375,0.15625,5,1
230,6,0.625,0.00390625,0.69140625,0.15234375,1,1
230,6,0.8046875,0.09765625,0.8671875,0.1875,2,1
230,6,0.8046875,0.09765625,0.8671875,0.1875,5,1
230,7,0.12890625,0.125,0.21484375,0.30859375,1,1
230,7,0.21875,0.11328125,0.26953125,0.18359375,2,1
230,7,0.21875,0.11328125,0.26953125,0.18359375,5,1
230,7,0.39453125,0.1640625,0.48828125,0.5546875,1,1
230,7,0.39453125,0.1640625,0.48828125,0.5546875,3,1
230,7,0.49609375,0.08203125,0.5390625,0.21875,2,1
230,7,0.49609375,0.08203125,0.5390625,0.21875,5,1
230,7,0.5390625,0.05859375,0.58984375,0.15234375,2,1
230,7,0.5390625,0.05859375,0.58984375,0.15234375,5,1
230,7,0.62109375,0.01171875,0.6875,0.1484375,1,1
230,7,0.8046875,0.10546875,0.86328125,0.1875,2,1
230,7,0.8046875,0.10546875,0.86328125,0.1875,5,1
231,2,0.20703125,0.06640625,0.2734375,0.17578125,1,1
231,2,0.33203125,0.0859375,0.39453125,0.15625,2,1
231,2,0.33203125,0.0859375,0.39453125,0.15625,5,1
231,2,0.40625,0.0703125,0.47265625,0.1484375,2,1
231,2,0.40625,0.0703125,0.47265625,0.1484375,5,1
231,2,0.49609375,0.15234375,0.60546875,0.5546875,1,1
231,2,0.49609375,0.15234375,0.60546875,0.5546875,3,1
231,2,0.34765625,0.1796875,0.4921875,0.5625,1,1
231,2,0.34765625,0.1796875,0.4921875,0.5625,3,1
231,2,0.5234375,0.05859375,0.5859375,0.140625,2,1
231,2,0.5234375,0.05859375,0.5859375,0.140625,5,1
231,2,0.79296875,0.09765625,0.8671875,0.18359375,2,1
231,2,0.79296875,0.09765625,0.8671875,0.18359375,5,1
231,3,0.203125,0.0703125,0.27734375,0.1875,1,1
231,3,0.33203125,0.0859375,0.3984375,0.15625,2,1
231,3,0.33203125,0.0859375,0.3984375,0.15625,5,1
231,3,0.41015625,0.0703125,0.48046875,0.15234375,2,1
231,3,0.41015625,0.0703125,0.48046875,0.15234375,5,1
231,3,0.3515625,0.1796875,0.49609375,0.54296875,1,1
231,3,0.3515625,0.1796875,0.49609375,0.54296875,3,1
231,3,0.48828125,0.140625,0.59765625,0.5546875,1,1
231,3,0.48828125,0.140625,0.59765625,0.5546875,3,1
231,3,0.53125,0.0546875,0.58984375,0.15234375,2,1
231,3,0.53125,0.0546875,0.58984375,0.15234375,5,1
231,3,0.7890625,0.10546875,0.86328125,0.1875,2,1
231,3,0.7890625,0.10546875,0.86328125,0.1875,5,1
231,4,0.19921875,0.06640625,0.2734375,0.18359375,1,1
231,4,0.33203125,0.0859375,0.3984375,0.15625,2,1
231,4,0.33203125,0.0859375,0.3984375,0.15625,5,1
231,4,0.40625,0.0703125,0.4765625,0.1484375,2,1
231,4,0.40625,0.0703125,0.4765625,0.1484375,5,1
231,4,0.53125,0.06640625,0.58984375,0.140625,2,1
231,4,0.53125,0.06640625,0.58984375,0.140625,5,1
231,4,0.7890625,0.10546875,0.8515625,0.171875,2,1
231,4,0.7890625,0.10546875,0.8515625,0.171875,5,1
231,4,0.34765625,0.17578125,0.48828125,0.54296875,1,1
231,4,0.34765625,0.17578125,0.48828125,0.54296875,3,1
231,4,0.49609375,0.14453125,0.59765625,0.5703125,1,1
231,4,0.49609375,0.14453125,0.59765625,0.5703125,3,1
231,5,0.203125,0.0703125,0.27734375,0.19140625,1,1
231,5,0.33203125,0.08203125,0.39453125,0.1640625,2,1
231,5,0.33203125,0.08203125,0.39453125,0.1640625,5,1
231,5,0.40625,0.078125,0.48046875,0.15234375,2,1
231,5,0.40625,0.078125,0.48046875,0.15234375,5,1
231,5,0.515625,0.06640625,0.5859375,0.1484375,2,1
231,5,0.515625,0.06640625,0.5859375,0.1484375,5,1
231,5,0.80078125,0.1015625,0.8671875,0.19921875,2,1
231,5,0.80078125,0.1015625,0.8671875,0.19921875,5,1
231,5,0.34375,0.1796875,0.48828125,0.55078125,1,1
231,5,0.34375,0.1796875,0.48828125,0.55078125,3,1
231,5,0.49609375,0.14453125,0.59765625,0.57421875,1,1
231,5,0.49609375,0.14453125,0.59765625,0.57421875,3,1
231,6,0.203125,0.05859375,0.2734375,0.18359375,1,1
231,6,0.33203125,0.078125,0.3984375,0.16015625,2,1
231,6,0.33203125,0.078125,0.3984375,0.16015625,5,1
231,6,0.40625,0.0703125,0.48046875,0.1484375,2,1
231,6,0.40625,0.0703125,0.48046875,0.1484375,5,1
231,6,0.5234375,0.0625,0.58984375,0.14453125,2,1
231,6,0.5234375,0.0625,0.58984375,0.14453125,5,1
231,6,0.79296875,0.10546875,0.86328125,0.1953125,2,1
231,6,0.79296875,0.10546875,0.86328125,0.1953125,5,1
231,6,0.34765625,0.171875,0.49609375,0.5390625,1,1
231,6,0.34765625,0.171875,0.49609375,0.5390625,3,1
231,6,0.4921875,0.13671875,0.6015625,0.5625,1,1
231,6,0.4921875,0.13671875,0.6015625,0.5625,3,1
231,7,0.34765625,0.18359375,0.4921875,0.54296875,1,1
231,7,0.34765625,0.18359375,0.4921875,0.54296875,3,1
231,7,0.49609375,0.15234375,0.58984375,0.5546875,1,1
231,7,0.49609375,0.15234375,0.58984375,0.5546875,3,1
231,7,0.5234375,0.0625,0.58984375,0.1484375,2,1
231,7,0.5234375,0.0625,0.58984375,0.1484375,5,1
231,7,0.40234375,0.078125,0.4765625,0.1484375,2,1
231,7,0.40234375,0.078125,0.4765625,0.1484375,5,1
231,7,0.33203125,0.078125,0.3984375,0.171875,2,1
231,7,0.33203125,0.078125,0.3984375,0.171875,5,1
231,7,0.19921875,0.0625,0.2734375,0.1796875,1,1
232,2,0.0,0.25,0.08203125,0.53125,1,1
232,2,0.0,0.25,0.08203125,0.53125,3,1
232,2,0.0859375,0.21484375,0.1640625,0.59375,1,1
232,2,0.0859375,0.21484375,0.1640625,0.59375,3,1
232,2,0.19921875,0.171875,0.2734375,0.47265625,1,1
232,2,0.19921875,0.171875,0.2734375,0.47265625,3,1
232,2,0.25,0.18359375,0.375,0.5703125,1,1
232,2,0.25,0.18359375,0.375,0.5703125,3,1
232,2,0.40625,0.078125,0.47265625,0.15625,2,1
232,2,0.40625,0.078125,0.47265625,0.15625,5,1
232,2,0.3515625,0.1015625,0.40234375,0.21875,2,1
232,2,0.3515625,0.1015625,0.40234375,0.21875,5,1
232,2,0.41015625,0.15625,0.5,0.55078125,1,1
232,2,0.41015625,0.15625,0.5,0.55078125,3,1
232,2,0.5546875,0.02734375,0.62109375,0.1640625,1,1
232,2,0.54296875,0.1640625,0.65234375,0.56640625,1,1
232,2,0.54296875,0.1640625,0.65234375,0.56640625,3,1
232,2,0.6953125,0.14453125,0.7890625,0.484375,1,1
232,2,0.6953125,0.14453125,0.7890625,0.484375,3,1
232,2,0.8359375,0.1953125,0.97265625,0.46875,1,1
232,2,0.8359375,0.1953125,0.97265625,0.46875,3,1
232,3,0.015625,0.25,0.08203125,0.58984375,1,1
232,3,0.015625,0.25,0.08203125,0.58984375,3,1
232,3,0.0859375,0.21875,0.19140625,0.58984375,1,1
232,3,0.0859375,0.21875,0.19140625,0.58984375,3,1
232,3,0.203125,0.15625,0.2734375,0.43359375,1,1
232,3,0.203125,0.15625,0.2734375,0.43359375,3,1
232,3,0.25,0.1796875,0.37890625,0.57421875,1,1
232,3,0.25,0.1796875,0.37890625,0.57421875,3,1
232,3,0.33984375,0.08984375,0.40625,0.23046875,2,1
232,3,0.33984375,0.08984375,0.40625,0.23046875,5,1
232,3,0.40625,0.07421875,0.4765625,0.16015625,2,1
232,3,0.40625,0.07421875,0.4765625,0.16015625,5,1
232,3,0.41015625,0.16796875,0.51171875,0.55078125,1,1
232,3,0.41015625,0.16796875,0.51171875,0.55078125,3,1
232,3,0.55078125,0.01953125,0.6171875,0.16796875,1,1
232,3,0.5390625,0.16796875,0.6484375,0.5625,1,1
232,3,0.5390625,0.16796875,0.6484375,0.5625,3,1
232,3,0.69140625,0.1484375,0.796875,0.4765625,1,1
232,3,0.69140625,0.1484375,0.796875,0.4765625,3,1
232,3,0.8359375,0.1875,0.9609375,0.4765625,1,1
232,3,0.8359375,0.1875,0.9609375,0.4765625,3,1
232,4,0.01171875,0.25390625,0.08203125,0.58203125,1,1
232,4,0.01171875,0.25390625,0.08203125,0.58203125,3,1
232,4,0.08203125,0.21484375,0.18359375,0.59375,1,1
232,4,0.08203125,0.21484375,0.18359375,0.59375,3,1
232,4,0.2109375,0.15234375,0.26953125,0.4140625,1,1
232,4,0.2109375,0.15234375,0.26953125,0.4140625,3,1
232,4,0.25390625,0.17578125,0.37890625,0.55859375,1,1
232,4,0.25390625,0.17578125,0.37890625,0.55859375,3,1
232,4,0.34765625,0.1015625,0.40625,0.21875,2,1
232,4,0.34765625,0.1015625,0.40625,0.21875,5,1
232,4,0.40625,0.05859375,0.47265625,0.1484375,2,1
232,4,0.40625,0.05859375,0.47265625,0.1484375,5,1
232,4,0.41015625,0.1640625,0.50390625,0.56640625,1,1
232,4,0.41015625,0.1640625,0.50390625,0.56640625,3,1
232,4,0.55859375,0.03515625,0.62109375,0.17578125,1,1
232,4,0.54296875,0.1640625,0.64453125,0.546875,1,1
232,4,0.54296875,0.1640625,0.64453125,0.546875,3,1
232,4,0.69140625,0.15625,0.78515625,0.46484375,1,1
232,4,0.69140625,0.15625,0.78515625,0.46484375,3,1
232,4,0.8359375,0.19921875,0.9609375,0.48828125,1,1
232,4,0.8359375,0.19921875,0.9609375,0.48828125,3,1
232,5,0.01953125,0.265625,0.0859375,0.6015625,1,1
232,5,0.01953125,0.265625,0.0859375,0.6015625,3,1
232,5,0.08984375,0.21484375,0.1875,0.59765625,1,1
232,5,0.08984375,0.21484375,0.1875,0.59765625,3,1
232,5,0.19140625,0.15234375,0.26953125,0.4296875,1,1
232,5,0.25,0.1796875,0.37890625,0.5703125,1,1
232,5,0.25,0.1796875,0.37890625,0.5703125,3,1
232,5,0.34765625,0.09765625,0.40234375,0.22265625,2,1
232,5,0.34765625,0.09765625,0.40234375,0.22265625,5,1
232,5,0.40625,0.06640625,0.4765625,0.14453125,2,1
232,5,0.40625,0.06640625,0.4765625,0.14453125,5,1
232,5,0.41015625,0.1640625,0.5078125,0.5546875,1,1
232,5,0.41015625,0.1640625,0.5078125,0.5546875,3,1
232,5,0.5546875,0.01953125,0.62109375,0.17578125,1,1
232,5,0.54296875,0.16015625,0.64453125,0.55859375,1,1
232,5,0.54296875,0.16015625,0.64453125,0.55859375,3,1
232,5,0.6875,0.13671875,0.796875,0.4609375,1,1
232,5,0.6875,0.13671875,0.796875,0.4609375,3,1
232,5,0.8359375,0.203125,0.9609375,0.5,1,1
232,5,0.8359375,0.203125,0.9609375,0.5,3,1
232,6,0.00390625,0.26953125,0.078125,0.6015625,1,1
232,6,0.00390625,0.26953125,0.078125,0.6015625,3,1
232,6,0.08203125,0.2265625,0.1875,0.60546875,1,1
232,6,0.08203125,0.2265625,0.1875,0.60546875,3,1
232,6,0.203125,0.15625,0.28125,0.421875,1,1
232,6,0.25390625,0.17578125,0.3828125,0.546875,1,1
232,6,0.25390625,0.17578125,0.3828125,0.546875,3,1
232,6,0.40234375,0.07421875,0.4765625,0.15625,2,1
232,6,0.40234375,0.07421875,0.4765625,0.15625,5,1
232,6,0.3515625,0.11328125,0.40625,0.22265625,2,1
232,6,0.3515625,0.11328125,0.40625,0.22265625,5,1
232,6,0.41015625,0.1640625,0.50390625,0.55859375,1,1
232,6,0.41015625,0.1640625,0.50390625,0.55859375,3,1
232,6,0.55859375,0.01953125,0.6171875,0.17578125,1,1
232,6,0.53125,0.16796875,0.6484375,0.546875,1,1
232,6,0.53125,0.16796875,0.6484375,0.546875,3,1
232,6,0.69921875,0.1484375,0.79296875,0.4765625,1,1
232,6,0.69921875,0.1484375,0.79296875,0.4765625,3,1
232,6,0.83203125,0.1953125,0.95703125,0.5,1,1
232,6,0.83203125,0.1953125,0.95703125,0.5,3,1
232,7,0.015625,0.2578125,0.0859375,0.58984375,1,1
232,7,0.015625,0.2578125,0.0859375,0.58984375,3,1
232,7,0.08203125,0.2109375,0.1484375,0.58984375,1,1
232,7,0.08203125,0.2109375,0.1484375,0.58984375,3,1
232,7,0.1484375,0.171875,0.26171875,0.46875,1,1
232,7,0.1484375,0.171875,0.26171875,0.46875,3,1
232,7,0.25,0.171875,0.3828125,0.55859375,1,1
232,7,0.25,0.171875,0.3828125,0.55859375,3,1
232,7,0.41796875,0.1640625,0.49609375,0.5703125,1,1
232,7,0.41796875,0.1640625,0.49609375,0.5703125,3,1
232,7,0.52734375,0.171875,0.64453125,0.54296875,1,1
232,7,0.52734375,0.171875,0.64453125,0.54296875,3,1
232,7,0.69921875,0.1484375,0.80078125,0.46484375,1,1
232,7,0.69921875,0.1484375,0.80078125,0.46484375,3,1
232,7,0.83203125,0.20703125,0.96484375,0.48046875,1,1
232,7,0.83203125,0.20703125,0.96484375,0.48046875,3,1
232,7,0.5546875,0.015625,0.62109375,0.1796875,1,1
232,7,0.40625,0.0703125,0.484375,0.1484375,2,1
232,7,0.40625,0.0703125,0.484375,0.1484375,5,1
232,7,0.34375,0.08984375,0.41015625,0.22265625,2,1
232,7,0.34375,0.08984375,0.41015625,0.22265625,5,1
233,2,0.26171875,0.21484375,0.4140625,0.54296875,1,1
233,2,0.26171875,0.21484375,0.4140625,0.54296875,3,1
233,2,0.16015625,0.19921875,0.26171875,0.58203125,1,1
233,2,0.16015625,0.19921875,0.26171875,0.58203125,3,1
233,2,0.04296875,0.24609375,0.15625,0.55859375,1,1
233,2,0.04296875,0.24609375,0.15625,0.55859375,3,1
233,2,0.24609375,0.11328125,0.3046875,0.25,2,1
233,2,0.24609375,0.11328125,0.3046875,0.25,5,1
233,2,0.3515625,0.1171875,0.4140625,0.21484375,2,1
233,2,0.3515625,0.1171875,0.4140625,0.21484375,5,1
233,2,0.609375,0.09375,0.6796875,0.22265625,2,1
233,2,0.609375,0.09375,0.6796875,0.22265625,5,1
233,2,0.1015625,0.09765625,0.19140625,0.171875,1,1
233,2,0.1015625,0.09765625,0.19140625,0.171875,4,1
233,2,0.1015625,0.171875,0.1796875,0.25390625,1,1
233,2,0.1015625,0.171875,0.1796875,0.25390625,4,1
233,3,0.08984375,0.0859375,0.1875,0.17578125,1,1
233,3,0.08984375,0.0859375,0.1875,0.17578125,4,1
233,3,0.109375,0.16796875,0.1875,0.265625,1,1
233,3,0.109375,0.16796875,0.1875,0.265625,4,1
233,3,0.04296875,0.23046875,0.16015625,0.5546875,1,1
233,3,0.04296875,0.23046875,0.16015625,0.5546875,3,1
233,3,0.14453125,0.203125,0.2578125,0.5625,1,1
233,3,0.14453125,0.203125,0.2578125,0.5625,3,1
233,3,0.25390625,0.19921875,0.4140625,0.55859375,1,1
233,3,0.25390625,0.19921875,0.4140625,0.55859375,3,1
233,3,0.24609375,0.1171875,0.3125,0.2421875,2,1
233,3,0.24609375,0.1171875,0.3125,0.2421875,5,1
233,3,0.34375,0.1015625,0.421875,0.2109375,2,1
233,3,0.34375,0.1015625,0.421875,0.2109375,5,1
233,3,0.609375,0.08203125,0.68359375,0.2265625,2,1
233,3,0.609375,0.08203125,0.68359375,0.2265625,5,1
233,4,0.09765625,0.09765625,0.19140625,0.1875,1,1
233,4,0.09765625,0.09765625,0.19140625,0.1875,4,1
233,4,0.0546875,0.234375,0.15625,0.5625,1,1
233,4,0.0546875,0.234375,0.15625,0.5625,3,1
233,4,0.14453125,0.20703125,0.25,0.5859375,1,1
233,4,0.14453125,0.20703125,0.25,0.5859375,3,1
233,4,0.25,0.20703125,0.4140625,0.55078125,1,1
233,4,0.25,0.20703125,0.4140625,0.55078125,3,1
233,4,0.2421875,0.10546875,0.30859375,0.25,2,1
233,4,0.2421875,0.10546875,0.30859375,0.25,5,1
233,4,0.34375,0.10546875,0.4140625,0.22265625,2,1
233,4,0.34375,0.10546875,0.4140625,0.22265625,5,1
233,4,0.609375,0.08984375,0.6875,0.2265625,2,1
233,4,0.609375,0.08984375,0.6875,0.2265625,5,1
233,5,0.09765625,0.0859375,0.19921875,0.171875,1,1
233,5,0.09765625,0.0859375,0.19921875,0.171875,4,1
233,5,0.04296875,0.234375,0.15625,0.55859375,1,1
233,5,0.04296875,0.234375,0.15625,0.55859375,3,1
233,5,0.1484375,0.1953125,0.25390625,0.57421875,1,1
233,5,0.1484375,0.1953125,0.25390625,0.57421875,3,1
233,5,0.26171875,0.203125,0.41796875,0.56640625,1,1
233,5,0.26171875,0.203125,0.41796875,0.56640625,3,1
233,5,0.2421875,0.12109375,0.30859375,0.2421875,2,1
233,5,0.2421875,0.12109375,0.30859375,0.2421875,5,1
233,5,0.34765625,0.10546875,0.40625,0.2109375,2,1
233,5,0.34765625,0.10546875,0.40625,0.2109375,5,1
233,5,0.6015625,0.09765625,0.69140625,0.22265625,2,1
233,5,0.6015625,0.09765625,0.69140625,0.22265625,5,1
233,6,0.09375,0.0859375,0.19140625,0.17578125,1,1
233,6,0.09375,0.0859375,0.19140625,0.17578125,4,1
233,6,0.1015625,0.1796875,0.1796875,0.25390625,1,1
233,6,0.1015625,0.1796875,0.1796875,0.25390625,4,1
233,6,0.0546875,0.25390625,0.1484375,0.5703125,1,1
233,6,0.0546875,0.25390625,0.1484375,0.5703125,3,1
233,6,0.1484375,0.20703125,0.24609375,0.578125,1,1
233,6,0.1484375,0.20703125,0.24609375,0.578125,3,1
233,6,0.25,0.203125,0.41015625,0.56640625,1,1
233,6,0.25,0.203125,0.41015625,0.56640625,3,1
233,6,0.24609375,0.11328125,0.30078125,0.25390625,2,1
233,6,0.24609375,0.11328125,0.30078125,0.25390625,5,1
233,6,0.34375,0.1015625,0.41796875,0.21484375,2,1
233,6,0.34375,0.1015625,0.41796875,0.21484375,5,1
233,6,0.609375,0.0859375,0.68359375,0.21875,2,1
233,6,0.609375,0.0859375,0.68359375,0.21875,5,1
233,7,0.08984375,0.0859375,0.19140625,0.171875,1,1
233,7,0.08984375,0.0859375,0.19140625,0.171875,4,1
233,7,0.10546875,0.17578125,0.1953125,0.2421875,1,1
233,7,0.10546875,0.17578125,0.1953125,0.2421875,4,1
233,7,0.05078125,0.25,0.1484375,0.5625,1,1
233,7,0.05078125,0.25,0.1484375,0.5625,3,1
233,7,0.140625,0.203125,0.2421875,0.609375,1,1
233,7,0.140625,0.203125,0.2421875,0.609375,3,1
233,7,0.24609375,0.19921875,0.4140625,0.55859375,1,1
233,7,0.24609375,0.19921875,0.4140625,0.55859375,3,1
233,7,0.24609375,0.10546875,0.3046875,0.25,2,1
233,7,0.24609375,0.10546875,0.3046875,0.25,5,1
233,7,0.3515625,0.11328125,0.421875,0.21484375,2,1
233,7,0.3515625,0.11328125,0.421875,0.21484375,5,1
233,7,0.609375,0.09765625,0.69921875,0.234375,2,1
233,7,0.609375,0.09765625,0.69921875,0.234375,5,1
234,2,0.1015625,0.10546875,0.14453125,0.1953125,1,1
234,2,0.32421875,0.0859375,0.4296875,0.26953125,1,1
234,2,0.53125,0.0625,0.5859375,0.14453125,2,1
234,2,0.53125,0.0625,0.5859375,0.14453125,5,1
234,2,0.60546875,0.1171875,0.6796875,0.234375,2,1
234,2,0.60546875,0.1171875,0.6796875,0.234375,5,1
234,2,0.6328125,0.078125,0.6953125,0.1484375,2,1
234,2,0.6328125,0.078125,0.6953125,0.1484375,5,1
234,2,0.8046875,0.1015625,0.859375,0.1875,2,1
234,2,0.8046875,0.1015625,0.859375,0.1875,5,1
234,3,0.1171875,0.10546875,0.15234375,0.19140625,1,1
234,3,0.328125,0.08203125,0.4296875,0.27734375,1,1
234,3,0.53125,0.06640625,0.578125,0.14453125,2,1
234,3,0.53125,0.06640625,0.578125,0.14453125,5,1
234,3,0.60546875,0.1015625,0.6796875,0.234375,2,1
234,3,0.60546875,0.1015625,0.6796875,0.234375,5,1
234,3,0.6328125,0.0703125,0.69921875,0.14453125,2,1
234,3,0.6328125,0.0703125,0.69921875,0.14453125,5,1
234,3,0.80078125,0.1171875,0.86328125,0.1953125,2,1
234,3,0.80078125,0.1171875,0.86328125,0.1953125,5,1
234,4,0.12109375,0.09765625,0.15625,0.1875,1,1
234,4,0.328125,0.0859375,0.44140625,0.26953125,1,1
234,4,0.5234375,0.07421875,0.58984375,0.1484375,2,1
234,4,0.5234375,0.07421875,0.58984375,0.1484375,5,1
234,4,0.62890625,0.0625,0.6953125,0.12890625,2,1
234,4,0.62890625,0.0625,0.6953125,0.12890625,5,1
234,4,0.60546875,0.125,0.68359375,0.22265625,2,1
234,4,0.60546875,0.125,0.68359375,0.22265625,5,1
234,4,0.8046875,0.1015625,0.86328125,0.1796875,2,1
234,4,0.8046875,0.1015625,0.86328125,0.1796875,5,1
234,5,0.1171875,0.1015625,0.15625,0.1875,1,1
234,5,0.33203125,0.078125,0.4296875,0.26953125,1,1
234,5,0.53515625,0.0546875,0.58203125,0.140625,2,1
234,5,0.53515625,0.0546875,0.58203125,0.140625,5,1
234,5,0.609375,0.10546875,0.6796875,0.23046875,2,1
234,5,0.609375,0.10546875,0.6796875,0.23046875,5,1
234,5,0.640625,0.06640625,0.69921875,0.1484375,2,1
234,5,0.640625,0.06640625,0.69921875,0.1484375,5,1
234,5,0.80859375,0.109375,0.875,0.1875,2,1
234,5,0.80859375,0.109375,0.875,0.1875,5,1
234,6,0.1171875,0.10546875,0.15625,0.18359375,1,1
234,6,0.33203125,0.0859375,0.4296875,0.2734375,1,1
234,6,0.52734375,0.0703125,0.58203125,0.14453125,2,1
234,6,0.52734375,0.0703125,0.58203125,0.14453125,5,1
234,6,0.60546875,0.12109375,0.68359375,0.23828125,2,1
234,6,0.60546875,0.12109375,0.68359375,0.23828125,5,1
234,6,0.640625,0.0703125,0.6953125,0.14453125,2,1
234,6,0.640625,0.0703125,0.6953125,0.14453125,5,1
234,6,0.80859375,0.11328125,0.86328125,0.19140625,2,1
234,6,0.80859375,0.11328125,0.86328125,0.19140625,5,1
234,7,0.11328125,0.109375,0.16015625,0.19140625,1,1
234,7,0.33203125,0.08203125,0.4296875,0.2734375,1,1
234,7,0.5234375,0.08203125,0.5859375,0.1484375,2,1
234,7,0.5234375,0.08203125,0.5859375,0.1484375,5,1
234,7,0.60546875,0.109375,0.6875,0.22265625,2,1
234,7,0.60546875,0.109375,0.6875,0.22265625,5,1
234,7,0.640625,0.06640625,0.6953125,0.140625,2,1
234,7,0.640625,0.06640625,0.6953125,0.140625,5,1
234,7,0.8046875,0.109375,0.87109375,0.17578125,2,1
234,7,0.8046875,0.109375,0.87109375,0.17578125,5,1
235,2,0.26171875,0.09765625,0.32421875,0.17578125,2,1
235,2,0.26171875,0.09765625,0.32421875,0.17578125,5,1
235,2,0.33984375,0.08984375,0.390625,0.16015625,2,1
235,2,0.33984375,0.08984375,0.390625,0.16015625,5,1
235,2,0.43359375,0.0703125,0.4765625,0.1484375,2,1
235,2,0.43359375,0.0703125,0.4765625,0.1484375,5,1
235,2,0.51953125,0.07421875,0.578125,0.140625,2,1
235,2,0.51953125,0.07421875,0.578125,0.140625,5,1
235,2,0.609375,0.109375,0.6796875,0.22265625,2,1
235,2,0.609375,0.109375,0.6796875,0.22265625,5,1
235,2,0.63671875,0.07421875,0.69140625,0.15234375,2,1
235,2,0.63671875,0.07421875,0.69140625,0.15234375,5,1
235,2,0.859375,0.1328125,0.94921875,0.3203125,1,1
235,3,0.26171875,0.1015625,0.328125,0.16796875,2,1
235,3,0.26171875,0.1015625,0.328125,0.16796875,5,1
235,3,0.33203125,0.08984375,0.40234375,0.16796875,2,1
235,3,0.33203125,0.08984375,0.40234375,0.16796875,5,1
235,3,0.421875,0.0703125,0.47265625,0.15234375,2,1
235,3,0.421875,0.0703125,0.47265625,0.15234375,5,1
235,3,0.52734375,0.078125,0.58203125,0.14453125,2,1
235,3,0.52734375,0.078125,0.58203125,0.14453125,5,1
235,3,0.60546875,0.109375,0.68359375,0.22265625,2,1
235,3,0.60546875,0.109375,0.68359375,0.22265625,5,1
235,3,0.63671875,0.06640625,0.69140625,0.1484375,2,1
235,3,0.63671875,0.06640625,0.69140625,0.1484375,5,1
235,3,0.86328125,0.11328125,0.9453125,0.3203125,1,1
235,2,0.80078125,0.11328125,0.859375,0.1875,2,1
235,2,0.80078125,0.11328125,0.859375,0.1875,5,1
235,4,0.26171875,0.08984375,0.328125,0.1640625,2,1
235,4,0.26171875,0.08984375,0.328125,0.1640625,5,1
235,4,0.328125,0.0859375,0.38671875,0.16796875,2,1
235,4,0.328125,0.0859375,0.38671875,0.16796875,5,1
235,4,0.421875,0.0703125,0.4765625,0.15625,2,1
235,4,0.421875,0.0703125,0.4765625,0.15625,5,1
235,4,0.52734375,0.0625,0.5859375,0.1484375,2,1
235,4,0.52734375,0.0625,0.5859375,0.1484375,5,1
235,4,0.609375,0.109375,0.6875,0.23046875,2,1
235,4,0.609375,0.109375,0.6875,0.23046875,5,1
235,4,0.640625,0.0625,0.69140625,0.14453125,2,1
235,4,0.640625,0.0625,0.69140625,0.14453125,5,1
235,4,0.80078125,0.09765625,0.85546875,0.18359375,2,1
235,4,0.80078125,0.09765625,0.85546875,0.18359375,5,1
235,4,0.8671875,0.10546875,0.953125,0.31640625,1,1
235,5,0.25,0.09765625,0.31640625,0.16015625,2,1
235,5,0.25,0.09765625,0.31640625,0.16015625,5,1
235,5,0.3359375,0.0859375,0.3984375,0.1640625,2,1
235,5,0.3359375,0.0859375,0.3984375,0.1640625,5,1
235,5,0.4296875,0.0703125,0.48046875,0.15234375,2,1
235,5,0.4296875,0.0703125,0.48046875,0.15234375,5,1
235,5,0.53515625,0.0703125,0.58984375,0.13671875,2,1
235,5,0.53515625,0.0703125,0.58984375,0.13671875,5,1
235,5,0.6015625,0.1015625,0.69140625,0.2265625,2,1
235,5,0.6015625,0.1015625,0.69140625,0.2265625,5,1
235,5,0.640625,0.05859375,0.68359375,0.140625,2,1
235,5,0.640625,0.05859375,0.68359375,0.140625,5,1
235,5,0.8046875,0.109375,0.8515625,0.1796875,2,1
235,5,0.8046875,0.109375,0.8515625,0.1796875,5,1
235,5,0.859375,0.11328125,0.9453125,0.3125,1,1
235,6,0.33203125,0.0859375,0.39453125,0.16015625,2,1
235,6,0.33203125,0.0859375,0.39453125,0.16015625,5,1
235,6,0.26171875,0.08984375,0.328125,0.17578125,2,1
235,6,0.26171875,0.08984375,0.328125,0.17578125,5,1
235,6,0.4296875,0.0703125,0.4765625,0.1484375,2,1
235,6,0.4296875,0.0703125,0.4765625,0.1484375,5,1
235,6,0.52734375,0.0703125,0.5859375,0.14453125,2,1
235,6,0.52734375,0.0703125,0.5859375,0.14453125,5,1
235,6,0.6015625,0.0859375,0.6796875,0.23828125,2,1
235,6,0.6015625,0.0859375,0.6796875,0.23828125,5,1
235,6,0.6328125,0.0625,0.69140625,0.14453125,2,1
235,6,0.6328125,0.0625,0.69140625,0.14453125,5,1
235,6,0.8046875,0.09765625,0.8515625,0.16796875,2,1
235,6,0.8046875,0.09765625,0.8515625,0.16796875,5,1
235,6,0.86328125,0.1171875,0.94921875,0.31640625,1,1
235,7,0.25390625,0.10546875,0.32421875,0.1796875,2,1
235,7,0.25390625,0.10546875,0.32421875,0.1796875,5,1
235,7,0.3359375,0.0859375,0.3984375,0.16796875,2,1
235,7,0.3359375,0.0859375,0.3984375,0.16796875,5,1
235,7,0.421875,0.0703125,0.48046875,0.15625,2,1
235,7,0.421875,0.0703125,0.48046875,0.15625,5,1
235,7,0.52734375,0.05859375,0.578125,0.14453125,2,1
235,7,0.52734375,0.05859375,0.578125,0.14453125,5,1
235,7,0.60546875,0.08984375,0.6796875,0.22265625,2,1
235,7,0.60546875,0.08984375,0.6796875,0.22265625,5,1
235,7,0.640625,0.0703125,0.6953125,0.15234375,2,1
235,7,0.640625,0.0703125,0.6953125,0.15234375,5,1
235,7,0.80078125,0.1015625,0.8515625,0.17578125,2,1
235,7,0.80078125,0.1015625,0.8515625,0.17578125,5,1
235,7,0.859375,0.109375,0.94140625,0.3125,1,1
237,2,0.203125,0.0546875,0.3046875,0.13671875,1,1
237,2,0.203125,0.0546875,0.3046875,0.13671875,4,1
237,2,0.26171875,0.11328125,0.3359375,0.19140625,2,1
237,2,0.26171875,0.11328125,0.3359375,0.19140625,5,1
237,2,0.3359375,0.078125,0.3984375,0.17578125,2,1
237,2,0.3359375,0.078125,0.3984375,0.17578125,5,1
237,2,0.48828125,0.109375,0.5546875,0.23828125,2,1
237,2,0.48828125,0.109375,0.5546875,0.23828125,5,1
237,2,0.59765625,0.0859375,0.69140625,0.23046875,2,1
237,2,0.59765625,0.0859375,0.69140625,0.23046875,5,1
237,2,0.84375,0.0703125,0.875,0.15625,1,1
237,2,0.89453125,0.16796875,0.95703125,0.296875,2,1
237,2,0.89453125,0.16796875,0.95703125,0.296875,5,1
237,3,0.3359375,0.09765625,0.40234375,0.171875,2,1
237,3,0.3359375,0.09765625,0.40234375,0.171875,5,1
237,3,0.2734375,0.09765625,0.328125,0.1875,2,1
237,3,0.2734375,0.09765625,0.328125,0.1875,5,1
237,3,0.20703125,0.0390625,0.2890625,0.16796875,1,1
237,3,0.49609375,0.109375,0.546875,0.24609375,2,1
237,3,0.49609375,0.109375,0.546875,0.24609375,5,1
237,3,0.59375,0.08984375,0.6953125,0.21875,2,1
237,3,0.59375,0.08984375,0.6953125,0.21875,5,1
237,3,0.8359375,0.0625,0.890625,0.16796875,1,1
237,3,0.90234375,0.1875,0.95703125,0.2734375,2,1
237,3,0.90234375,0.1875,0.95703125,0.2734375,5,1
237,4,0.20703125,0.0625,0.3046875,0.13671875,1,1
237,4,0.265625,0.10546875,0.328125,0.16796875,2,1
237,4,0.265625,0.10546875,0.328125,0.16796875,5,1
237,4,0.3359375,0.08984375,0.39453125,0.16015625,2,1
237,4,0.3359375,0.08984375,0.39453125,0.16015625,5,1
237,4,0.5,0.1015625,0.55859375,0.2265625,2,1
237,4,0.5,0.1015625,0.55859375,0.2265625,5,1
237,4,0.60546875,0.0859375,0.69140625,0.23046875,2,1
237,4,0.60546875,0.0859375,0.69140625,0.23046875,5,1
237,4,0.890625,0.1640625,0.96484375,0.28125,2,1
237,4,0.890625,0.1640625,0.96484375,0.28125,5,1
237,4,0.84375,0.07421875,0.89453125,0.15625,1,1
237,5,0.33984375,0.1015625,0.39453125,0.16796875,2,1
237,5,0.33984375,0.1015625,0.39453125,0.16796875,5,1
237,5,0.2734375,0.1015625,0.328125,0.1796875,2,1
237,5,0.2734375,0.1015625,0.328125,0.1796875,5,1
237,5,0.203125,0.046875,0.3046875,0.15625,1,1
237,5,0.5,0.109375,0.55078125,0.23046875,2,1
237,5,0.5,0.109375,0.55078125,0.23046875,5,1
237,5,0.59375,0.0859375,0.6953125,0.22265625,2,1
237,5,0.59375,0.0859375,0.6953125,0.22265625,5,1
237,5,0.84375,0.0625,0.890625,0.171875,1,1
237,5,0.90625,0.17578125,0.95703125,0.28515625,2,1
237,5,0.90625,0.17578125,0.95703125,0.28515625,5,1
237,6,0.20703125,0.046875,0.3125,0.1328125,1,1
237,6,0.2734375,0.1015625,0.33203125,0.171875,2,1
237,6,0.2734375,0.1015625,0.33203125,0.171875,5,1
237,6,0.33203125,0.07421875,0.39453125,0.16015625,2,1
237,6,0.33203125,0.07421875,0.39453125,0.16015625,5,1
237,6,0.5,0.10546875,0.5546875,0.23828125,2,1
237,6,0.5,0.10546875,0.5546875,0.23828125,5,1
237,6,0.59765625,0.09765625,0.6953125,0.23828125,2,1
237,6,0.59765625,0.09765625,0.6953125,0.23828125,5,1
237,6,0.8359375,0.0625,0.88671875,0.1640625,1,1
237,6,0.89453125,0.171875,0.9609375,0.2890625,2,1
237,6,0.89453125,0.171875,0.9609375,0.2890625,5,1
237,7,0.20703125,0.04296875,0.30859375,0.1328125,1,1
237,7,0.26171875,0.09765625,0.33203125,0.1640625,2,1
237,7,0.26171875,0.09765625,0.33203125,0.1640625,5,1
237,7,0.34375,0.0859375,0.39453125,0.16015625,2,1
237,7,0.34375,0.0859375,0.39453125,0.16015625,5,1
237,7,0.5,0.10546875,0.55078125,0.23828125,2,1
237,7,0.5,0.10546875,0.55078125,0.23828125,5,1
237,7,0.59375,0.0859375,0.69921875,0.234375,2,1
237,7,0.59375,0.0859375,0.69921875,0.234375,5,1
237,7,0.84375,0.0625,0.890625,0.16796875,1,1
237,7,0.90234375,0.1796875,0.96484375,0.27734375,2,1
237,7,0.90234375,0.1796875,0.96484375,0.27734375,5,1
238,2,0.24609375,0.09765625,0.3359375,0.17578125,2,1
238,2,0.24609375,0.09765625,0.3359375,0.17578125,5,1
238,2,0.49609375,0.09765625,0.5390625,0.23828125,2,1
238,2,0.49609375,0.09765625,0.5390625,0.23828125,5,1
238,2,0.5390625,0.0625,0.5859375,0.140625,2,1
238,2,0.5390625,0.0625,0.5859375,0.140625,5,1
238,2,0.6015625,0.0859375,0.69140625,0.2265625,2,1
238,2,0.6015625,0.0859375,0.69140625,0.2265625,5,1
238,2,0.80859375,0.0546875,0.85546875,0.17578125,1,1
238,3,0.25,0.09765625,0.33203125,0.16796875,2,1
238,3,0.25,0.09765625,0.33203125,0.16796875,5,1
238,3,0.5,0.1015625,0.5390625,0.23046875,2,1
238,3,0.5,0.1015625,0.5390625,0.23046875,5,1
238,3,0.53515625,0.05859375,0.58984375,0.13671875,2,1
238,3,0.53515625,0.05859375,0.58984375,0.13671875,5,1
238,3,0.60546875,0.078125,0.6953125,0.234375,2,1
238,3,0.60546875,0.078125,0.6953125,0.234375,5,1
238,3,0.8125,0.04296875,0.85546875,0.15625,1,1
238,4,0.25390625,0.1015625,0.33203125,0.1796875,2,1
238,4,0.25390625,0.1015625,0.33203125,0.1796875,5,1
238,4,0.49609375,0.08203125,0.53515625,0.23046875,2,1
238,4,0.49609375,0.08203125,0.53515625,0.23046875,5,1
238,4,0.5390625,0.06640625,0.58984375,0.1484375,2,1
238,4,0.5390625,0.06640625,0.58984375,0.1484375,5,1
238,4,0.6015625,0.07421875,0.6875,0.2265625,2,1
238,4,0.6015625,0.07421875,0.6875,0.2265625,5,1
238,4,0.796875,0.046875,0.8515625,0.16796875,1,1
238,5,0.25,0.09765625,0.33984375,0.17578125,2,1
238,5,0.25,0.09765625,0.33984375,0.17578125,5,1
238,5,0.49609375,0.09765625,0.5390625,0.234375,2,1
238,5,0.49609375,0.09765625,0.5390625,0.234375,5,1
238,5,0.53515625,0.0546875,0.58984375,0.14453125,2,1
238,5,0.53515625,0.0546875,0.58984375,0.14453125,5,1
238,5,0.60546875,0.08984375,0.69921875,0.234375,2,1
238,5,0.60546875,0.08984375,0.69921875,0.234375,5,1
238,5,0.80078125,0.046875,0.8515625,0.15234375,1,1
238,6,0.25,0.10546875,0.3359375,0.171875,2,1
238,6,0.25,0.10546875,0.3359375,0.171875,5,1
238,6,0.53125,0.05859375,0.5859375,0.14453125,2,1
238,6,0.53125,0.05859375,0.5859375,0.14453125,5,1
238,6,0.61328125,0.08203125,0.69140625,0.23046875,2,1
238,6,0.61328125,0.08203125,0.69140625,0.23046875,5,1
238,6,0.8046875,0.0546875,0.84765625,0.171875,1,1
238,6,0.4921875,0.09765625,0.54296875,0.22265625,2,1
238,6,0.4921875,0.09765625,0.54296875,0.22265625,5,1
238,7,0.26171875,0.10546875,0.3359375,0.17578125,2,1
238,7,0.26171875,0.10546875,0.3359375,0.17578125,5,1
238,7,0.53125,0.05078125,0.58984375,0.1484375,2,1
238,7,0.53125,0.05078125,0.58984375,0.1484375,5,1
238,7,0.61328125,0.078125,0.69140625,0.234375,2,1
238,7,0.61328125,0.078125,0.69140625,0.234375,5,1
238,7,0.8046875,0.0546875,0.84765625,0.1796875,1,1
239,2,0.265625,0.0859375,0.33203125,0.16796875,2,1
239,2,0.265625,0.0859375,0.33203125,0.16796875,5,1
239,2,0.33984375,0.08984375,0.4296875,0.23046875,2,1
239,2,0.33984375,0.08984375,0.4296875,0.23046875,5,1
239,2,0.51953125,0.046875,0.58203125,0.140625,2,1
239,2,0.51953125,0.046875,0.58203125,0.140625,5,1
239,2,0.609375,0.08203125,0.6953125,0.23828125,2,1
239,2,0.609375,0.08203125,0.6953125,0.23828125,5,1
239,2,0.7890625,0.09765625,0.859375,0.1796875,2,1
239,2,0.7890625,0.09765625,0.859375,0.1796875,5,1
239,3,0.265625,0.08203125,0.3359375,0.1640625,2,1
239,3,0.265625,0.08203125,0.3359375,0.1640625,5,1
239,3,0.33984375,0.09375,0.42578125,0.25,2,1
239,3,0.33984375,0.09375,0.42578125,0.25,5,1
239,3,0.53125,0.05859375,0.5859375,0.140625,2,1
239,3,0.53125,0.05859375,0.5859375,0.140625,5,1
239,3,0.6015625,0.08203125,0.6875,0.23046875,2,1
239,3,0.6015625,0.08203125,0.6875,0.23046875,5,1
239,3,0.78515625,0.09765625,0.86328125,0.18359375,2,1
239,3,0.78515625,0.09765625,0.86328125,0.18359375,5,1
239,4,0.25390625,0.10546875,0.33984375,0.1875,2,1
239,4,0.25390625,0.10546875,0.33984375,0.1875,5,1
239,4,0.33984375,0.1015625,0.42578125,0.24609375,2,1
239,4,0.33984375,0.1015625,0.42578125,0.24609375,5,1
239,4,0.51953125,0.0625,0.5859375,0.14453125,2,1
239,4,0.51953125,0.0625,0.5859375,0.14453125,5,1
239,4,0.609375,0.08203125,0.6875,0.2265625,2,1
239,4,0.609375,0.08203125,0.6875,0.2265625,5,1
239,4,0.78515625,0.09765625,0.87109375,0.1875,2,1
239,4,0.78515625,0.09765625,0.87109375,0.1875,5,1
239,5,0.26953125,0.1015625,0.33203125,0.17578125,2,1
239,5,0.26953125,0.1015625,0.33203125,0.17578125,5,1
239,5,0.33984375,0.0859375,0.421875,0.24609375,2,1
239,5,0.33984375,0.0859375,0.421875,0.24609375,5,1
239,5,0.51171875,0.06640625,0.58984375,0.1484375,2,1
239,5,0.51171875,0.06640625,0.58984375,0.1484375,5,1
239,5,0.6015625,0.078125,0.6875,0.23046875,2,1
239,5,0.6015625,0.078125,0.6875,0.23046875,5,1
239,5,0.7890625,0.0859375,0.86328125,0.1875,2,1
239,5,0.7890625,0.0859375,0.86328125,0.1875,5,1
239,6,0.2734375,0.09765625,0.3359375,0.17578125,2,1
239,6,0.2734375,0.09765625,0.3359375,0.17578125,5,1
239,6,0.34375,0.08984375,0.4296875,0.23828125,2,1
239,6,0.34375,0.08984375,0.4296875,0.23828125,5,1
239,6,0.515625,0.0546875,0.5859375,0.15234375,2,1
239,6,0.515625,0.0546875,0.5859375,0.15234375,5,1
239,6,0.6015625,0.08203125,0.68359375,0.2265625,2,1
239,6,0.6015625,0.08203125,0.68359375,0.2265625,5,1
239,6,0.796875,0.08984375,0.8671875,0.1875,2,1
239,6,0.796875,0.08984375,0.8671875,0.1875,5,1
239,7,0.2734375,0.09765625,0.33203125,0.171875,2,1
239,7,0.2734375,0.09765625,0.33203125,0.171875,5,1
239,7,0.34375,0.1015625,0.421875,0.23828125,2,1
239,7,0.34375,0.1015625,0.421875,0.23828125,5,1
239,7,0.5234375,0.0703125,0.5859375,0.14453125,2,1
239,7,0.5234375,0.0703125,0.5859375,0.14453125,5,1
239,7,0.609375,0.09765625,0.68359375,0.23046875,2,1
239,7,0.609375,0.09765625,0.68359375,0.23046875,5,1
239,7,0.78515625,0.109375,0.8671875,0.2109375,2,1
239,7,0.78515625,0.109375,0.8671875,0.2109375,5,1
240,2,0.53515625,0.05859375,0.58984375,0.13671875,2,1
240,2,0.53515625,0.05859375,0.58984375,0.13671875,5,1
240,2,0.3515625,0.11328125,0.453125,0.234375,2,1
240,2,0.3515625,0.11328125,0.453125,0.234375,5,1
240,2,0.2578125,0.08984375,0.3359375,0.1796875,2,1
240,2,0.2578125,0.08984375,0.3359375,0.1796875,5,1
240,3,0.25390625,0.09765625,0.33203125,0.17578125,2,1
240,3,0.25390625,0.09765625,0.33203125,0.17578125,5,1
240,3,0.34765625,0.1171875,0.44140625,0.2421875,2,1
240,3,0.34765625,0.1171875,0.44140625,0.2421875,5,1
240,3,0.52734375,0.06640625,0.5859375,0.140625,2,1
240,3,0.52734375,0.06640625,0.5859375,0.140625,5,1
240,4,0.53515625,0.05859375,0.58984375,0.140625,2,1
240,4,0.53515625,0.05859375,0.58984375,0.140625,5,1
240,4,0.3515625,0.1171875,0.453125,0.23828125,2,1
240,4,0.3515625,0.1171875,0.453125,0.23828125,5,1
240,4,0.25390625,0.09765625,0.33203125,0.1796875,2,1
240,4,0.25390625,0.09765625,0.33203125,0.1796875,5,1
240,5,0.26171875,0.1015625,0.3359375,0.18359375,2,1
240,5,0.26171875,0.1015625,0.3359375,0.18359375,5,1
240,5,0.33984375,0.12109375,0.4609375,0.234375,2,1
240,5,0.33984375,0.12109375,0.4609375,0.234375,5,1
240,5,0.53125,0.0546875,0.59375,0.15234375,2,1
240,5,0.53125,0.0546875,0.59375,0.15234375,5,1
240,6,0.25390625,0.1015625,0.3359375,0.1796875,2,1
240,6,0.25390625,0.1015625,0.3359375,0.1796875,5,1
240,6,0.34375,0.109375,0.45703125,0.234375,2,1
240,6,0.34375,0.109375,0.45703125,0.234375,5,1
240,6,0.5390625,0.0625,0.58984375,0.14453125,2,1
240,6,0.5390625,0.0625,0.58984375,0.14453125,5,1
240,7,0.25,0.09765625,0.33203125,0.171875,2,1
240,7,0.25,0.09765625,0.33203125,0.171875,5,1
240,7,0.34375,0.12890625,0.45703125,0.23828125,2,1
240,7,0.34375,0.12890625,0.45703125,0.23828125,5,1
240,7,0.52734375,0.05078125,0.5859375,0.14453125,2,1
240,7,0.52734375,0.05078125,0.5859375,0.14453125,5,1
241,2,0.9140625,0.1875,0.9921875,0.35546875,1,1
241,2,0.84765625,0.05859375,0.890625,0.14453125,1,1
241,2,0.90625,0.140625,0.98046875,0.23828125,1,1
241,3,0.8984375,0.140625,0.96484375,0.23046875,1,1
241,3,0.91015625,0.21875,0.9921875,0.33984375,1,1
241,3,0.8515625,0.0390625,0.88671875,0.13671875,1,1
241,4,0.84765625,0.046875,0.89453125,0.1484375,1,1
241,4,0.90234375,0.12890625,0.98828125,0.2265625,1,1
241,4,0.8984375,0.20703125,0.9921875,0.3359375,1,1
241,5,0.84765625,0.04296875,0.88671875,0.1328125,1,1
241,5,0.8984375,0.1328125,0.98828125,0.234375,1,1
241,5,0.890625,0.203125,0.99609375,0.33984375,1,1
241,6,0.84765625,0.0390625,0.890625,0.140625,1,1
241,6,0.90625,0.125,0.984375,0.2265625,1,1
241,6,0.90234375,0.203125,0.98828125,0.32421875,1,1
241,7,0.84765625,0.05078125,0.890625,0.1484375,1,1
241,7,0.90625,0.140625,0.98828125,0.234375,1,1
241,7,0.89453125,0.19921875,0.98828125,0.32421875,1,1
242,2,0.8359375,0.15625,0.89453125,0.29296875,1,1
242,2,0.734375,0.0234375,0.8046875,0.1015625,1,1
242,2,0.703125,0.08203125,0.7890625,0.171875,1,1
242,2,0.92578125,0.28125,0.9921875,0.40625,1,1
242,2,0.71484375,0.1796875,0.796875,0.3828125,1,1
242,2,0.50390625,0.1328125,0.671875,0.421875,1,1
242,2,0.4453125,0.16015625,0.51171875,0.54296875,1,1
242,2,0.4453125,0.16015625,0.51171875,0.54296875,3,1
242,2,0.375,0.16796875,0.4453125,0.515625,1,1
242,2,0.375,0.16796875,0.4453125,0.515625,3,1
242,2,0.24609375,0.1875,0.359375,0.51953125,1,1
242,2,0.24609375,0.1875,0.359375,0.51953125,3,1
242,2,0.19921875,0.1953125,0.25,0.57421875,1,1
242,2,0.19921875,0.1953125,0.25,0.57421875,3,1
242,2,0.14453125,0.203125,0.20703125,0.5625,1,1
242,2,0.14453125,0.203125,0.20703125,0.5625,3,1
242,2,0.08984375,0.24609375,0.14453125,0.56640625,1,1
242,2,0.08984375,0.24609375,0.14453125,0.56640625,3,1
242,2,0.04296875,0.27734375,0.09375,0.5546875,1,1
242,2,0.04296875,0.27734375,0.09375,0.5546875,3,1
242,2,0.0,0.28515625,0.0625,0.53125,1,1
242,2,0.0,0.28515625,0.0625,0.53125,3,1
242,3,0.00390625,0.2734375,0.0546875,0.54296875,1,1
242,3,0.00390625,0.2734375,0.0546875,0.54296875,3,1
242,3,0.83203125,0.1640625,0.890625,0.3046875,1,1
242,3,0.9140625,0.265625,0.9921875,0.38671875,1,1
242,3,0.6796875,0.1796875,0.80078125,0.39453125,1,1
242,3,0.49609375,0.1328125,0.64453125,0.42578125,1,1
242,3,0.703125,0.08203125,0.79296875,0.1796875,1,1
242,3,0.73046875,0.01953125,0.80859375,0.09765625,1,1
242,3,0.4453125,0.1484375,0.50390625,0.52734375,1,1
242,3,0.4453125,0.1484375,0.50390625,0.52734375,3,1
242,3,0.37109375,0.16796875,0.4375,0.5078125,1,1
242,3,0.37109375,0.16796875,0.4375,0.5078125,3,1
242,3,0.23828125,0.1796875,0.359375,0.51171875,1,1
242,3,0.23828125,0.1796875,0.359375,0.51171875,3,1
242,3,0.20703125,0.23046875,0.23828125,0.58984375,1,1
242,3,0.20703125,0.23046875,0.23828125,0.58984375,3,1
242,3,0.14453125,0.21484375,0.2109375,0.55859375,1,1
242,3,0.14453125,0.21484375,0.2109375,0.55859375,3,1
242,3,0.08984375,0.23828125,0.14453125,0.55859375,1,1
242,3,0.08984375,0.23828125,0.14453125,0.55859375,3,1
242,3,0.05078125,0.28125,0.0859375,0.57421875,1,1
242,3,0.05078125,0.28125,0.0859375,0.57421875,3,1
242,4,0.0078125,0.265625,0.05859375,0.53515625,1,1
242,4,0.0078125,0.265625,0.05859375,0.53515625,3,1
242,4,0.05078125,0.30859375,0.08984375,0.5703125,1,1
242,4,0.05078125,0.30859375,0.08984375,0.5703125,3,1
242,4,0.08984375,0.2421875,0.15234375,0.578125,1,1
242,4,0.08984375,0.2421875,0.15234375,0.578125,3,1
242,4,0.16015625,0.19921875,0.203125,0.57421875,1,1
242,4,0.16015625,0.19921875,0.203125,0.57421875,3,1
242,4,0.2109375,0.19921875,0.2421875,0.578125,1,1
242,4,0.2109375,0.19921875,0.2421875,0.578125,3,1
242,4,0.234375,0.19140625,0.35546875,0.50390625,1,1
242,4,0.234375,0.19140625,0.35546875,0.50390625,3,1
242,4,0.37109375,0.1640625,0.43359375,0.51171875,1,1
242,4,0.37109375,0.1640625,0.43359375,0.51171875,3,1
242,4,0.44921875,0.1640625,0.5078125,0.54296875,1,1
242,4,0.44921875,0.1640625,0.5078125,0.54296875,3,1
242,4,0.51171875,0.1484375,0.625,0.44140625,1,1
242,4,0.6875,0.1796875,0.80078125,0.41015625,1,1
242,4,0.69921875,0.078125,0.7890625,0.1796875,1,1
242,4,0.8359375,0.140625,0.88671875,0.30078125,1,1
242,4,0.90234375,0.26171875,0.9921875,0.41796875,1,1
242,4,0.73046875,0.01171875,0.81640625,0.0859375,1,1
242,5,0.4453125,0.16796875,0.51953125,0.5390625,1,1
242,5,0.4453125,0.16796875,0.51953125,0.5390625,3,1
242,5,0.5078125,0.1328125,0.6484375,0.421875,1,1
242,5,0.671875,0.15625,0.8046875,0.359375,1,1
242,5,0.375,0.1640625,0.44140625,0.5078125,1,1
242,5,0.375,0.1640625,0.44140625,0.5078125,3,1
242,5,0.234375,0.1796875,0.35546875,0.4921875,1,1
242,5,0.234375,0.1796875,0.35546875,0.4921875,3,1
242,5,0.01171875,0.25,0.05859375,0.5390625,1,1
242,5,0.01171875,0.25,0.05859375,0.5390625,3,1
242,5,0.05078125,0.2734375,0.0859375,0.5625,1,1
242,5,0.05078125,0.2734375,0.0859375,0.5625,3,1
242,5,0.08984375,0.22265625,0.1484375,0.56640625,1,1
242,5,0.08984375,0.22265625,0.1484375,0.56640625,3,1
242,5,0.15234375,0.23046875,0.1953125,0.58203125,1,1
242,5,0.15234375,0.23046875,0.1953125,0.58203125,3,1
242,5,0.20703125,0.20703125,0.24609375,0.5703125,1,1
242,5,0.20703125,0.20703125,0.24609375,0.5703125,3,1
242,5,0.69921875,0.0625,0.78515625,0.171875,1,1
242,5,0.7265625,0.01171875,0.81640625,0.08984375,1,1
242,5,0.8203125,0.140625,0.8828125,0.296875,1,1
242,5,0.8984375,0.26171875,0.9921875,0.39453125,1,1
242,6,0.4375,0.15625,0.51171875,0.546875,1,1
242,6,0.4375,0.15625,0.51171875,0.546875,3,1
242,6,0.3671875,0.1875,0.4453125,0.53515625,1,1
242,6,0.3671875,0.1875,0.4453125,0.53515625,3,1
242,6,0.234375,0.1796875,0.34765625,0.49609375,1,1
242,6,0.234375,0.1796875,0.34765625,0.49609375,3,1
242,6,0.01171875,0.2734375,0.0546875,0.5390625,1,1
242,6,0.01171875,0.2734375,0.0546875,0.5390625,3,1
242,6,0.5,0.125,0.671875,0.40234375,1,1
242,6,0.69921875,0.08203125,0.78515625,0.17578125,1,1
242,6,0.81640625,0.1484375,0.8984375,0.28515625,1,1
242,6,0.67578125,0.19140625,0.796875,0.3828125,1,1
242,6,0.90625,0.265625,0.99609375,0.40234375,1,1
242,6,0.73046875,0.0234375,0.8203125,0.09765625,1,1
242,6,0.125,0.18359375,0.203125,0.55859375,1,1
242,6,0.125,0.18359375,0.203125,0.55859375,3,1
242,6,0.08203125,0.26171875,0.125,0.5703125,1,1
242,6,0.08203125,0.26171875,0.125,0.5703125,3,1
242,6,0.05078125,0.265625,0.08203125,0.56640625,1,1
242,6,0.05078125,0.265625,0.08203125,0.56640625,3,1
242,6,0.2109375,0.2265625,0.23828125,0.57421875,1,1
242,6,0.2109375,0.2265625,0.23828125,0.57421875,3,1
242,7,0.0234375,0.27734375,0.0625,0.52734375,1,1
242,7,0.0234375,0.27734375,0.0625,0.52734375,3,1
242,7,0.05859375,0.29296875,0.0859375,0.5703125,1,1
242,7,0.05859375,0.29296875,0.0859375,0.5703125,3,1
242,7,0.08203125,0.26171875,0.12109375,0.57421875,1,1
242,7,0.08203125,0.26171875,0.12109375,0.57421875,3,1
242,7,0.125,0.1796875,0.21484375,0.546875,1,1
242,7,0.125,0.1796875,0.21484375,0.546875,3,1
242,7,0.20703125,0.19921875,0.23828125,0.578125,1,1
242,7,0.20703125,0.19921875,0.23828125,0.578125,3,1
242,7,0.23046875,0.18359375,0.359375,0.5,1,1
242,7,0.23046875,0.18359375,0.359375,0.5,3,1
242,7,0.3671875,0.16796875,0.42578125,0.51953125,1,1
242,7,0.3671875,0.16796875,0.42578125,0.51953125,3,1
242,7,0.44140625,0.1640625,0.515625,0.5390625,1,1
242,7,0.44140625,0.1640625,0.515625,0.5390625,3,1
242,7,0.51171875,0.13671875,0.67578125,0.3828125,1,1
242,7,0.67578125,0.17578125,0.80078125,0.40625,1,1
242,7,0.828125,0.140625,0.8828125,0.2890625,1,1
242,7,0.91015625,0.25,0.9921875,0.39453125,1,1
242,7,0.69921875,0.078125,0.796875,0.171875,1,1
242,7,0.72265625,0.01171875,0.8125,0.09375,1,1
243,2,0.39453125,0.1640625,0.51953125,0.57421875,1,1
243,2,0.39453125,0.1640625,0.51953125,0.57421875,3,1
243,2,0.27734375,0.19921875,0.375,0.5625,1,1
243,2,0.27734375,0.19921875,0.375,0.5625,3,1
243,2,0.18359375,0.20703125,0.265625,0.578125,1,1
243,2,0.18359375,0.20703125,0.265625,0.578125,3,1
243,2,0.1484375,0.125,0.26953125,0.26953125,1,1
243,2,0.3359375,0.01953125,0.390625,0.16015625,1,1
243,2,0.49609375,0.0859375,0.546875,0.21875,2,1
243,2,0.49609375,0.0859375,0.546875,0.21875,5,1
243,2,0.609375,0.05859375,0.69140625,0.23828125,2,1
243,2,0.609375,0.05859375,0.69140625,0.23828125,5,1
243,2,0.71484375,0.0859375,0.78125,0.15625,2,1
243,2,0.71484375,0.0859375,0.78125,0.15625,5,1
243,2,0.796875,0.125,0.8671875,0.2578125,2,1
243,2,0.796875,0.125,0.8671875,0.2578125,5,1
243,2,0.828125,0.13671875,0.88671875,0.19140625,2,1
243,2,0.828125,0.13671875,0.88671875,0.19140625,5,1
243,2,0.875,0.19921875,0.9453125,0.3515625,1,1
243,2,0.9375,0.23828125,0.98828125,0.3828125,1,1
243,3,0.140625,0.1328125,0.26953125,0.265625,1,1
243,3,0.19921875,0.2109375,0.25390625,0.56640625,1,1
243,3,0.19921875,0.2109375,0.25390625,0.56640625,3,1
243,3,0.28515625,0.19921875,0.35546875,0.5546875,1,1
243,3,0.28515625,0.19921875,0.35546875,0.5546875,3,1
243,3,0.3828125,0.14453125,0.5078125,0.5625,1,1
243,3,0.3828125,0.14453125,0.5078125,0.5625,3,1
243,3,0.328125,0.01953125,0.390625,0.16015625,1,1
243,3,0.4921875,0.08203125,0.5390625,0.234375,2,1
243,3,0.4921875,0.08203125,0.5390625,0.234375,5,1
243,3,0.59765625,0.06640625,0.68359375,0.22265625,2,1
243,3,0.59765625,0.06640625,0.68359375,0.22265625,5,1
243,3,0.72265625,0.05859375,0.78125,0.16015625,2,1
243,3,0.72265625,0.05859375,0.78125,0.16015625,5,1
243,3,0.78515625,0.12890625,0.8671875,0.25390625,2,1
243,3,0.78515625,0.12890625,0.8671875,0.25390625,5,1
243,3,0.87109375,0.19921875,0.953125,0.34375,1,1
243,3,0.83203125,0.109375,0.87890625,0.19140625,2,1
243,3,0.83203125,0.109375,0.87890625,0.19140625,5,1
243,4,0.13671875,0.1484375,0.27734375,0.24609375,1,1
243,4,0.1953125,0.21484375,0.2578125,0.55859375,1,1
243,4,0.1953125,0.21484375,0.2578125,0.55859375,3,1
243,4,0.2890625,0.1953125,0.3671875,0.56640625,1,1
243,4,0.2890625,0.1953125,0.3671875,0.56640625,3,1
243,4,0.39453125,0.15625,0.5078125,0.56640625,1,1
243,4,0.39453125,0.15625,0.5078125,0.56640625,3,1
243,4,0.49609375,0.08984375,0.546875,0.23046875,2,1
243,4,0.49609375,0.08984375,0.546875,0.23046875,5,1
243,4,0.6015625,0.0703125,0.6796875,0.23828125,2,1
243,4,0.6015625,0.0703125,0.6796875,0.23828125,5,1
243,4,0.71875,0.07421875,0.7890625,0.1640625,2,1
243,4,0.71875,0.07421875,0.7890625,0.1640625,5,1
243,4,0.79296875,0.12890625,0.86328125,0.2421875,2,1
243,4,0.79296875,0.12890625,0.86328125,0.2421875,5,1
243,4,0.8828125,0.19140625,0.9375,0.33984375,1,1
243,4,0.3359375,0.015625,0.390625,0.12890625,1,1
243,4,0.828125,0.109375,0.875,0.19140625,2,1
243,4,0.828125,0.109375,0.875,0.19140625,5,1
243,5,0.33203125,0.02734375,0.390625,0.1171875,1,1
243,5,0.13671875,0.14453125,0.26953125,0.25,1,1
243,5,0.19140625,0.2109375,0.26171875,0.57421875,1,1
243,5,0.19140625,0.2109375,0.26171875,0.57421875,3,1
243,5,0.28125,0.1953125,0.36328125,0.5546875,1,1
243,5,0.28125,0.1953125,0.36328125,0.5546875,3,1
243,5,0.390625,0.17578125,0.5,0.56640625,1,1
243,5,0.390625,0.17578125,0.5,0.56640625,3,1
243,5,0.49609375,0.08984375,0.55859375,0.234375,2,1
243,5,0.49609375,0.08984375,0.55859375,0.234375,5,1
243,5,0.60546875,0.0703125,0.6875,0.21875,2,1
243,5,0.60546875,0.0703125,0.6875,0.21875,5,1
243,5,0.71875,0.078125,0.78125,0.171875,2,1
243,5,0.71875,0.078125,0.78125,0.171875,5,1
243,5,0.78515625,0.1171875,0.86328125,0.26171875,2,1
243,5,0.78515625,0.1171875,0.86328125,0.26171875,5,1
243,5,0.82421875,0.1015625,0.875,0.1953125,2,1
243,5,0.82421875,0.1015625,0.875,0.1953125,5,1
243,5,0.87890625,0.19140625,0.95703125,0.3515625,1,1
243,6,0.1328125,0.13671875,0.26953125,0.24609375,1,1
243,6,0.19921875,0.21484375,0.26171875,0.5625,1,1
243,6,0.19921875,0.21484375,0.26171875,0.5625,3,1
243,6,0.28125,0.1796875,0.36328125,0.5546875,1,1
243,6,0.28125,0.1796875,0.36328125,0.5546875,3,1
243,6,0.38671875,0.1640625,0.5,0.546875,1,1
243,6,0.38671875,0.1640625,0.5,0.546875,3,1
243,6,0.33203125,0.03515625,0.3828125,0.12109375,1,1
243,6,0.49609375,0.08984375,0.54296875,0.23046875,2,1
243,6,0.49609375,0.08984375,0.54296875,0.23046875,5,1
243,6,0.6015625,0.0703125,0.68359375,0.22265625,2,1
243,6,0.6015625,0.0703125,0.68359375,0.22265625,5,1
243,6,0.7109375,0.078125,0.7890625,0.1640625,2,1
243,6,0.7109375,0.078125,0.7890625,0.1640625,5,1
243,6,0.79296875,0.12109375,0.87109375,0.26171875,2,1
243,6,0.79296875,0.12109375,0.87109375,0.26171875,5,1
243,6,0.83203125,0.1015625,0.87890625,0.19921875,2,1
243,6,0.83203125,0.1015625,0.87890625,0.19921875,5,1
243,6,0.87109375,0.203125,0.95703125,0.33984375,1,1
243,7,0.328125,0.015625,0.38671875,0.1171875,1,1
243,7,0.1328125,0.1484375,0.27734375,0.265625,1,1
243,7,0.1875,0.20703125,0.2578125,0.57421875,1,1
243,7,0.1875,0.20703125,0.2578125,0.57421875,3,1
243,7,0.28515625,0.1875,0.35546875,0.5703125,1,1
243,7,0.28515625,0.1875,0.35546875,0.5703125,3,1
243,7,0.3984375,0.1640625,0.5,0.57421875,1,1
243,7,0.3984375,0.1640625,0.5,0.57421875,3,1
243,7,0.4921875,0.08984375,0.5546875,0.2265625,2,1
243,7,0.4921875,0.08984375,0.5546875,0.2265625,5,1
243,7,0.6015625,0.06640625,0.69140625,0.2265625,2,1
243,7,0.6015625,0.06640625,0.69140625,0.2265625,5,1
243,7,0.72265625,0.0859375,0.78515625,0.16796875,2,1
243,7,0.72265625,0.0859375,0.78515625,0.16796875,5,1
243,7,0.796875,0.12109375,0.87109375,0.265625,2,1
243,7,0.796875,0.12109375,0.87109375,0.265625,5,1
243,7,0.828125,0.10546875,0.87890625,0.19140625,2,1
243,7,0.828125,0.10546875,0.87890625,0.19140625,5,1
243,7,0.875,0.1953125,0.953125,0.328125,1,1
244,2,0.12109375,0.2265625,0.20703125,0.59375,1,1
244,2,0.12109375,0.2265625,0.20703125,0.59375,3,1
244,2,0.296875,0.125,0.4453125,0.30078125,1,1
244,2,0.47265625,0.14453125,0.6640625,0.55859375,1,1
244,2,0.47265625,0.14453125,0.6640625,0.55859375,3,1
244,2,0.609375,0.05078125,0.69140625,0.2265625,2,1
244,2,0.609375,0.05078125,0.69140625,0.2265625,5,1
244,2,0.80078125,0.09765625,0.87109375,0.2578125,1,1
244,2,0.7265625,0.08984375,0.77734375,0.17578125,2,1
244,2,0.7265625,0.08984375,0.77734375,0.17578125,5,1
244,2,0.12890625,0.09765625,0.2109375,0.1796875,1,1
244,2,0.12890625,0.09765625,0.2109375,0.1796875,4,1
244,3,0.12890625,0.09765625,0.203125,0.19140625,1,1
244,3,0.12890625,0.09765625,0.203125,0.19140625,4,1
244,3,0.27734375,0.109375,0.42578125,0.3046875,1,1
244,3,0.11328125,0.234375,0.20703125,0.59375,1,1
244,3,0.11328125,0.234375,0.20703125,0.59375,3,1
244,3,0.453125,0.171875,0.65625,0.54296875,1,1
244,3,0.453125,0.171875,0.65625,0.54296875,3,1
244,3,0.59765625,0.0546875,0.703125,0.22265625,2,1
244,3,0.59765625,0.0546875,0.703125,0.22265625,5,1
244,3,0.7890625,0.08203125,0.875,0.25390625,1,1
244,3,0.71484375,0.078125,0.77734375,0.1796875,2,1
244,3,0.71484375,0.078125,0.77734375,0.1796875,5,1
244,4,0.125,0.09765625,0.19921875,0.18359375,1,1
244,4,0.125,0.09765625,0.19921875,0.18359375,4,1
244,4,0.11328125,0.22265625,0.1953125,0.5859375,1,1
244,4,0.11328125,0.22265625,0.1953125,0.5859375,3,1
244,4,0.26171875,0.12109375,0.421875,0.3046875,1,1
244,4,0.45703125,0.16015625,0.6484375,0.5390625,1,1
244,4,0.45703125,0.16015625,0.6484375,0.5390625,3,1
244,4,0.60546875,0.05859375,0.68359375,0.23828125,2,1
244,4,0.60546875,0.05859375,0.68359375,0.23828125,5,1
244,4,0.8125,0.08984375,0.87109375,0.2421875,1,1
244,4,0.71484375,0.078125,0.77734375,0.15625,2,1
244,4,0.71484375,0.078125,0.77734375,0.15625,5,1
244,5,0.11328125,0.2265625,0.2109375,0.5859375,1,1
244,5,0.11328125,0.2265625,0.2109375,0.5859375,3,1
244,5,0.26171875,0.1328125,0.390625,0.30078125,1,1
244,5,0.125,0.1015625,0.20703125,0.16796875,1,1
244,5,0.125,0.1015625,0.20703125,0.16796875,4,1
244,5,0.45703125,0.16796875,0.64453125,0.54296875,1,1
244,5,0.45703125,0.16796875,0.64453125,0.54296875,3,1
244,5,0.6015625,0.08203125,0.68359375,0.234375,2,1
244,5,0.6015625,0.08203125,0.68359375,0.234375,5,1
244,5,0.7109375,0.0703125,0.78125,0.16796875,2,1
244,5,0.7109375,0.0703125,0.78125,0.16796875,5,1
244,5,0.80859375,0.09765625,0.88671875,0.24609375,1,1
244,6,0.1171875,0.21875,0.19921875,0.5859375,1,1
244,6,0.1171875,0.21875,0.19921875,0.5859375,3,1
244,6,0.46484375,0.17578125,0.64453125,0.5390625,1,1
244,6,0.46484375,0.17578125,0.64453125,0.5390625,3,1
244,6,0.60546875,0.0546875,0.6875,0.22265625,2,1
244,6,0.60546875,0.0546875,0.6875,0.22265625,5,1
244,6,0.80078125,0.08984375,0.87890625,0.23828125,1,1
244,6,0.24609375,0.12109375,0.36328125,0.28515625,1,1
244,6,0.1328125,0.09375,0.2109375,0.171875,1,1
244,6,0.1328125,0.09375,0.2109375,0.171875,4,1
244,6,0.7109375,0.09375,0.78125,0.171875,2,1
244,6,0.7109375,0.09375,0.78125,0.171875,5,1
244,7,0.12890625,0.09375,0.20703125,0.171875,1,1
244,7,0.12890625,0.09375,0.20703125,0.171875,4,1
244,7,0.23828125,0.12890625,0.3515625,0.2890625,1,1
244,7,0.109375,0.22265625,0.20703125,0.58203125,1,1
244,7,0.109375,0.22265625,0.20703125,0.58203125,3,1
244,7,0.45703125,0.16015625,0.64453125,0.5390625,1,1
244,7,0.45703125,0.16015625,0.64453125,0.5390625,3,1
244,7,0.60546875,0.08203125,0.69140625,0.23046875,2,1
244,7,0.60546875,0.08203125,0.69140625,0.23046875,5,1
244,7,0.71484375,0.078125,0.78125,0.16015625,2,1
244,7,0.71484375,0.078125,0.78125,0.16015625,5,1
244,7,0.81640625,0.09375,0.8828125,0.23828125,1,1
245,2,0.0859375,0.16015625,0.12890625,0.2890625,1,1
245,2,0.0859375,0.16015625,0.12890625,0.2890625,4,1
245,2,0.19140625,0.06640625,0.25390625,0.20703125,1,1
245,2,0.22265625,0.16015625,0.3046875,0.26171875,2,1
245,2,0.22265625,0.16015625,0.3046875,0.26171875,5,1
245,2,0.3203125,0.08203125,0.38671875,0.15234375,2,1
245,2,0.3203125,0.08203125,0.38671875,0.15234375,5,1
245,2,0.3359375,0.11328125,0.41796875,0.23828125,2,1
245,2,0.3359375,0.11328125,0.41796875,0.23828125,5,1
245,2,0.42578125,0.0703125,0.47265625,0.14453125,2,1
245,2,0.42578125,0.0703125,0.47265625,0.14453125,5,1
245,2,0.49609375,0.078125,0.53515625,0.234375,2,1
245,2,0.49609375,0.078125,0.53515625,0.234375,5,1
245,2,0.53125,0.07421875,0.58203125,0.140625,2,1
245,2,0.53125,0.07421875,0.58203125,0.140625,5,1
245,2,0.51953125,0.17578125,0.625,0.51953125,1,1
245,2,0.51953125,0.17578125,0.625,0.51953125,3,1
245,2,0.62890625,0.08203125,0.6875,0.15234375,2,1
245,2,0.62890625,0.08203125,0.6875,0.15234375,5,1
245,2,0.71484375,0.0859375,0.765625,0.15625,2,1
245,2,0.71484375,0.0859375,0.765625,0.15625,5,1
245,2,0.796875,0.10546875,0.8671875,0.25390625,2,1
245,2,0.796875,0.10546875,0.8671875,0.25390625,5,1
245,3,0.0859375,0.15234375,0.1328125,0.2890625,1,1
245,3,0.0859375,0.15234375,0.1328125,0.2890625,4,1
245,3,0.18359375,0.0625,0.25390625,0.20703125,1,1
245,3,0.21875,0.16015625,0.30859375,0.24609375,2,1
245,3,0.21875,0.16015625,0.30859375,0.24609375,5,1
245,3,0.32421875,0.0859375,0.390625,0.1640625,2,1
245,3,0.32421875,0.0859375,0.390625,0.1640625,5,1
245,3,0.34765625,0.11328125,0.421875,0.2421875,2,1
245,3,0.34765625,0.11328125,0.421875,0.2421875,5,1
245,3,0.4296875,0.06640625,0.47265625,0.140625,2,1
245,3,0.4296875,0.06640625,0.47265625,0.140625,5,1
245,3,0.5,0.0859375,0.546875,0.23046875,2,1
245,3,0.5,0.0859375,0.546875,0.23046875,5,1
245,3,0.5390625,0.06640625,0.57421875,0.1328125,2,1
245,3,0.5390625,0.06640625,0.57421875,0.1328125,5,1
245,3,0.51953125,0.1796875,0.62109375,0.52734375,1,1
245,3,0.51953125,0.1796875,0.62109375,0.52734375,3,1
245,3,0.625,0.06640625,0.6875,0.15625,2,1
245,3,0.625,0.06640625,0.6875,0.15625,5,1
245,3,0.71875,0.07421875,0.76953125,0.1484375,2,1
245,3,0.71875,0.07421875,0.76953125,0.1484375,5,1
245,3,0.796875,0.10546875,0.8671875,0.24609375,2,1
245,3,0.796875,0.10546875,0.8671875,0.24609375,5,1
245,4,0.0546875,0.17578125,0.1328125,0.328125,1,1
245,4,0.0546875,0.17578125,0.1328125,0.328125,4,1
245,4,0.18359375,0.0625,0.2421875,0.203125,1,1
245,4,0.23046875,0.15234375,0.30859375,0.26171875,2,1
245,4,0.23046875,0.15234375,0.30859375,0.26171875,5,1
245,4,0.32421875,0.08203125,0.37890625,0.15234375,2,1
245,4,0.32421875,0.08203125,0.37890625,0.15234375,5,1
245,4,0.34765625,0.10546875,0.421875,0.234375,2,1
245,4,0.34765625,0.10546875,0.421875,0.234375,5,1
245,4,0.421875,0.06640625,0.47265625,0.13671875,2,1
245,4,0.421875,0.06640625,0.47265625,0.13671875,5,1
245,4,0.5,0.08203125,0.54296875,0.21875,2,1
245,4,0.5,0.08203125,0.54296875,0.21875,5,1
245,4,0.5390625,0.05859375,0.578125,0.14453125,2,1
245,4,0.5390625,0.05859375,0.578125,0.14453125,5,1
245,4,0.51953125,0.1875,0.62109375,0.53125,1,1
245,4,0.51953125,0.1875,0.62109375,0.53125,3,1
245,4,0.62890625,0.0703125,0.69140625,0.15625,2,1
245,4,0.62890625,0.0703125,0.69140625,0.15625,5,1
245,4,0.71875,0.0859375,0.7734375,0.15234375,2,1
245,4,0.71875,0.0859375,0.7734375,0.15234375,5,1
245,4,0.79296875,0.11328125,0.8671875,0.25,2,1
245,4,0.79296875,0.11328125,0.8671875,0.25,5,1
245,4,0.9140625,0.171875,0.9921875,0.38671875,1,1
245,5,0.046875,0.15625,0.1328125,0.35546875,1,1
245,5,0.046875,0.15625,0.1328125,0.35546875,4,1
245,5,0.17578125,0.0546875,0.25390625,0.203125,1,1
245,5,0.22265625,0.1640625,0.31640625,0.25,2,1
245,5,0.22265625,0.1640625,0.31640625,0.25,5,1
245,5,0.33203125,0.06640625,0.3828125,0.15625,2,1
245,5,0.33203125,0.06640625,0.3828125,0.15625,5,1
245,5,0.34765625,0.11328125,0.42578125,0.23828125,2,1
245,5,0.34765625,0.11328125,0.42578125,0.23828125,5,1
245,5,0.42578125,0.07421875,0.48046875,0.14453125,2,1
245,5,0.42578125,0.07421875,0.48046875,0.14453125,5,1
245,5,0.49609375,0.0859375,0.5390625,0.2265625,2,1
245,5,0.49609375,0.0859375,0.5390625,0.2265625,5,1
245,5,0.54296875,0.0625,0.578125,0.14453125,2,1
245,5,0.54296875,0.0625,0.578125,0.14453125,5,1
245,5,0.625,0.06640625,0.69140625,0.15234375,2,1
245,5,0.625,0.06640625,0.69140625,0.15234375,5,1
245,5,0.71875,0.08203125,0.76953125,0.1484375,2,1
245,5,0.71875,0.08203125,0.76953125,0.1484375,5,1
245,5,0.79296875,0.125,0.87109375,0.25390625,2,1
245,5,0.79296875,0.125,0.87109375,0.25390625,5,1
245,5,0.515625,0.1796875,0.625,0.53515625,1,1
245,5,0.515625,0.1796875,0.625,0.53515625,3,1
245,6,0.05078125,0.15234375,0.13671875,0.35546875,1,1
245,6,0.05078125,0.15234375,0.13671875,0.35546875,4,1
245,6,0.1796875,0.0625,0.24609375,0.2109375,1,1
245,6,0.22265625,0.16015625,0.30078125,0.26171875,2,1
245,6,0.22265625,0.16015625,0.30078125,0.26171875,5,1
245,6,0.3203125,0.06640625,0.37890625,0.15625,2,1
245,6,0.3203125,0.06640625,0.37890625,0.15625,5,1
245,6,0.3515625,0.11328125,0.42578125,0.25,2,1
245,6,0.3515625,0.11328125,0.42578125,0.25,5,1
245,6,0.42578125,0.0625,0.47265625,0.15234375,2,1
245,6,0.42578125,0.0625,0.47265625,0.15234375,5,1
245,6,0.49609375,0.078125,0.5390625,0.2265625,2,1
245,6,0.49609375,0.078125,0.5390625,0.2265625,5,1
245,6,0.5390625,0.06640625,0.58203125,0.15625,2,1
245,6,0.5390625,0.06640625,0.58203125,0.15625,5,1
245,6,0.62109375,0.07421875,0.6875,0.15234375,2,1
245,6,0.62109375,0.07421875,0.6875,0.15234375,5,1
245,6,0.72265625,0.08984375,0.77734375,0.16015625,2,1
245,6,0.72265625,0.08984375,0.77734375,0.16015625,5,1
245,6,0.796875,0.109375,0.8671875,0.25390625,2,1
245,6,0.796875,0.109375,0.8671875,0.25390625,5,1
245,6,0.5234375,0.16796875,0.63671875,0.5234375,1,1
245,6,0.5234375,0.16796875,0.63671875,0.5234375,3,1
245,7,0.0546875,0.15625,0.14453125,0.3671875,1,1
245,7,0.0546875,0.15625,0.14453125,0.3671875,4,1
245,7,0.17578125,0.05859375,0.2578125,0.203125,1,1
245,7,0.2265625,0.16015625,0.30859375,0.26171875,2,1
245,7,0.2265625,0.16015625,0.30859375,0.26171875,5,1
245,7,0.328125,0.078125,0.37890625,0.15234375,2,1
245,7,0.328125,0.078125,0.37890625,0.15234375,5,1
245,7,0.34765625,0.109375,0.421875,0.23828125,2,1
245,7,0.34765625,0.109375,0.421875,0.23828125,5,1
245,7,0.42578125,0.07421875,0.47265625,0.14453125,2,1
245,7,0.42578125,0.07421875,0.47265625,0.14453125,5,1
245,7,0.5,0.08984375,0.54296875,0.22265625,2,1
245,7,0.5,0.08984375,0.54296875,0.22265625,5,1
245,7,0.5390625,0.07421875,0.5859375,0.14453125,2,1
245,7,0.5390625,0.07421875,0.5859375,0.14453125,5,1
245,7,0.625,0.07421875,0.69140625,0.1484375,2,1
245,7,0.625,0.07421875,0.69140625,0.1484375,5,1
245,7,0.71484375,0.09375,0.76953125,0.15625,2,1
245,7,0.71484375,0.09375,0.76953125,0.15625,5,1
245,7,0.79296875,0.1171875,0.8671875,0.25390625,2,1
245,7,0.79296875,0.1171875,0.8671875,0.25390625,5,1
245,7,0.51953125,0.16796875,0.63671875,0.53125,1,1
245,7,0.51953125,0.16796875,0.63671875,0.53125,3,1
246,2,0.19140625,0.05859375,0.24609375,0.20703125,1,1
246,2,0.109375,0.2109375,0.19921875,0.48046875,1,1
246,2,0.6015625,0.0859375,0.6796875,0.22265625,2,1
246,2,0.6015625,0.0859375,0.6796875,0.22265625,5,1
246,2,0.76953125,0.0703125,0.88671875,0.29296875,1,1
246,3,0.1875,0.0546875,0.24609375,0.20703125,1,1
246,3,0.109375,0.21484375,0.1953125,0.49609375,1,1
246,3,0.60546875,0.08203125,0.6796875,0.22265625,2,1
246,3,0.60546875,0.08203125,0.6796875,0.22265625,5,1
246,3,0.76171875,0.05859375,0.8828125,0.30078125,1,1
246,4,0.19140625,0.0703125,0.24609375,0.20703125,1,1
246,4,0.109375,0.2109375,0.19921875,0.484375,1,1
246,4,0.60546875,0.08203125,0.671875,0.21875,2,1
246,4,0.60546875,0.08203125,0.671875,0.21875,5,1
246,4,0.765625,0.0625,0.88671875,0.29296875,1,1
246,5,0.19140625,0.07421875,0.25,0.203125,1,1
246,5,0.11328125,0.21875,0.19921875,0.4765625,1,1
246,5,0.60546875,0.078125,0.6796875,0.21875,2,1
246,5,0.60546875,0.078125,0.6796875,0.21875,5,1
246,5,0.76953125,0.0546875,0.890625,0.2890625,1,1
246,6,0.1875,0.0625,0.25390625,0.203125,1,1
246,6,0.0859375,0.21875,0.1953125,0.48046875,1,1
246,6,0.609375,0.08984375,0.67578125,0.21875,2,1
246,6,0.609375,0.08984375,0.67578125,0.21875,5,1
246,6,0.76953125,0.07421875,0.88671875,0.29296875,1,1
246,7,0.19140625,0.0546875,0.25390625,0.19921875,1,1
246,7,0.08984375,0.20703125,0.19921875,0.48046875,1,1
246,7,0.60546875,0.0859375,0.68359375,0.22265625,2,1
246,7,0.60546875,0.0859375,0.68359375,0.22265625,5,1
246,7,0.765625,0.07421875,0.87890625,0.296875,1,1
247,2,0.81640625,0.16015625,0.94140625,0.3203125,1,1
247,2,0.6796875,0.10546875,0.8046875,0.2578125,1,1
247,2,0.61328125,0.16015625,0.73828125,0.45703125,1,1
247,2,0.61328125,0.16015625,0.73828125,0.45703125,3,1
247,2,0.55859375,0.0,0.63671875,0.08203125,1,1
247,2,0.43359375,0.06640625,0.484375,0.15234375,2,1
247,2,0.43359375,0.06640625,0.484375,0.15234375,5,1
247,2,0.3515625,0.16015625,0.47265625,0.40625,1,1
247,2,0.3515625,0.16015625,0.47265625,0.40625,3,1
247,2,0.29296875,0.18359375,0.3671875,0.55859375,1,1
247,2,0.29296875,0.18359375,0.3671875,0.55859375,3,1
247,2,0.234375,0.11328125,0.296875,0.2578125,2,1
247,2,0.234375,0.11328125,0.296875,0.2578125,5,1
247,2,0.31640625,0.078125,0.37890625,0.15625,2,1
247,2,0.31640625,0.078125,0.37890625,0.15625,5,1
247,2,0.2109375,0.05859375,0.265625,0.17578125,1,1
247,2,0.12890625,0.10546875,0.203125,0.33203125,1,1
247,2,0.0625,0.1484375,0.12109375,0.3125,1,1
247,2,0.0625,0.1484375,0.12109375,0.3125,4,1
247,3,0.1328125,0.11328125,0.203125,0.32421875,1,1
247,3,0.0625,0.1484375,0.12890625,0.30859375,1,1
247,3,0.0625,0.1484375,0.12890625,0.30859375,4,1
247,3,0.19921875,0.0625,0.25390625,0.1796875,1,1
247,3,0.23828125,0.11328125,0.3046875,0.25,2,1
247,3,0.23828125,0.11328125,0.3046875,0.25,5,1
247,3,0.31640625,0.08203125,0.37890625,0.1484375,2,1
247,3,0.31640625,0.08203125,0.37890625,0.1484375,5,1
247,3,0.296875,0.18359375,0.36328125,0.5703125,1,1
247,3,0.296875,0.18359375,0.36328125,0.5703125,3,1
247,3,0.3515625,0.15234375,0.484375,0.4609375,1,1
247,3,0.3515625,0.15234375,0.484375,0.4609375,3,1
247,3,0.59765625,0.1640625,0.7265625,0.43359375,1,1
247,3,0.59765625,0.1640625,0.7265625,0.43359375,3,1
247,3,0.66796875,0.08984375,0.80078125,0.26171875,1,1
247,3,0.80859375,0.13671875,0.9375,0.3203125,1,1
247,3,0.421875,0.06640625,0.4765625,0.140625,2,1
247,3,0.421875,0.06640625,0.4765625,0.140625,5,1
247,4,0.12890625,0.11328125,0.203125,0.32421875,1,1
247,4,0.0625,0.13671875,0.12890625,0.3203125,1,1
247,4,0.0625,0.13671875,0.12890625,0.3203125,4,1
247,4,0.20703125,0.05859375,0.2578125,0.18359375,1,1
247,4,0.234375,0.1171875,0.3125,0.2578125,2,1
247,4,0.234375,0.1171875,0.3125,0.2578125,5,1
247,4,0.29296875,0.1875,0.36328125,0.56640625,1,1
247,4,0.29296875,0.1875,0.36328125,0.56640625,3,1
247,4,0.37890625,0.171875,0.49609375,0.52734375,1,1
247,4,0.37890625,0.171875,0.49609375,0.52734375,3,1
247,4,0.6015625,0.16015625,0.73828125,0.41796875,1,1
247,4,0.6015625,0.16015625,0.73828125,0.41796875,3,1
247,4,0.328125,0.08203125,0.375,0.16796875,2,1
247,4,0.328125,0.08203125,0.375,0.16796875,5,1
247,4,0.43359375,0.05859375,0.47265625,0.1484375,2,1
247,4,0.43359375,0.05859375,0.47265625,0.1484375,5,1
247,4,0.56640625,0.0,0.65625,0.08203125,1,1
247,4,0.66796875,0.09765625,0.8046875,0.2578125,1,1
247,4,0.80859375,0.16015625,0.9375,0.29296875,1,1
247,5,0.125,0.109375,0.203125,0.328125,1,1
247,5,0.0546875,0.1484375,0.12109375,0.30859375,1,1
247,5,0.0546875,0.1484375,0.12109375,0.30859375,4,1
247,5,0.20703125,0.05078125,0.2578125,0.18359375,1,1
247,5,0.234375,0.109375,0.3046875,0.26171875,2,1
247,5,0.234375,0.109375,0.3046875,0.26171875,5,1
247,5,0.29296875,0.18359375,0.359375,0.58203125,1,1
247,5,0.29296875,0.18359375,0.359375,0.58203125,3,1
247,5,0.390625,0.19140625,0.50390625,0.55078125,1,1
247,5,0.390625,0.19140625,0.50390625,0.55078125,3,1
247,5,0.33203125,0.07421875,0.375,0.16015625,2,1
247,5,0.33203125,0.07421875,0.375,0.16015625,5,1
247,5,0.43359375,0.07421875,0.47265625,0.1484375,2,1
247,5,0.43359375,0.07421875,0.47265625,0.1484375,5,1
247,5,0.6015625,0.1640625,0.734375,0.41796875,1,1
247,5,0.6015625,0.1640625,0.734375,0.41796875,3,1
247,5,0.578125,0.0,0.6640625,0.08984375,1,1
247,5,0.66796875,0.09765625,0.796875,0.2578125,1,1
247,5,0.80859375,0.171875,0.9375,0.296875,1,1
247,6,0.0546875,0.13671875,0.125,0.30859375,1,1
247,6,0.0546875,0.13671875,0.125,0.30859375,4,1
247,6,0.12109375,0.109375,0.19921875,0.32421875,1,1
247,6,0.2109375,0.05859375,0.26171875,0.1796875,1,1
247,6,0.23046875,0.1171875,0.3046875,0.26171875,2,1
247,6,0.23046875,0.1171875,0.3046875,0.26171875,5,1
247,6,0.328125,0.07421875,0.3828125,0.15625,2,1
247,6,0.328125,0.07421875,0.3828125,0.15625,5,1
247,6,0.296875,0.1953125,0.36328125,0.58984375,1,1
247,6,0.296875,0.1953125,0.36328125,0.58984375,3,1
247,6,0.375,0.1796875,0.4921875,0.55078125,1,1
247,6,0.375,0.1796875,0.4921875,0.55078125,3,1
247,6,0.60546875,0.1640625,0.73828125,0.4140625,1,1
247,6,0.60546875,0.1640625,0.73828125,0.4140625,3,1
247,6,0.4296875,0.07421875,0.4765625,0.14453125,2,1
247,6,0.4296875,0.07421875,0.4765625,0.14453125,5,1
247,6,0.58984375,0.00390625,0.67578125,0.0859375,1,1
247,6,0.67578125,0.1015625,0.8046875,0.2578125,1,1
247,6,0.8125,0.140625,0.93359375,0.3125,1,1
247,7,0.125,0.125,0.203125,0.32421875,1,1
247,7,0.0625,0.13671875,0.12890625,0.3125,1,1
247,7,0.0625,0.13671875,0.12890625,0.3125,4,1
247,7,0.2109375,0.0546875,0.26171875,0.171875,1,1
247,7,0.23046875,0.1171875,0.3125,0.265625,2,1
247,7,0.23046875,0.1171875,0.3125,0.265625,5,1
247,7,0.296875,0.1953125,0.3671875,0.578125,1,1
247,7,0.296875,0.1953125,0.3671875,0.578125,3,1
247,7,0.375,0.17578125,0.49609375,0.54296875,1,1
247,7,0.375,0.17578125,0.49609375,0.54296875,3,1
247,7,0.33203125,0.078125,0.37109375,0.15625,2,1
247,7,0.33203125,0.078125,0.37109375,0.15625,5,1
247,7,0.4296875,0.078125,0.4765625,0.15625,2,1
247,7,0.4296875,0.078125,0.4765625,0.15625,5,1
247,7,0.60546875,0.16015625,0.73828125,0.421875,1,1
247,7,0.60546875,0.16015625,0.73828125,0.421875,3,1
247,7,0.66796875,0.09765625,0.80078125,0.25,1,1
247,7,0.80859375,0.15234375,0.9375,0.3203125,1,1
248,2,0.8984375,0.203125,0.9921875,0.41796875,1,1
248,3,0.88671875,0.1953125,0.9921875,0.42578125,1,1
248,4,0.88671875,0.203125,0.9921875,0.4296875,1,1
248,5,0.88671875,0.19921875,0.9921875,0.4375,1,1
248,6,0.8828125,0.19921875,0.9921875,0.41796875,1,1
248,7,0.88671875,0.1953125,0.9921875,0.41796875,1,1
249,2,0.8984375,0.17578125,0.97265625,0.4453125,1,1
249,2,0.8984375,0.17578125,0.97265625,0.4453125,3,1
249,2,0.08984375,0.16015625,0.16796875,0.34765625,1,1
249,2,0.08984375,0.16015625,0.16796875,0.34765625,4,1
249,2,0.2109375,0.203125,0.29296875,0.54296875,1,1
249,2,0.2109375,0.203125,0.29296875,0.54296875,3,1
249,2,0.30078125,0.1953125,0.35546875,0.5625,1,1
249,2,0.30078125,0.1953125,0.35546875,0.5625,3,1
249,2,0.37109375,0.16796875,0.4296875,0.57421875,1,1
249,2,0.37109375,0.16796875,0.4296875,0.57421875,3,1
249,2,0.43359375,0.15234375,0.5078125,0.55859375,1,1
249,2,0.43359375,0.15234375,0.5078125,0.55859375,3,1
249,2,0.515625,0.16015625,0.5703125,0.5703125,1,1
249,2,0.515625,0.16015625,0.5703125,0.5703125,3,1
249,2,0.58203125,0.16015625,0.7109375,0.5546875,1,1
249,2,0.58203125,0.16015625,0.7109375,0.5546875,3,1
249,2,0.7109375,0.17578125,0.75390625,0.5390625,1,1
249,2,0.7109375,0.17578125,0.75390625,0.5390625,3,1
249,2,0.75390625,0.1796875,0.82421875,0.53125,1,1
249,2,0.75390625,0.1796875,0.82421875,0.53125,3,1
249,2,0.8046875,0.18359375,0.90234375,0.515625,1,1
249,2,0.8046875,0.18359375,0.90234375,0.515625,3,1
249,2,0.89453125,0.20703125,0.93359375,0.5078125,1,1
249,2,0.89453125,0.20703125,0.93359375,0.5078125,3,1
249,3,0.109375,0.140625,0.19140625,0.33984375,1,1
249,3,0.2109375,0.2109375,0.296875,0.51953125,1,1
249,3,0.2109375,0.2109375,0.296875,0.51953125,3,1
249,3,0.296875,0.1953125,0.35546875,0.5546875,1,1
249,3,0.296875,0.1953125,0.35546875,0.5546875,3,1
249,3,0.36328125,0.17578125,0.44140625,0.5703125,1,1
249,3,0.36328125,0.17578125,0.44140625,0.5703125,3,1
249,3,0.44921875,0.16015625,0.5078125,0.5625,1,1
249,3,0.44921875,0.16015625,0.5078125,0.5625,3,1
249,3,0.51171875,0.1640625,0.57421875,0.5703125,1,1
249,3,0.51171875,0.1640625,0.57421875,0.5703125,3,1
249,3,0.578125,0.16015625,0.7109375,0.55859375,1,1
249,3,0.578125,0.16015625,0.7109375,0.55859375,3,1
249,3,0.70703125,0.16015625,0.7578125,0.53515625,1,1
249,3,0.70703125,0.16015625,0.7578125,0.53515625,3,1
249,3,0.7578125,0.16796875,0.8203125,0.53515625,1,1
249,3,0.7578125,0.16796875,0.8203125,0.53515625,3,1
249,3,0.796875,0.171875,0.90234375,0.50390625,1,1
249,3,0.796875,0.171875,0.90234375,0.50390625,3,1
249,3,0.90625,0.2578125,0.9453125,0.53125,1,1
249,3,0.90625,0.2578125,0.9453125,0.53125,3,1
249,3,0.921875,0.2265625,0.984375,0.44140625,1,1
249,3,0.921875,0.2265625,0.984375,0.44140625,3,1
249,4,0.125,0.13671875,0.19140625,0.30859375,1,1
249,4,0.20703125,0.21484375,0.296875,0.52734375,1,1
249,4,0.20703125,0.21484375,0.296875,0.52734375,3,1
249,4,0.3046875,0.1953125,0.36328125,0.56640625,1,1
249,4,0.3046875,0.1953125,0.36328125,0.56640625,3,1
249,4,0.359375,0.171875,0.4453125,0.5703125,1,1
249,4,0.359375,0.171875,0.4453125,0.5703125,3,1
249,4,0.4296875,0.16015625,0.51171875,0.5625,1,1
249,4,0.4296875,0.16015625,0.51171875,0.5625,3,1
249,4,0.51171875,0.1484375,0.5703125,0.5625,1,1
249,4,0.51171875,0.1484375,0.5703125,0.5625,3,1
249,4,0.58203125,0.171875,0.71484375,0.5546875,1,1
249,4,0.58203125,0.171875,0.71484375,0.5546875,3,1
249,4,0.7109375,0.1640625,0.76171875,0.52734375,1,1
249,4,0.7109375,0.1640625,0.76171875,0.52734375,3,1
249,4,0.75390625,0.171875,0.83203125,0.54296875,1,1
249,4,0.75390625,0.171875,0.83203125,0.54296875,3,1
249,4,0.80078125,0.16015625,0.90234375,0.4921875,1,1
249,4,0.80078125,0.16015625,0.90234375,0.4921875,3,1
249,4,0.921875,0.1875,0.98046875,0.421875,1,1
249,4,0.921875,0.1875,0.98046875,0.421875,3,1
249,5,0.12890625,0.125,0.1953125,0.30078125,1,1
249,5,0.20703125,0.21875,0.30078125,0.51171875,1,1
249,5,0.20703125,0.21875,0.30078125,0.51171875,3,1
249,5,0.29296875,0.21875,0.3671875,0.57421875,1,1
249,5,0.29296875,0.21875,0.3671875,0.57421875,3,1
249,5,0.37109375,0.16015625,0.43359375,0.5703125,1,1
249,5,0.37109375,0.16015625,0.43359375,0.5703125,3,1
249,5,0.43359375,0.15625,0.50390625,0.5625,1,1
249,5,0.43359375,0.15625,0.50390625,0.5625,3,1
249,5,0.51171875,0.16015625,0.57421875,0.5625,1,1
249,5,0.51171875,0.16015625,0.57421875,0.5625,3,1
249,5,0.578125,0.16015625,0.70703125,0.5546875,1,1
249,5,0.578125,0.16015625,0.70703125,0.5546875,3,1
249,5,0.70703125,0.1640625,0.76171875,0.5390625,1,1
249,5,0.70703125,0.1640625,0.76171875,0.5390625,3,1
249,5,0.75390625,0.1484375,0.8125,0.54296875,1,1
249,5,0.75390625,0.1484375,0.8125,0.54296875,3,1
249,5,0.796875,0.16015625,0.91796875,0.45703125,1,1
249,5,0.796875,0.16015625,0.91796875,0.45703125,3,1
249,5,0.9140625,0.19140625,0.984375,0.4375,1,1
249,5,0.9140625,0.19140625,0.984375,0.4375,3,1
249,6,0.1328125,0.12109375,0.1953125,0.3046875,1,1
249,6,0.21484375,0.19921875,0.296875,0.4921875,1,1
249,6,0.21484375,0.19921875,0.296875,0.4921875,3,1
249,6,0.2890625,0.17578125,0.37890625,0.54296875,1,1
249,6,0.2890625,0.17578125,0.37890625,0.54296875,3,1
249,6,0.359375,0.15234375,0.4453125,0.55078125,1,1
249,6,0.359375,0.15234375,0.4453125,0.55078125,3,1
249,6,0.44140625,0.16015625,0.50390625,0.56640625,1,1
249,6,0.44140625,0.16015625,0.50390625,0.56640625,3,1
249,6,0.51171875,0.1484375,0.5703125,0.55859375,1,1
249,6,0.51171875,0.1484375,0.5703125,0.55859375,3,1
249,6,0.578125,0.1640625,0.7109375,0.55859375,1,1
249,6,0.578125,0.1640625,0.7109375,0.55859375,3,1
249,6,0.7109375,0.2109375,0.76953125,0.53515625,1,1
249,6,0.7109375,0.2109375,0.76953125,0.53515625,3,1
249,6,0.765625,0.2265625,0.82421875,0.53515625,1,1
249,6,0.765625,0.2265625,0.82421875,0.53515625,3,1
249,6,0.80078125,0.1796875,0.9140625,0.44921875,1,1
249,6,0.80078125,0.1796875,0.9140625,0.44921875,3,1
249,6,0.91796875,0.203125,0.9765625,0.43359375,1,1
249,6,0.91796875,0.203125,0.9765625,0.43359375,3,1
249,7,0.1328125,0.125,0.18359375,0.3203125,1,1
249,7,0.1328125,0.125,0.18359375,0.3203125,4,1
249,7,0.2109375,0.203125,0.2890625,0.47265625,1,1
249,7,0.2109375,0.203125,0.2890625,0.47265625,3,1
249,7,0.29296875,0.1875,0.38671875,0.5546875,1,1
249,7,0.29296875,0.1875,0.38671875,0.5546875,3,1
249,7,0.38671875,0.16015625,0.44140625,0.5546875,1,1
249,7,0.38671875,0.16015625,0.44140625,0.5546875,3,1
249,7,0.44921875,0.15234375,0.49609375,0.55859375,1,1
249,7,0.44921875,0.15234375,0.49609375,0.55859375,3,1
249,7,0.50390625,0.171875,0.5703125,0.56640625,1,1
249,7,0.50390625,0.171875,0.5703125,0.56640625,3,1
249,7,0.57421875,0.1640625,0.7109375,0.5546875,1,1
249,7,0.57421875,0.1640625,0.7109375,0.5546875,3,1
249,7,0.70703125,0.22265625,0.76171875,0.54296875,1,1
249,7,0.70703125,0.22265625,0.76171875,0.54296875,3,1
249,7,0.765625,0.1875,0.82421875,0.54296875,1,1
249,7,0.765625,0.1875,0.82421875,0.54296875,3,1
249,7,0.796875,0.17578125,0.90625,0.46875,1,1
249,7,0.796875,0.17578125,0.90625,0.46875,3,1
249,7,0.90625,0.1875,0.98046875,0.4453125,1,1
249,7,0.90625,0.1875,0.98046875,0.4453125,3,1
250,2,0.8203125,0.1875,0.92578125,0.5234375,1,1
250,2,0.8203125,0.1875,0.92578125,0.5234375,3,1
250,2,0.75390625,0.20703125,0.8046875,0.53125,1,1
250,2,0.75390625,0.20703125,0.8046875,0.53125,3,1
250,2,0.0859375,0.25390625,0.14453125,0.59765625,1,1
250,2,0.0859375,0.25390625,0.14453125,0.59765625,3,1
250,2,0.05859375,0.14453125,0.1171875,0.2421875,1,1
250,2,0.14453125,0.21484375,0.23046875,0.55078125,1,1
250,2,0.14453125,0.21484375,0.23046875,0.55078125,3,1
250,2,0.23046875,0.203125,0.30859375,0.5703125,1,1
250,2,0.23046875,0.203125,0.30859375,0.5703125,3,1
250,2,0.3203125,0.1953125,0.37109375,0.5625,1,1
250,2,0.3203125,0.1953125,0.37109375,0.5625,3,1
250,2,0.35546875,0.078125,0.4140625,0.22265625,2,1
250,2,0.35546875,0.078125,0.4140625,0.22265625,5,1
250,2,0.42578125,0.0625,0.47265625,0.1484375,2,1
250,2,0.42578125,0.0625,0.47265625,0.1484375,5,1
250,2,0.44921875,0.1640625,0.5859375,0.52734375,1,1
250,2,0.44921875,0.1640625,0.5859375,0.52734375,3,1
250,2,0.58203125,0.203125,0.70703125,0.52734375,1,1
250,2,0.58203125,0.203125,0.70703125,0.52734375,3,1
250,2,0.70703125,0.1953125,0.75390625,0.5625,1,1
250,2,0.70703125,0.1953125,0.75390625,0.5625,3,1
250,3,0.421875,0.07421875,0.4765625,0.140625,2,1
250,3,0.421875,0.07421875,0.4765625,0.140625,5,1
250,3,0.35546875,0.0859375,0.421875,0.2109375,2,1
250,3,0.35546875,0.0859375,0.421875,0.2109375,5,1
250,3,0.0625,0.140625,0.12109375,0.23828125,1,1
250,3,0.07421875,0.23828125,0.140625,0.57421875,1,1
250,3,0.07421875,0.23828125,0.140625,0.57421875,3,1
250,3,0.140625,0.21875,0.2265625,0.54296875,1,1
250,3,0.140625,0.21875,0.2265625,0.54296875,3,1
250,3,0.2265625,0.21875,0.296875,0.57421875,1,1
250,3,0.2265625,0.21875,0.296875,0.57421875,3,1
250,3,0.2890625,0.17578125,0.37109375,0.4921875,1,1
250,3,0.2890625,0.17578125,0.37109375,0.4921875,3,1
250,3,0.453125,0.18359375,0.58203125,0.546875,1,1
250,3,0.453125,0.18359375,0.58203125,0.546875,3,1
250,3,0.578125,0.1640625,0.6953125,0.53125,1,1
250,3,0.578125,0.1640625,0.6953125,0.53125,3,1
250,3,0.81640625,0.171875,0.9296875,0.51953125,1,1
250,3,0.81640625,0.171875,0.9296875,0.51953125,3,1
250,3,0.76171875,0.15625,0.80078125,0.52734375,1,1
250,3,0.76171875,0.15625,0.80078125,0.52734375,3,1
250,3,0.71484375,0.19921875,0.76171875,0.55859375,1,1
250,3,0.71484375,0.19921875,0.76171875,0.55859375,3,1
250,4,0.8125,0.18359375,0.92578125,0.51953125,1,1
250,4,0.8125,0.18359375,0.92578125,0.51953125,3,1
250,4,0.05859375,0.25390625,0.1328125,0.55859375,1,1
250,4,0.05859375,0.25390625,0.1328125,0.55859375,3,1
250,4,0.140625,0.2265625,0.23046875,0.56640625,1,1
250,4,0.140625,0.2265625,0.23046875,0.56640625,3,1
250,4,0.21484375,0.203125,0.296875,0.5625,1,1
250,4,0.21484375,0.203125,0.296875,0.5625,3,1
250,4,0.29296875,0.1796875,0.37890625,0.484375,1,1
250,4,0.29296875,0.1796875,0.37890625,0.484375,3,1
250,4,0.06640625,0.1328125,0.11328125,0.25,1,1
250,4,0.3515625,0.07421875,0.421875,0.22265625,2,1
250,4,0.3515625,0.07421875,0.421875,0.22265625,5,1
250,4,0.42578125,0.0546875,0.4765625,0.140625,2,1
250,4,0.42578125,0.0546875,0.4765625,0.140625,5,1
250,4,0.453125,0.1640625,0.58203125,0.54296875,1,1
250,4,0.453125,0.1640625,0.58203125,0.54296875,3,1
250,4,0.578125,0.140625,0.69921875,0.53125,1,1
250,4,0.578125,0.140625,0.69921875,0.53125,3,1
250,4,0.76171875,0.1796875,0.80859375,0.53515625,1,1
250,4,0.76171875,0.1796875,0.80859375,0.53515625,3,1
250,4,0.70703125,0.203125,0.7578125,0.5390625,1,1
250,4,0.70703125,0.203125,0.7578125,0.5390625,3,1
250,5,0.05078125,0.14453125,0.11328125,0.2578125,1,1
250,5,0.05078125,0.24609375,0.1484375,0.57421875,1,1
250,5,0.05078125,0.24609375,0.1484375,0.57421875,3,1
250,5,0.1484375,0.21484375,0.21875,0.5859375,1,1
250,5,0.1484375,0.21484375,0.21875,0.5859375,3,1
250,5,0.23046875,0.22265625,0.296875,0.57421875,1,1
250,5,0.23046875,0.22265625,0.296875,0.57421875,3,1
250,5,0.28515625,0.18359375,0.37890625,0.4921875,1,1
250,5,0.28515625,0.18359375,0.37890625,0.4921875,3,1
250,5,0.35546875,0.08203125,0.4140625,0.22265625,2,1
250,5,0.35546875,0.08203125,0.4140625,0.22265625,5,1
250,5,0.4296875,0.0625,0.47265625,0.15234375,2,1
250,5,0.4296875,0.0625,0.47265625,0.15234375,5,1
250,5,0.44921875,0.17578125,0.57421875,0.546875,1,1
250,5,0.44921875,0.17578125,0.57421875,0.546875,3,1
250,5,0.578125,0.15234375,0.7109375,0.53125,1,1
250,5,0.578125,0.15234375,0.7109375,0.53125,3,1
250,5,0.765625,0.171875,0.80078125,0.53515625,1,1
250,5,0.765625,0.171875,0.80078125,0.53515625,3,1
250,5,0.71484375,0.203125,0.7578125,0.52734375,1,1
250,5,0.71484375,0.203125,0.7578125,0.52734375,3,1
250,5,0.80859375,0.171875,0.91796875,0.52734375,1,1
250,5,0.80859375,0.171875,0.91796875,0.52734375,3,1
250,6,0.421875,0.06640625,0.48046875,0.16015625,2,1
250,6,0.421875,0.06640625,0.48046875,0.16015625,5,1
250,6,0.34375,0.0859375,0.41796875,0.21484375,2,1
250,6,0.34375,0.0859375,0.41796875,0.21484375,5,1
250,6,0.04296875,0.140625,0.1171875,0.25390625,1,1
250,6,0.0625,0.23828125,0.1484375,0.57421875,1,1
250,6,0.0625,0.23828125,0.1484375,0.57421875,3,1
250,6,0.14453125,0.19921875,0.21875,0.58203125,1,1
250,6,0.14453125,0.19921875,0.21875,0.58203125,3,1
250,6,0.22265625,0.19921875,0.296875,0.578125,1,1
250,6,0.22265625,0.19921875,0.296875,0.578125,3,1
250,6,0.296875,0.19140625,0.375,0.51171875,1,1
250,6,0.296875,0.19140625,0.375,0.51171875,3,1
250,6,0.44921875,0.18359375,0.578125,0.54296875,1,1
250,6,0.44921875,0.18359375,0.578125,0.54296875,3,1
250,6,0.58203125,0.15625,0.703125,0.53125,1,1
250,6,0.58203125,0.15625,0.703125,0.53125,3,1
250,6,0.703125,0.2109375,0.765625,0.53515625,1,1
250,6,0.703125,0.2109375,0.765625,0.53515625,3,1
250,6,0.76953125,0.21875,0.80078125,0.5390625,1,1
250,6,0.76953125,0.21875,0.80078125,0.5390625,3,1
250,6,0.80859375,0.1640625,0.92578125,0.53125,1,1
250,6,0.80859375,0.1640625,0.92578125,0.53125,3,1
250,7,0.42578125,0.07421875,0.47265625,0.16015625,2,1
250,7,0.42578125,0.07421875,0.47265625,0.16015625,5,1
250,7,0.359375,0.078125,0.42578125,0.21484375,2,1
250,7,0.359375,0.078125,0.42578125,0.21484375,5,1
250,7,0.0390625,0.15234375,0.109375,0.26953125,1,1
250,7,0.06640625,0.25390625,0.140625,0.5859375,1,1
250,7,0.06640625,0.25390625,0.140625,0.5859375,3,1
250,7,0.14453125,0.22265625,0.22265625,0.5703125,1,1
250,7,0.14453125,0.22265625,0.22265625,0.5703125,3,1
250,7,0.21875,0.2109375,0.29296875,0.5703125,1,1
250,7,0.21875,0.2109375,0.29296875,0.5703125,3,1
250,7,0.296875,0.1875,0.36328125,0.51171875,1,1
250,7,0.296875,0.1875,0.36328125,0.51171875,3,1
250,7,0.44921875,0.18359375,0.578125,0.55078125,1,1
250,7,0.44921875,0.18359375,0.578125,0.55078125,3,1
250,7,0.57421875,0.15234375,0.69921875,0.53125,1,1
250,7,0.57421875,0.15234375,0.69921875,0.53125,3,1
250,7,0.703125,0.1875,0.7578125,0.53125,1,1
250,7,0.703125,0.1875,0.7578125,0.53125,3,1
250,7,0.76171875,0.17578125,0.79296875,0.53515625,1,1
250,7,0.76171875,0.17578125,0.79296875,0.53515625,3,1
250,7,0.80859375,0.171875,0.921875,0.52734375,1,1
250,7,0.80859375,0.171875,0.921875,0.52734375,3,1
251,2,0.03515625,0.24609375,0.2109375,0.484375,1,1
251,2,0.24609375,0.1171875,0.3125,0.25390625,2,1
251,2,0.24609375,0.1171875,0.3125,0.25390625,5,1
251,2,0.421875,0.0625,0.48046875,0.140625,2,1
251,2,0.421875,0.0625,0.48046875,0.140625,5,1
251,2,0.2578125,0.1796875,0.4296875,0.51171875,1,1
251,2,0.2578125,0.1796875,0.4296875,0.51171875,3,1
251,2,0.44140625,0.1640625,0.53515625,0.5625,1,1
251,2,0.44140625,0.1640625,0.53515625,0.5625,3,1
251,2,0.5546875,0.1640625,0.65625,0.546875,1,1
251,2,0.5546875,0.1640625,0.65625,0.546875,3,1
251,2,0.52734375,0.046875,0.59765625,0.15234375,2,1
251,2,0.52734375,0.046875,0.59765625,0.15234375,5,1
251,2,0.6640625,0.171875,0.7421875,0.546875,1,1
251,2,0.6640625,0.171875,0.7421875,0.546875,3,1
251,2,0.72265625,0.15234375,0.83203125,0.4140625,1,1
251,3,0.0390625,0.234375,0.2109375,0.484375,1,1
251,3,0.234375,0.11328125,0.31640625,0.2578125,2,1
251,3,0.234375,0.11328125,0.31640625,0.2578125,5,1
251,3,0.265625,0.18359375,0.43359375,0.515625,1,1
251,3,0.265625,0.18359375,0.43359375,0.515625,3,1
251,3,0.4453125,0.16015625,0.52734375,0.58984375,1,1
251,3,0.4453125,0.16015625,0.52734375,0.58984375,3,1
251,3,0.55078125,0.171875,0.6484375,0.55078125,1,1
251,3,0.55078125,0.171875,0.6484375,0.55078125,3,1
251,3,0.65234375,0.15234375,0.7421875,0.54296875,1,1
251,3,0.65234375,0.15234375,0.7421875,0.54296875,3,1
251,3,0.72265625,0.14453125,0.8515625,0.3828125,1,1
251,3,0.5234375,0.05078125,0.59765625,0.140625,2,1
251,3,0.5234375,0.05078125,0.59765625,0.140625,5,1
251,3,0.4296875,0.0625,0.484375,0.140625,2,1
251,3,0.4296875,0.0625,0.484375,0.140625,5,1
251,4,0.24609375,0.12109375,0.30078125,0.24609375,2,1
251,4,0.24609375,0.12109375,0.30078125,0.24609375,5,1
251,4,0.046875,0.23828125,0.2109375,0.484375,1,1
251,4,0.2578125,0.17578125,0.42578125,0.4921875,1,1
251,4,0.2578125,0.17578125,0.42578125,0.4921875,3,1
251,4,0.421875,0.0625,0.47265625,0.1484375,2,1
251,4,0.421875,0.0625,0.47265625,0.1484375,5,1
251,4,0.51953125,0.06640625,0.59375,0.14453125,2,1
251,4,0.51953125,0.06640625,0.59375,0.14453125,5,1
251,4,0.44140625,0.171875,0.52734375,0.56640625,1,1
251,4,0.44140625,0.171875,0.52734375,0.56640625,3,1
251,4,0.56640625,0.171875,0.64453125,0.54296875,1,1
251,4,0.56640625,0.171875,0.64453125,0.54296875,3,1
251,4,0.6484375,0.16796875,0.7421875,0.546875,1,1
251,4,0.6484375,0.16796875,0.7421875,0.546875,3,1
251,4,0.73046875,0.12890625,0.81640625,0.44140625,1,1
251,5,0.23046875,0.1171875,0.30078125,0.26171875,2,1
251,5,0.23046875,0.1171875,0.30078125,0.26171875,5,1
251,5,0.0703125,0.234375,0.21484375,0.47265625,1,1
251,5,0.26171875,0.203125,0.43359375,0.47265625,1,1
251,5,0.26171875,0.203125,0.43359375,0.47265625,3,1
251,5,0.41796875,0.0703125,0.4765625,0.14453125,2,1
251,5,0.41796875,0.0703125,0.4765625,0.14453125,5,1
251,5,0.53125,0.0625,0.59375,0.13671875,2,1
251,5,0.53125,0.0625,0.59375,0.13671875,5,1
251,5,0.4375,0.16015625,0.5234375,0.58203125,1,1
251,5,0.4375,0.16015625,0.5234375,0.58203125,3,1
251,5,0.5546875,0.16015625,0.6328125,0.55078125,1,1
251,5,0.5546875,0.16015625,0.6328125,0.55078125,3,1
251,5,0.64453125,0.1640625,0.7421875,0.54296875,1,1
251,5,0.64453125,0.1640625,0.7421875,0.54296875,3,1
251,5,0.7109375,0.1328125,0.796875,0.3828125,1,1
251,5,0.7890625,0.15234375,0.87109375,0.34765625,1,1
251,6,0.05859375,0.25,0.20703125,0.48828125,1,1
251,6,0.2421875,0.1171875,0.3046875,0.25390625,2,1
251,6,0.2421875,0.1171875,0.3046875,0.25390625,5,1
251,6,0.4296875,0.0625,0.4765625,0.1640625,2,1
251,6,0.4296875,0.0625,0.4765625,0.1640625,5,1
251,6,0.53125,0.0625,0.59375,0.140625,2,1
251,6,0.53125,0.0625,0.59375,0.140625,5,1
251,6,0.64453125,0.171875,0.74609375,0.4921875,1,1
251,6,0.64453125,0.171875,0.74609375,0.4921875,3,1
251,6,0.55859375,0.16015625,0.6328125,0.5703125,1,1
251,6,0.55859375,0.16015625,0.6328125,0.5703125,3,1
251,6,0.4453125,0.16796875,0.51953125,0.58984375,1,1
251,6,0.4453125,0.16796875,0.51953125,0.58984375,3,1
251,6,0.26171875,0.16796875,0.4296875,0.4765625,1,1
251,6,0.26171875,0.16796875,0.4296875,0.4765625,3,1
251,6,0.7734375,0.125,0.859375,0.32421875,1,1
251,6,0.75,0.16015625,0.78515625,0.41015625,1,1
251,7,0.04296875,0.25,0.20703125,0.4765625,1,1
251,7,0.26171875,0.17578125,0.42578125,0.484375,1,1
251,7,0.26171875,0.17578125,0.42578125,0.484375,3,1
251,7,0.24609375,0.09375,0.30859375,0.2578125,2,1
251,7,0.24609375,0.09375,0.30859375,0.2578125,5,1
251,7,0.4140625,0.0625,0.48046875,0.16015625,2,1
251,7,0.4140625,0.0625,0.48046875,0.16015625,5,1
251,7,0.4296875,0.16796875,0.52734375,0.59765625,1,1
251,7,0.4296875,0.16796875,0.52734375,0.59765625,3,1
251,7,0.5546875,0.17578125,0.640625,0.5703125,1,1
251,7,0.5546875,0.17578125,0.640625,0.5703125,3,1
251,7,0.6484375,0.1640625,0.75,0.48828125,1,1
251,7,0.6484375,0.1640625,0.75,0.48828125,3,1
251,7,0.5234375,0.05078125,0.58984375,0.15234375,2,1
251,7,0.5234375,0.05078125,0.58984375,0.15234375,5,1
251,7,0.74609375,0.1484375,0.8046875,0.41796875,1,1
251,7,0.78515625,0.1484375,0.90234375,0.359375,1,1
252,2,0.75,0.16015625,0.8671875,0.45703125,1,1
252,2,0.75,0.16015625,0.8671875,0.45703125,3,1
252,2,0.3359375,0.109375,0.4296875,0.23828125,2,1
252,2,0.3359375,0.109375,0.4296875,0.23828125,5,1
252,2,0.08984375,0.16015625,0.20703125,0.34375,1,1
252,2,0.08984375,0.16015625,0.20703125,0.34375,4,1
252,3,0.73828125,0.16015625,0.85546875,0.4453125,1,1
252,3,0.73828125,0.16015625,0.85546875,0.4453125,3,1
252,3,0.33203125,0.10546875,0.43359375,0.24609375,2,1
252,3,0.33203125,0.10546875,0.43359375,0.24609375,5,1
252,3,0.09375,0.1640625,0.1875,0.33984375,1,1
252,3,0.09375,0.1640625,0.1875,0.33984375,4,1
252,4,0.74609375,0.171875,0.85546875,0.4375,1,1
252,4,0.74609375,0.171875,0.85546875,0.4375,3,1
252,4,0.328125,0.10546875,0.42578125,0.24609375,2,1
252,4,0.328125,0.10546875,0.42578125,0.24609375,5,1
252,4,0.09765625,0.16796875,0.1875,0.328125,1,1
252,4,0.09765625,0.16796875,0.1875,0.328125,4,1
252,5,0.33984375,0.1015625,0.41796875,0.23828125,2,1
252,5,0.33984375,0.1015625,0.41796875,0.23828125,5,1
252,5,0.08984375,0.1796875,0.1875,0.3359375,1,1
252,5,0.08984375,0.1796875,0.1875,0.3359375,4,1
252,5,0.75,0.1484375,0.859375,0.44140625,1,1
252,5,0.75,0.1484375,0.859375,0.44140625,3,1
252,6,0.34375,0.11328125,0.42578125,0.24609375,2,1
252,6,0.34375,0.11328125,0.42578125,0.24609375,5,1
252,6,0.08984375,0.1640625,0.1875,0.328125,1,1
252,6,0.08984375,0.1640625,0.1875,0.328125,4,1
252,6,0.7578125,0.15234375,0.8515625,0.4140625,1,1
252,6,0.7578125,0.15234375,0.8515625,0.4140625,3,1
252,7,0.1015625,0.1640625,0.203125,0.30859375,1,1
252,7,0.1015625,0.1640625,0.203125,0.30859375,4,1
252,7,0.3359375,0.1015625,0.4296875,0.23046875,2,1
252,7,0.3359375,0.1015625,0.4296875,0.23046875,5,1
252,7,0.76171875,0.16015625,0.8359375,0.4140625,1,1
252,7,0.76171875,0.16015625,0.8359375,0.4140625,3,1
253,2,0.4140625,0.00390625,0.5234375,0.11328125,1,1
253,2,0.3515625,0.12890625,0.4296875,0.23046875,2,1
253,2,0.3515625,0.12890625,0.4296875,0.23046875,5,1
253,2,0.72265625,0.16015625,0.85546875,0.515625,1,1
253,2,0.72265625,0.16015625,0.85546875,0.515625,3,1
253,3,0.34765625,0.10546875,0.421875,0.23046875,2,1
253,3,0.34765625,0.10546875,0.421875,0.23046875,5,1
253,3,0.41796875,0.0078125,0.51953125,0.09375,1,1
253,3,0.71484375,0.171875,0.85546875,0.54296875,1,1
253,3,0.71484375,0.171875,0.85546875,0.54296875,3,1
253,4,0.34765625,0.1171875,0.4296875,0.23828125,2,1
253,4,0.34765625,0.1171875,0.4296875,0.23828125,5,1
253,4,0.4140625,0.00390625,0.52734375,0.1015625,1,1
253,4,0.703125,0.17578125,0.83984375,0.5,1,1
253,4,0.703125,0.17578125,0.83984375,0.5,3,1
253,5,0.3515625,0.12890625,0.4375,0.25390625,2,1
253,5,0.3515625,0.12890625,0.4375,0.25390625,5,1
253,5,0.4140625,0.00390625,0.52734375,0.1171875,1,1
253,5,0.703125,0.171875,0.8359375,0.50390625,1,1
253,5,0.703125,0.171875,0.8359375,0.50390625,3,1
253,6,0.35546875,0.125,0.44921875,0.2421875,2,1
253,6,0.35546875,0.125,0.44921875,0.2421875,5,1
253,6,0.421875,0.0078125,0.53125,0.10546875,1,1
253,6,0.70703125,0.171875,0.84375,0.515625,1,1
253,6,0.70703125,0.171875,0.84375,0.515625,3,1
253,7,0.3515625,0.12109375,0.44140625,0.24609375,2,1
253,7,0.3515625,0.12109375,0.44140625,0.24609375,5,1
253,7,0.4375,0.0,0.54296875,0.09765625,1,1
253,7,0.70703125,0.16796875,0.859375,0.53125,1,1
253,7,0.70703125,0.16796875,0.859375,0.53125,3,1
254,2,0.4765625,0.08984375,0.55078125,0.2265625,2,1
254,2,0.4765625,0.08984375,0.55078125,0.2265625,5,1
254,2,0.6328125,0.0859375,0.69140625,0.16015625,2,1
254,2,0.6328125,0.0859375,0.69140625,0.16015625,5,1
254,2,0.16796875,0.2265625,0.265625,0.546875,1,1
254,2,0.16796875,0.2265625,0.265625,0.546875,3,1
254,3,0.16796875,0.20703125,0.28125,0.5703125,1,1
254,3,0.16796875,0.20703125,0.28125,0.5703125,3,1
254,3,0.5,0.0546875,0.55078125,0.234375,2,1
254,3,0.5,0.0546875,0.55078125,0.234375,5,1
254,3,0.62109375,0.0703125,0.6875,0.15625,2,1
254,3,0.62109375,0.0703125,0.6875,0.15625,5,1
254,4,0.1640625,0.21875,0.2734375,0.5625,2,1
254,4,0.1640625,0.21875,0.2734375,0.5625,5,1
254,4,0.5,0.08203125,0.54296875,0.22265625,2,1
254,4,0.5,0.08203125,0.54296875,0.22265625,5,1
254,4,0.62109375,0.078125,0.69921875,0.15234375,2,1
254,4,0.62109375,0.078125,0.69921875,0.15234375,5,1
254,5,0.171875,0.21484375,0.30078125,0.54296875,1,1
254,5,0.171875,0.21484375,0.30078125,0.54296875,3,1
254,5,0.49609375,0.08203125,0.54296875,0.21875,2,1
254,5,0.49609375,0.08203125,0.54296875,0.21875,5,1
254,5,0.625,0.07421875,0.6796875,0.140625,2,1
254,5,0.625,0.07421875,0.6796875,0.140625,5,1
254,6,0.17578125,0.234375,0.296875,0.54296875,1,1
254,6,0.17578125,0.234375,0.296875,0.54296875,3,1
254,6,0.49609375,0.1015625,0.55078125,0.21875,2,1
254,6,0.49609375,0.1015625,0.55078125,0.21875,5,1
254,6,0.62109375,0.06640625,0.6875,0.14453125,2,1
254,6,0.62109375,0.06640625,0.6875,0.14453125,5,1
254,7,0.16015625,0.23828125,0.265625,0.515625,1,1
254,7,0.16015625,0.23828125,0.265625,0.515625,3,1
254,7,0.49609375,0.09765625,0.55078125,0.22265625,2,1
254,7,0.49609375,0.09765625,0.55078125,0.22265625,5,1
254,7,0.6171875,0.07421875,0.6875,0.15625,2,1
254,7,0.6171875,0.07421875,0.6875,0.15625,5,1
255,2,0.2578125,0.19921875,0.34375,0.578125,1,1
255,2,0.2578125,0.19921875,0.34375,0.578125,3,1
255,2,0.61328125,0.078125,0.6875,0.14453125,2,1
255,2,0.61328125,0.078125,0.6875,0.14453125,5,1
255,3,0.25,0.1953125,0.34375,0.5859375,1,1
255,3,0.25,0.1953125,0.34375,0.5859375,3,1
255,3,0.61328125,0.0625,0.68359375,0.15234375,2,1
255,3,0.61328125,0.0625,0.68359375,0.15234375,5,1
255,4,0.2578125,0.19921875,0.33984375,0.5703125,1,1
255,4,0.2578125,0.19921875,0.33984375,0.5703125,3,1
255,4,0.61328125,0.0703125,0.68359375,0.15625,2,1
255,4,0.61328125,0.0703125,0.68359375,0.15625,5,1
255,5,0.26171875,0.1953125,0.33203125,0.5546875,1,1
255,5,0.26171875,0.1953125,0.33203125,0.5546875,3,1
255,5,0.61328125,0.0859375,0.69140625,0.15625,2,1
255,5,0.61328125,0.0859375,0.69140625,0.15625,5,1
255,6,0.2578125,0.1875,0.3359375,0.5625,1,1
255,6,0.2578125,0.1875,0.3359375,0.5625,3,1
255,6,0.609375,0.0703125,0.69140625,0.14453125,2,1
255,6,0.609375,0.0703125,0.69140625,0.14453125,5,1
255,7,0.609375,0.0703125,0.6953125,0.16015625,2,1
255,7,0.609375,0.0703125,0.6953125,0.16015625,5,1
255,7,0.25390625,0.19140625,0.3359375,0.55859375,1,1
255,7,0.25390625,0.19140625,0.3359375,0.55859375,3,1
256,2,0.33203125,0.06640625,0.39453125,0.1640625,2,1
256,2,0.33203125,0.06640625,0.39453125,0.1640625,5,1
256,2,0.2421875,0.1953125,0.3828125,0.60546875,1,1
256,2,0.2421875,0.1953125,0.3828125,0.60546875,3,1
256,2,0.37109375,0.16015625,0.48828125,0.5546875,1,1
256,2,0.37109375,0.16015625,0.48828125,0.5546875,3,1
256,2,0.52734375,0.13671875,0.63671875,0.53515625,1,1
256,2,0.52734375,0.13671875,0.63671875,0.53515625,3,1
256,2,0.60546875,0.07421875,0.6796875,0.2265625,2,1
256,2,0.60546875,0.07421875,0.6796875,0.2265625,5,1
256,2,0.80859375,0.171875,0.89453125,0.52734375,1,1
256,2,0.80859375,0.171875,0.89453125,0.52734375,3,1
256,3,0.52734375,0.1640625,0.6328125,0.546875,1,1
256,3,0.52734375,0.1640625,0.6328125,0.546875,3,1
256,3,0.60546875,0.07421875,0.68359375,0.22265625,2,1
256,3,0.60546875,0.07421875,0.68359375,0.22265625,5,1
256,3,0.8125,0.203125,0.8828125,0.49609375,1,1
256,3,0.8125,0.203125,0.8828125,0.49609375,3,1
256,3,0.3828125,0.16796875,0.47265625,0.5625,1,1
256,3,0.3828125,0.16796875,0.47265625,0.5625,3,1
256,3,0.2578125,0.1875,0.37109375,0.5859375,1,1
256,3,0.2578125,0.1875,0.37109375,0.5859375,3,1
256,3,0.3359375,0.08984375,0.3984375,0.15625,2,1
256,3,0.3359375,0.08984375,0.3984375,0.15625,5,1
256,4,0.33203125,0.08203125,0.40625,0.16015625,2,1
256,4,0.33203125,0.08203125,0.40625,0.16015625,5,1
256,4,0.60546875,0.08203125,0.69140625,0.234375,2,1
256,4,0.60546875,0.08203125,0.69140625,0.234375,5,1
256,4,0.81640625,0.2109375,0.87890625,0.51171875,1,1
256,4,0.81640625,0.2109375,0.87890625,0.51171875,3,1
256,4,0.51171875,0.16015625,0.63671875,0.53515625,1,1
256,4,0.51171875,0.16015625,0.63671875,0.53515625,3,1
256,4,0.3671875,0.16796875,0.47265625,0.55859375,1,1
256,4,0.3671875,0.16796875,0.47265625,0.55859375,3,1
256,4,0.24609375,0.19140625,0.36328125,0.5859375,1,1
256,4,0.24609375,0.19140625,0.36328125,0.5859375,3,1
256,5,0.33203125,0.078125,0.39453125,0.15625,2,1
256,5,0.33203125,0.078125,0.39453125,0.15625,5,1
256,5,0.60546875,0.07421875,0.6953125,0.23046875,2,1
256,5,0.60546875,0.07421875,0.6953125,0.23046875,5,1
256,5,0.80859375,0.1953125,0.89453125,0.52734375,1,1
256,5,0.80859375,0.1953125,0.89453125,0.52734375,3,1
256,5,0.5234375,0.1484375,0.64453125,0.546875,1,1
256,5,0.5234375,0.1484375,0.64453125,0.546875,3,1
256,5,0.36328125,0.16015625,0.4765625,0.5546875,1,1
256,5,0.36328125,0.16015625,0.4765625,0.5546875,3,1
256,5,0.24609375,0.18359375,0.36328125,0.58984375,1,1
256,5,0.24609375,0.18359375,0.36328125,0.58984375,3,1
256,6,0.33984375,0.0859375,0.390625,0.15625,2,1
256,6,0.33984375,0.0859375,0.390625,0.15625,5,1
256,6,0.2265625,0.1875,0.36328125,0.5859375,1,1
256,6,0.2265625,0.1875,0.36328125,0.5859375,3,1
256,6,0.37109375,0.15234375,0.4765625,0.5625,1,1
256,6,0.37109375,0.15234375,0.4765625,0.5625,3,1
256,6,0.5234375,0.14453125,0.62890625,0.53125,1,1
256,6,0.5234375,0.14453125,0.62890625,0.53125,3,1
256,6,0.6015625,0.07421875,0.68359375,0.22265625,2,1
256,6,0.6015625,0.07421875,0.68359375,0.22265625,5,1
256,6,0.8046875,0.1796875,0.90234375,0.51171875,1,1
256,6,0.8046875,0.1796875,0.90234375,0.51171875,3,1
256,7,0.34375,0.08984375,0.39453125,0.15625,2,1
256,7,0.34375,0.08984375,0.39453125,0.15625,5,1
256,7,0.24609375,0.18359375,0.37109375,0.59765625,1,1
256,7,0.24609375,0.18359375,0.37109375,0.59765625,3,1
256,7,0.375,0.16015625,0.47265625,0.578125,1,1
256,7,0.375,0.16015625,0.47265625,0.578125,3,1
256,7,0.51171875,0.140625,0.6328125,0.53125,1,1
256,7,0.51171875,0.140625,0.6328125,0.53125,3,1
256,7,0.6015625,0.0703125,0.68359375,0.23046875,2,1
256,7,0.6015625,0.0703125,0.68359375,0.23046875,5,1
256,7,0.8125,0.203125,0.88671875,0.50390625,1,1
256,7,0.8125,0.203125,0.88671875,0.50390625,3,1
257,2,0.11328125,0.140625,0.1640625,0.3359375,1,1
257,2,0.11328125,0.140625,0.1640625,0.3359375,4,1
257,2,0.3203125,0.08203125,0.39453125,0.171875,2,1
257,2,0.3203125,0.08203125,0.39453125,0.171875,5,1
257,2,0.609375,0.07421875,0.6875,0.2265625,2,1
257,2,0.609375,0.07421875,0.6875,0.2265625,5,1
257,3,0.33203125,0.09375,0.3984375,0.16796875,2,1
257,3,0.33203125,0.09375,0.3984375,0.16796875,5,1
257,3,0.61328125,0.0859375,0.6796875,0.22265625,2,1
257,3,0.61328125,0.0859375,0.6796875,0.22265625,5,1
257,3,0.11328125,0.140625,0.171875,0.328125,1,1
257,3,0.11328125,0.140625,0.171875,0.328125,4,1
257,4,0.33984375,0.08984375,0.4140625,0.16796875,2,1
257,4,0.33984375,0.08984375,0.4140625,0.16796875,5,1
257,4,0.10546875,0.14453125,0.16796875,0.33984375,1,1
257,4,0.10546875,0.14453125,0.16796875,0.33984375,4,1
257,4,0.59765625,0.078125,0.6875,0.21875,2,1
257,4,0.59765625,0.078125,0.6875,0.21875,5,1
257,5,0.10546875,0.1328125,0.16015625,0.3359375,1,1
257,5,0.10546875,0.1328125,0.16015625,0.3359375,4,1
257,5,0.328125,0.08984375,0.40234375,0.15625,2,1
257,5,0.328125,0.08984375,0.40234375,0.15625,5,1
257,5,0.6015625,0.08984375,0.68359375,0.2265625,2,1
257,5,0.6015625,0.08984375,0.68359375,0.2265625,5,1
257,6,0.10546875,0.13671875,0.16796875,0.3359375,1,1
257,6,0.10546875,0.13671875,0.16796875,0.3359375,4,1
257,6,0.33203125,0.08203125,0.40234375,0.1640625,2,1
257,6,0.33203125,0.08203125,0.40234375,0.1640625,5,1
257,6,0.59765625,0.08203125,0.69140625,0.234375,2,1
257,6,0.59765625,0.08203125,0.69140625,0.234375,5,1
257,7,0.11328125,0.12109375,0.16796875,0.3359375,1,1
257,7,0.11328125,0.12109375,0.16796875,0.3359375,4,1
257,7,0.33203125,0.078125,0.40234375,0.171875,2,1
257,7,0.33203125,0.078125,0.40234375,0.171875,5,1
257,7,0.609375,0.078125,0.68359375,0.23046875,2,1
257,7,0.609375,0.078125,0.68359375,0.23046875,5,1
258,2,0.11328125,0.26953125,0.2109375,0.58984375,1,1
258,2,0.11328125,0.26953125,0.2109375,0.58984375,3,1
258,2,0.34375,0.1015625,0.41015625,0.23046875,2,1
258,2,0.34375,0.1015625,0.41015625,0.23046875,5,1
258,2,0.49609375,0.08984375,0.5546875,0.2265625,2,1
258,2,0.49609375,0.08984375,0.5546875,0.2265625,5,1
258,2,0.625,0.07421875,0.6875,0.16015625,2,1
258,2,0.625,0.07421875,0.6875,0.16015625,5,1
258,3,0.10546875,0.28125,0.20703125,0.59765625,1,1
258,3,0.10546875,0.28125,0.20703125,0.59765625,3,1
258,3,0.34765625,0.1171875,0.4296875,0.234375,2,1
258,3,0.34765625,0.1171875,0.4296875,0.234375,5,1
258,3,0.49609375,0.0859375,0.55078125,0.2265625,2,1
258,3,0.49609375,0.0859375,0.55078125,0.2265625,5,1
258,3,0.625,0.078125,0.6875,0.15234375,2,1
258,3,0.625,0.078125,0.6875,0.15234375,5,1
258,4,0.109375,0.2734375,0.21875,0.57421875,1,1
258,4,0.109375,0.2734375,0.21875,0.57421875,3,1
258,4,0.34375,0.10546875,0.41796875,0.2265625,2,1
258,4,0.34375,0.10546875,0.41796875,0.2265625,5,1
258,4,0.5,0.09375,0.546875,0.21875,2,1
258,4,0.5,0.09375,0.546875,0.21875,5,1
258,4,0.6328125,0.078125,0.703125,0.15625,2,1
258,4,0.6328125,0.078125,0.703125,0.15625,5,1
258,5,0.109375,0.2734375,0.2109375,0.58203125,1,1
258,5,0.109375,0.2734375,0.2109375,0.58203125,3,1
258,5,0.34765625,0.10546875,0.41796875,0.234375,2,1
258,5,0.34765625,0.10546875,0.41796875,0.234375,5,1
258,5,0.49609375,0.09765625,0.55078125,0.2265625,2,1
258,5,0.49609375,0.09765625,0.55078125,0.2265625,5,1
258,5,0.62109375,0.07421875,0.6953125,0.16015625,2,1
258,5,0.62109375,0.07421875,0.6953125,0.16015625,5,1
258,6,0.1015625,0.28515625,0.21484375,0.5703125,1,1
258,6,0.1015625,0.28515625,0.21484375,0.5703125,3,1
258,6,0.34765625,0.11328125,0.42578125,0.2265625,2,1
258,6,0.34765625,0.11328125,0.42578125,0.2265625,5,1
258,6,0.4921875,0.078125,0.5625,0.21875,2,1
258,6,0.4921875,0.078125,0.5625,0.21875,5,1
258,6,0.62109375,0.07421875,0.69140625,0.15234375,2,1
258,6,0.62109375,0.07421875,0.69140625,0.15234375,5,1
258,7,0.09375,0.2734375,0.203125,0.5859375,1,1
258,7,0.09375,0.2734375,0.203125,0.5859375,3,1
258,7,0.3515625,0.10546875,0.41796875,0.234375,2,1
258,7,0.3515625,0.10546875,0.41796875,0.234375,5,1
258,7,0.49609375,0.09765625,0.5546875,0.2265625,2,1
258,7,0.49609375,0.09765625,0.5546875,0.2265625,5,1
258,7,0.62109375,0.06640625,0.6953125,0.15234375,2,1
258,7,0.62109375,0.06640625,0.6953125,0.15234375,5,1
259,2,0.06640625,0.29296875,0.16796875,0.578125,1,1
259,2,0.06640625,0.29296875,0.16796875,0.578125,3,1
259,2,0.18359375,0.234375,0.26953125,0.578125,1,1
259,2,0.18359375,0.234375,0.26953125,0.578125,3,1
259,2,0.24609375,0.1015625,0.3125,0.24609375,2,1
259,2,0.24609375,0.1015625,0.3125,0.24609375,5,1
259,2,0.34765625,0.12890625,0.42578125,0.25390625,2,1
259,2,0.34765625,0.12890625,0.42578125,0.25390625,5,1
259,2,0.46875,0.0546875,0.5546875,0.29296875,1,1
259,2,0.61328125,0.09375,0.67578125,0.23046875,2,1
259,2,0.61328125,0.09375,0.67578125,0.23046875,5,1
259,2,0.703125,0.09765625,0.765625,0.234375,2,1
259,2,0.703125,0.09765625,0.765625,0.234375,5,1
259,2,0.734375,0.22265625,0.859375,0.51953125,1,1
259,2,0.734375,0.22265625,0.859375,0.51953125,3,1
259,3,0.0703125,0.28515625,0.1640625,0.58203125,1,1
259,3,0.0703125,0.28515625,0.1640625,0.58203125,3,1
259,3,0.1875,0.2265625,0.28125,0.56640625,1,1
259,3,0.1875,0.2265625,0.28125,0.56640625,3,1
259,3,0.23828125,0.1171875,0.3046875,0.24609375,2,1
259,3,0.23828125,0.1171875,0.3046875,0.24609375,5,1
259,3,0.34375,0.10546875,0.41796875,0.24609375,2,1
259,3,0.34375,0.10546875,0.41796875,0.24609375,5,1
259,3,0.46875,0.03515625,0.55078125,0.28125,1,1
259,3,0.60546875,0.1015625,0.6796875,0.23828125,2,1
259,3,0.60546875,0.1015625,0.6796875,0.23828125,5,1
259,3,0.703125,0.10546875,0.77734375,0.234375,2,1
259,3,0.703125,0.10546875,0.77734375,0.234375,5,1
259,3,0.7265625,0.21484375,0.85546875,0.5234375,1,1
259,3,0.7265625,0.21484375,0.85546875,0.5234375,3,1
259,4,0.0703125,0.296875,0.1640625,0.578125,1,1
259,4,0.0703125,0.296875,0.1640625,0.578125,3,1
259,4,0.19140625,0.2421875,0.25390625,0.57421875,1,1
259,4,0.19140625,0.2421875,0.25390625,0.57421875,3,1
259,4,0.2421875,0.125,0.31640625,0.25,2,1
259,4,0.2421875,0.125,0.31640625,0.25,5,1
259,4,0.3359375,0.11328125,0.41796875,0.25,2,1
259,4,0.3359375,0.11328125,0.41796875,0.25,5,1
259,4,0.46875,0.0390625,0.5546875,0.27734375,1,1
259,4,0.61328125,0.10546875,0.6875,0.23046875,2,1
259,4,0.61328125,0.10546875,0.6875,0.23046875,5,1
259,4,0.703125,0.09765625,0.7734375,0.23046875,2,1
259,4,0.703125,0.09765625,0.7734375,0.23046875,5,1
259,6,0.0703125,0.29296875,0.171875,0.57421875,1,1
259,6,0.0703125,0.29296875,0.171875,0.57421875,3,1
259,6,0.1875,0.23828125,0.2734375,0.55859375,1,1
259,6,0.1875,0.23828125,0.2734375,0.55859375,3,1
259,6,0.23828125,0.1171875,0.31640625,0.2734375,2,1
259,6,0.23828125,0.1171875,0.31640625,0.2734375,5,1
259,6,0.3359375,0.12109375,0.4140625,0.24609375,2,1
259,6,0.3359375,0.12109375,0.4140625,0.24609375,5,1
259,6,0.4609375,0.04296875,0.54296875,0.28515625,1,1
259,6,0.6015625,0.1015625,0.68359375,0.2265625,2,1
259,6,0.6015625,0.1015625,0.68359375,0.2265625,5,1
259,6,0.69921875,0.09765625,0.7734375,0.23828125,2,1
259,6,0.69921875,0.09765625,0.7734375,0.23828125,5,1
259,6,0.73828125,0.203125,0.8515625,0.53515625,1,1
259,6,0.73828125,0.203125,0.8515625,0.53515625,3,1
259,7,0.0703125,0.28125,0.16796875,0.55078125,1,1
259,7,0.0703125,0.28125,0.16796875,0.55078125,3,1
259,7,0.17578125,0.23828125,0.2890625,0.5703125,1,1
259,7,0.17578125,0.23828125,0.2890625,0.5703125,3,1
259,7,0.23828125,0.12109375,0.3125,0.2578125,2,1
259,7,0.23828125,0.12109375,0.3125,0.2578125,5,1
259,7,0.3359375,0.1171875,0.421875,0.234375,2,1
259,7,0.3359375,0.1171875,0.421875,0.234375,5,1
259,7,0.4609375,0.04296875,0.54296875,0.28515625,1,1
259,7,0.609375,0.1015625,0.68359375,0.234375,2,1
259,7,0.609375,0.1015625,0.68359375,0.234375,5,1
259,7,0.703125,0.10546875,0.76953125,0.234375,2,1
259,7,0.703125,0.10546875,0.76953125,0.234375,5,1
259,7,0.73828125,0.19921875,0.84765625,0.53125,1,1
259,7,0.73828125,0.19921875,0.84765625,0.53125,3,1
260,2,0.23828125,0.140625,0.3203125,0.25390625,2,1
260,2,0.23828125,0.140625,0.3203125,0.25390625,5,1
260,2,0.42578125,0.0546875,0.4765625,0.15234375,2,1
260,2,0.42578125,0.0546875,0.4765625,0.15234375,5,1
260,2,0.49609375,0.078125,0.5390625,0.21875,2,1
260,2,0.49609375,0.078125,0.5390625,0.21875,5,1
260,2,0.53515625,0.05078125,0.58984375,0.14453125,2,1
260,2,0.53515625,0.05078125,0.58984375,0.14453125,5,1
260,2,0.609375,0.1015625,0.68359375,0.23828125,2,1
260,2,0.609375,0.1015625,0.68359375,0.23828125,5,1
260,2,0.6953125,0.09375,0.765625,0.234375,2,1
260,2,0.6953125,0.09375,0.765625,0.234375,5,1
260,3,0.2265625,0.1328125,0.31640625,0.28125,2,1
260,3,0.2265625,0.1328125,0.31640625,0.28125,5,1
260,3,0.42578125,0.078125,0.47265625,0.15234375,2,1
260,3,0.42578125,0.078125,0.47265625,0.15234375,5,1
260,3,0.49609375,0.08984375,0.54296875,0.21484375,2,1
260,3,0.49609375,0.08984375,0.54296875,0.21484375,5,1
260,3,0.5390625,0.0625,0.5859375,0.1484375,2,1
260,3,0.5390625,0.0625,0.5859375,0.1484375,5,1
260,3,0.625,0.09765625,0.6875,0.234375,2,1
260,3,0.625,0.09765625,0.6875,0.234375,5,1
260,3,0.69140625,0.1015625,0.7734375,0.23828125,2,1
260,3,0.69140625,0.1015625,0.7734375,0.23828125,5,1
260,4,0.2421875,0.1328125,0.31640625,0.27734375,2,1
260,4,0.2421875,0.1328125,0.31640625,0.27734375,5,1
260,4,0.421875,0.0703125,0.4765625,0.15234375,2,1
260,4,0.421875,0.0703125,0.4765625,0.15234375,5,1
260,4,0.49609375,0.09765625,0.54296875,0.21875,2,1
260,4,0.49609375,0.09765625,0.54296875,0.21875,5,1
260,4,0.53515625,0.0625,0.58203125,0.1484375,2,1
260,4,0.53515625,0.0625,0.58203125,0.1484375,5,1
260,4,0.62109375,0.09765625,0.6796875,0.2265625,2,1
260,4,0.62109375,0.09765625,0.6796875,0.2265625,5,1
260,4,0.69921875,0.1015625,0.78125,0.23828125,2,1
260,4,0.69921875,0.1015625,0.78125,0.23828125,5,1
260,5,0.234375,0.1328125,0.3125,0.25,2,1
260,5,0.234375,0.1328125,0.3125,0.25,5,1
260,5,0.42578125,0.07421875,0.4765625,0.140625,2,1
260,5,0.42578125,0.07421875,0.4765625,0.140625,5,1
260,5,0.49609375,0.09765625,0.54296875,0.22265625,2,1
260,5,0.49609375,0.09765625,0.54296875,0.22265625,5,1
260,5,0.5390625,0.0625,0.58203125,0.140625,2,1
260,5,0.5390625,0.0625,0.58203125,0.140625,5,1
260,5,0.6171875,0.1015625,0.6875,0.23046875,2,1
260,5,0.6171875,0.1015625,0.6875,0.23046875,5,1
260,5,0.69140625,0.08984375,0.77734375,0.23046875,2,1
260,5,0.69140625,0.08984375,0.77734375,0.23046875,5,1
260,6,0.23828125,0.13671875,0.3125,0.2734375,2,1
260,6,0.23828125,0.13671875,0.3125,0.2734375,5,1
260,6,0.41015625,0.05859375,0.47265625,0.1484375,2,1
260,6,0.41015625,0.05859375,0.47265625,0.1484375,5,1
260,6,0.49609375,0.1015625,0.546875,0.21875,2,1
260,6,0.49609375,0.1015625,0.546875,0.21875,5,1
260,6,0.54296875,0.06640625,0.59375,0.16015625,2,1
260,6,0.54296875,0.06640625,0.59375,0.16015625,5,1
260,6,0.6171875,0.09765625,0.6796875,0.234375,2,1
260,6,0.6171875,0.09765625,0.6796875,0.234375,5,1
260,6,0.6875,0.08984375,0.77734375,0.234375,2,1
260,6,0.6875,0.08984375,0.77734375,0.234375,5,1
260,7,0.2421875,0.1171875,0.3203125,0.25390625,2,1
260,7,0.2421875,0.1171875,0.3203125,0.25390625,5,1
260,7,0.43359375,0.07421875,0.4765625,0.140625,2,1
260,7,0.43359375,0.07421875,0.4765625,0.140625,5,1
260,7,0.4921875,0.10546875,0.5390625,0.22265625,2,1
260,7,0.4921875,0.10546875,0.5390625,0.22265625,5,1
260,7,0.5390625,0.07421875,0.5859375,0.1484375,2,1
260,7,0.5390625,0.07421875,0.5859375,0.1484375,5,1
260,7,0.6171875,0.09765625,0.68359375,0.2265625,2,1
260,7,0.6171875,0.09765625,0.68359375,0.2265625,5,1
260,7,0.6953125,0.1015625,0.76953125,0.23828125,2,1
260,7,0.6953125,0.1015625,0.76953125,0.23828125,5,1
261,2,0.1796875,0.10546875,0.3046875,0.30859375,1,1
261,2,0.34765625,0.109375,0.41796875,0.24609375,2,1
261,2,0.34765625,0.109375,0.41796875,0.24609375,5,1
261,2,0.4921875,0.09765625,0.546875,0.22265625,2,1
261,2,0.4921875,0.09765625,0.546875,0.22265625,5,1
261,2,0.6328125,0.09765625,0.69921875,0.2265625,2,1
261,2,0.6328125,0.09765625,0.69921875,0.2265625,5,1
261,3,0.18359375,0.10546875,0.3125,0.31640625,1,1
261,3,0.359375,0.10546875,0.4140625,0.234375,2,1
261,3,0.359375,0.10546875,0.4140625,0.234375,5,1
261,3,0.49609375,0.09765625,0.5546875,0.23046875,2,1
261,3,0.49609375,0.09765625,0.5546875,0.23046875,5,1
261,3,0.62109375,0.1015625,0.703125,0.21875,2,1
261,3,0.62109375,0.1015625,0.703125,0.21875,5,1
261,4,0.1796875,0.10546875,0.296875,0.3203125,1,1
261,4,0.359375,0.10546875,0.4140625,0.23828125,2,1
261,4,0.359375,0.10546875,0.4140625,0.23828125,5,1
261,4,0.5,0.09765625,0.55078125,0.22265625,2,1
261,4,0.5,0.09765625,0.55078125,0.22265625,5,1
261,4,0.62109375,0.10546875,0.70703125,0.23046875,2,1
261,4,0.62109375,0.10546875,0.70703125,0.23046875,5,1
261,5,0.1875,0.11328125,0.30078125,0.32421875,1,1
261,5,0.359375,0.1015625,0.421875,0.23828125,2,1
261,5,0.359375,0.1015625,0.421875,0.23828125,5,1
261,5,0.5,0.1015625,0.55078125,0.21875,2,1
261,5,0.5,0.1015625,0.55078125,0.21875,5,1
261,5,0.62109375,0.0859375,0.69921875,0.21875,2,1
261,5,0.62109375,0.0859375,0.69921875,0.21875,5,1
261,6,0.1796875,0.109375,0.296875,0.32421875,1,1
261,6,0.359375,0.1015625,0.41796875,0.25,2,1
261,6,0.359375,0.1015625,0.41796875,0.25,5,1
261,6,0.49609375,0.10546875,0.5546875,0.21875,2,1
261,6,0.49609375,0.10546875,0.5546875,0.21875,5,1
261,6,0.609375,0.1015625,0.69921875,0.22265625,2,1
261,6,0.609375,0.1015625,0.69921875,0.22265625,5,1
261,7,0.1796875,0.10546875,0.3046875,0.3203125,1,1
261,7,0.35546875,0.10546875,0.421875,0.2421875,2,1
261,7,0.35546875,0.10546875,0.421875,0.2421875,5,1
261,7,0.4921875,0.10546875,0.55859375,0.23046875,2,1
261,7,0.4921875,0.10546875,0.55859375,0.23046875,5,1
261,7,0.62109375,0.1015625,0.69921875,0.2265625,2,1
261,7,0.62109375,0.1015625,0.69921875,0.2265625,5,1
262,2,0.24609375,0.1328125,0.296875,0.25390625,2,1
262,2,0.24609375,0.1328125,0.296875,0.25390625,5,1
262,2,0.34765625,0.1171875,0.41015625,0.234375,2,1
262,2,0.34765625,0.1171875,0.41015625,0.234375,5,1
262,2,0.42578125,0.06640625,0.4765625,0.140625,2,1
262,2,0.42578125,0.06640625,0.4765625,0.140625,5,1
262,2,0.59765625,0.07421875,0.69140625,0.2109375,2,1
262,2,0.59765625,0.07421875,0.69140625,0.2109375,5,1
262,3,0.2421875,0.13671875,0.30078125,0.2578125,2,1
262,3,0.2421875,0.13671875,0.30078125,0.2578125,5,1
262,3,0.33984375,0.1171875,0.41015625,0.24609375,2,1
262,3,0.33984375,0.1171875,0.41015625,0.24609375,5,1
262,3,0.4296875,0.078125,0.4765625,0.15234375,2,1
262,3,0.4296875,0.078125,0.4765625,0.15234375,5,1
262,3,0.6015625,0.0859375,0.6875,0.21484375,2,1
262,3,0.6015625,0.0859375,0.6875,0.21484375,5,1
262,4,0.25,0.140625,0.3046875,0.2578125,2,1
262,4,0.25,0.140625,0.3046875,0.2578125,5,1
262,4,0.34375,0.1171875,0.41015625,0.2421875,2,1
262,4,0.34375,0.1171875,0.41015625,0.2421875,5,1
262,4,0.42578125,0.06640625,0.47265625,0.1484375,2,1
262,4,0.42578125,0.06640625,0.47265625,0.1484375,5,1
262,4,0.59765625,0.0859375,0.6796875,0.21875,2,1
262,4,0.59765625,0.0859375,0.6796875,0.21875,5,1
262,5,0.23828125,0.140625,0.3046875,0.25,2,1
262,5,0.23828125,0.140625,0.3046875,0.25,5,1
262,5,0.34375,0.1171875,0.41015625,0.24609375,2,1
262,5,0.34375,0.1171875,0.41015625,0.24609375,5,1
262,5,0.4296875,0.0859375,0.4765625,0.1484375,2,1
262,5,0.4296875,0.0859375,0.4765625,0.1484375,5,1
262,5,0.6015625,0.078125,0.6796875,0.21484375,2,1
262,5,0.6015625,0.078125,0.6796875,0.21484375,5,1
262,6,0.24609375,0.1484375,0.30859375,0.265625,2,1
262,6,0.24609375,0.1484375,0.30859375,0.265625,5,1
262,6,0.33984375,0.11328125,0.41015625,0.2421875,2,1
262,6,0.33984375,0.11328125,0.41015625,0.2421875,5,1
262,6,0.4296875,0.07421875,0.4765625,0.1484375,2,1
262,6,0.4296875,0.07421875,0.4765625,0.1484375,5,1
262,6,0.609375,0.1015625,0.6875,0.21875,2,1
262,6,0.609375,0.1015625,0.6875,0.21875,5,1
262,7,0.25,0.14453125,0.30859375,0.25,2,1
262,7,0.25,0.14453125,0.30859375,0.25,5,1
262,7,0.33984375,0.10546875,0.40625,0.234375,2,1
262,7,0.33984375,0.10546875,0.40625,0.234375,5,1
262,7,0.42578125,0.07421875,0.4765625,0.16015625,2,1
262,7,0.42578125,0.07421875,0.4765625,0.16015625,5,1
262,7,0.60546875,0.09375,0.68359375,0.23046875,2,1
262,7,0.60546875,0.09375,0.68359375,0.23046875,5,1
263,2,0.2421875,0.140625,0.3046875,0.25390625,2,1
263,2,0.2421875,0.140625,0.3046875,0.25390625,5,1
263,2,0.31640625,0.078125,0.41796875,0.265625,1,1
263,2,0.4296875,0.05859375,0.47265625,0.15625,2,1
263,2,0.4296875,0.05859375,0.47265625,0.15625,5,1
263,2,0.60546875,0.08203125,0.6875,0.21875,2,1
263,2,0.60546875,0.08203125,0.6875,0.21875,5,1
263,3,0.24609375,0.1328125,0.3046875,0.24609375,2,1
263,3,0.24609375,0.1328125,0.3046875,0.24609375,5,1
263,3,0.328125,0.078125,0.4140625,0.26953125,1,1
263,3,0.43359375,0.05859375,0.4765625,0.16015625,2,1
263,3,0.43359375,0.05859375,0.4765625,0.16015625,5,1
263,3,0.609375,0.09765625,0.6875,0.21875,2,1
263,3,0.609375,0.09765625,0.6875,0.21875,5,1
263,4,0.23828125,0.13671875,0.296875,0.25390625,2,1
263,4,0.23828125,0.13671875,0.296875,0.25390625,5,1
263,4,0.33203125,0.06640625,0.4140625,0.265625,1,1
263,4,0.4296875,0.0625,0.48046875,0.15234375,2,1
263,4,0.4296875,0.0625,0.48046875,0.15234375,5,1
263,5,0.23828125,0.125,0.3046875,0.25390625,2,1
263,5,0.23828125,0.125,0.3046875,0.25390625,5,1
263,5,0.328125,0.09765625,0.421875,0.28125,1,1
263,5,0.43359375,0.06640625,0.4765625,0.15625,2,1
263,5,0.43359375,0.06640625,0.4765625,0.15625,5,1
263,5,0.60546875,0.08984375,0.6875,0.234375,2,1
263,5,0.60546875,0.08984375,0.6875,0.234375,5,1
263,6,0.23828125,0.13671875,0.30078125,0.265625,2,1
263,6,0.23828125,0.13671875,0.30078125,0.265625,5,1
263,6,0.33203125,0.078125,0.4140625,0.27734375,1,1
263,6,0.4296875,0.0703125,0.4765625,0.15625,2,1
263,6,0.4296875,0.0703125,0.4765625,0.15625,5,1
263,6,0.59765625,0.08203125,0.68359375,0.2265625,2,1
263,6,0.59765625,0.08203125,0.68359375,0.2265625,5,1
263,7,0.24609375,0.12890625,0.30078125,0.265625,2,1
263,7,0.24609375,0.12890625,0.30078125,0.265625,5,1
263,7,0.32421875,0.09375,0.4140625,0.2734375,1,1
263,7,0.4296875,0.0703125,0.4765625,0.16796875,2,1
263,7,0.4296875,0.0703125,0.4765625,0.16796875,5,1
263,7,0.6015625,0.09375,0.6875,0.23046875,2,1
263,7,0.6015625,0.09375,0.6875,0.23046875,5,1
264,2,0.23046875,0.14453125,0.3125,0.26171875,2,1
264,2,0.32421875,0.07421875,0.390625,0.17578125,2,1
264,2,0.32421875,0.07421875,0.390625,0.17578125,5,1
264,2,0.46875,0.09765625,0.54296875,0.2265625,2,1
264,2,0.46875,0.09765625,0.54296875,0.2265625,5,1
264,2,0.6171875,0.046875,0.67578125,0.23046875,1,1
264,3,0.24609375,0.14453125,0.32421875,0.2578125,2,1
264,3,0.33984375,0.06640625,0.39453125,0.1640625,2,1
264,3,0.33984375,0.06640625,0.39453125,0.1640625,5,1
264,3,0.46875,0.09765625,0.54296875,0.22265625,2,1
264,3,0.46875,0.09765625,0.54296875,0.22265625,5,1
264,3,0.62890625,0.0625,0.68359375,0.2265625,1,1
264,4,0.2421875,0.15234375,0.3203125,0.2578125,2,1
264,4,0.33984375,0.08203125,0.390625,0.16796875,2,1
264,4,0.33984375,0.08203125,0.390625,0.16796875,5,1
264,4,0.47265625,0.09765625,0.54296875,0.23046875,2,1
264,4,0.47265625,0.09765625,0.54296875,0.23046875,5,1
264,4,0.62890625,0.0546875,0.6796875,0.22265625,1,1
264,5,0.6171875,0.0546875,0.67578125,0.21875,1,1
264,5,0.4609375,0.09375,0.55078125,0.2265625,2,1
264,5,0.4609375,0.09375,0.55078125,0.2265625,5,1
264,5,0.3359375,0.078125,0.390625,0.16796875,2,1
264,5,0.3359375,0.078125,0.390625,0.16796875,5,1
264,5,0.25,0.140625,0.3203125,0.2578125,2,1
264,6,0.2421875,0.13671875,0.32421875,0.26171875,2,1
264,6,0.3359375,0.07421875,0.3984375,0.17578125,2,1
264,6,0.3359375,0.07421875,0.3984375,0.17578125,5,1
264,6,0.46875,0.09765625,0.546875,0.21484375,2,1
264,6,0.46875,0.09765625,0.546875,0.21484375,5,1
264,6,0.6171875,0.05078125,0.671875,0.22265625,1,1
264,7,0.2421875,0.13671875,0.31640625,0.26171875,2,1
264,7,0.328125,0.07421875,0.38671875,0.171875,2,1
264,7,0.328125,0.07421875,0.38671875,0.171875,5,1
264,7,0.46875,0.09375,0.546875,0.22265625,2,1
264,7,0.46875,0.09375,0.546875,0.22265625,5,1
264,7,0.62109375,0.0546875,0.6796875,0.2265625,1,1
265,2,0.23046875,0.1328125,0.31640625,0.26953125,2,1
265,2,0.23046875,0.1328125,0.31640625,0.26953125,5,1
265,3,0.2421875,0.13671875,0.3125,0.26171875,2,1
265,3,0.2421875,0.13671875,0.3125,0.26171875,5,1
265,4,0.2421875,0.13671875,0.31640625,0.265625,2,1
265,4,0.2421875,0.13671875,0.31640625,0.265625,5,1
265,5,0.234375,0.13671875,0.3203125,0.26171875,2,1
265,5,0.234375,0.13671875,0.3203125,0.26171875,5,1
265,6,0.234375,0.13671875,0.3125,0.265625,2,1
265,6,0.234375,0.13671875,0.3125,0.265625,5,1
265,7,0.23828125,0.13671875,0.30859375,0.26171875,2,1
265,7,0.23828125,0.13671875,0.30859375,0.26171875,5,1
266,2,0.51171875,0.0546875,0.6015625,0.14453125,2,1
266,2,0.51171875,0.0546875,0.6015625,0.14453125,5,1
266,2,0.56640625,0.1640625,0.6484375,0.49609375,1,1
266,2,0.56640625,0.1640625,0.6484375,0.49609375,3,1
266,2,0.48828125,0.171875,0.5703125,0.515625,1,1
266,2,0.48828125,0.171875,0.5703125,0.515625,3,1
266,2,0.6484375,0.140625,0.74609375,0.53515625,1,1
266,2,0.6484375,0.140625,0.74609375,0.53515625,3,1
266,2,0.7421875,0.1875,0.81640625,0.42578125,1,1
266,2,0.7421875,0.1875,0.81640625,0.42578125,3,1
266,2,0.3359375,0.16796875,0.4375,0.53125,1,1
266,2,0.3359375,0.16796875,0.4375,0.53125,3,1
266,2,0.25390625,0.2265625,0.3203125,0.51171875,1,1
266,2,0.25390625,0.2265625,0.3203125,0.51171875,3,1
266,2,0.15625,0.2109375,0.24609375,0.5703125,1,1
266,2,0.15625,0.2109375,0.24609375,0.5703125,3,1
266,2,0.1171875,0.26171875,0.15234375,0.5703125,1,1
266,2,0.1171875,0.26171875,0.15234375,0.5703125,3,1
266,2,0.0703125,0.25,0.11328125,0.57421875,1,1
266,2,0.0703125,0.25,0.11328125,0.57421875,3,1
266,2,0.03125,0.265625,0.0703125,0.578125,1,1
266,2,0.03125,0.265625,0.0703125,0.578125,3,1
266,2,0.00390625,0.26171875,0.03515625,0.55859375,1,1
266,2,0.00390625,0.26171875,0.03515625,0.55859375,3,1
266,3,0.50390625,0.0546875,0.59765625,0.14453125,2,1
266,3,0.50390625,0.0546875,0.59765625,0.14453125,5,1
266,3,0.74609375,0.171875,0.82421875,0.4296875,1,1
266,3,0.74609375,0.171875,0.82421875,0.4296875,3,1
266,3,0.6640625,0.15625,0.75390625,0.5390625,1,1
266,3,0.6640625,0.15625,0.75390625,0.5390625,3,1
266,3,0.578125,0.16015625,0.6484375,0.50390625,1,1
266,3,0.578125,0.16015625,0.6484375,0.50390625,3,1
266,3,0.48828125,0.17578125,0.57421875,0.5078125,1,1
266,3,0.48828125,0.17578125,0.57421875,0.5078125,3,1
266,3,0.328125,0.171875,0.4375,0.55859375,1,1
266,3,0.328125,0.171875,0.4375,0.55859375,3,1
266,3,0.22265625,0.203125,0.3203125,0.48828125,1,1
266,3,0.22265625,0.203125,0.3203125,0.48828125,3,1
266,3,0.15625,0.2265625,0.21875,0.5703125,1,1
266,3,0.15625,0.2265625,0.21875,0.5703125,3,1
266,3,0.109375,0.2734375,0.15234375,0.57421875,1,1
266,3,0.109375,0.2734375,0.15234375,0.57421875,3,1
266,3,0.06640625,0.30078125,0.12109375,0.56640625,1,1
266,3,0.06640625,0.30078125,0.12109375,0.56640625,3,1
266,3,0.03515625,0.2734375,0.0703125,0.578125,1,1
266,3,0.03515625,0.2734375,0.0703125,0.578125,3,1
266,3,0.00390625,0.26171875,0.0390625,0.5703125,1,1
266,3,0.00390625,0.26171875,0.0390625,0.5703125,3,1
266,4,0.49609375,0.04296875,0.58984375,0.1328125,2,1
266,4,0.49609375,0.04296875,0.58984375,0.1328125,5,1
266,4,0.73828125,0.16015625,0.80859375,0.41796875,1,1
266,4,0.73828125,0.16015625,0.80859375,0.41796875,3,1
266,4,0.64453125,0.15234375,0.75390625,0.53515625,1,1
266,4,0.64453125,0.15234375,0.75390625,0.53515625,3,1
266,4,0.58203125,0.16015625,0.64453125,0.5,1,1
266,4,0.58203125,0.16015625,0.64453125,0.5,3,1
266,4,0.49609375,0.16796875,0.578125,0.5234375,1,1
266,4,0.49609375,0.16796875,0.578125,0.5234375,3,1
266,4,0.32421875,0.1796875,0.43359375,0.5546875,1,1
266,4,0.32421875,0.1796875,0.43359375,0.5546875,3,1
266,4,0.23046875,0.22265625,0.3046875,0.53125,1,1
266,4,0.23046875,0.22265625,0.3046875,0.53125,3,1
266,4,0.1484375,0.2421875,0.23046875,0.58203125,1,1
266,4,0.1484375,0.2421875,0.23046875,0.58203125,3,1
266,4,0.10546875,0.24609375,0.1484375,0.56640625,1,1
266,4,0.10546875,0.24609375,0.1484375,0.56640625,3,1
266,4,0.078125,0.25,0.11328125,0.5703125,1,1
266,4,0.078125,0.25,0.11328125,0.5703125,3,1
266,4,0.0390625,0.265625,0.07421875,0.55078125,1,1
266,4,0.0390625,0.265625,0.07421875,0.55078125,3,1
266,4,0.0,0.26953125,0.04296875,0.5703125,1,1
266,4,0.0,0.26953125,0.04296875,0.5703125,3,1
266,5,0.5,0.0546875,0.578125,0.1328125,2,1
266,5,0.5,0.0546875,0.578125,0.1328125,5,1
266,5,0.73828125,0.15234375,0.8046875,0.41015625,1,1
266,5,0.73828125,0.15234375,0.8046875,0.41015625,3,1
266,5,0.6484375,0.1484375,0.75390625,0.53515625,1,1
266,5,0.6484375,0.1484375,0.75390625,0.53515625,3,1
266,5,0.5859375,0.16015625,0.6484375,0.4921875,1,1
266,5,0.5859375,0.16015625,0.6484375,0.4921875,3,1
266,5,0.48828125,0.17578125,0.578125,0.51953125,1,1
266,5,0.48828125,0.17578125,0.578125,0.51953125,3,1
266,5,0.31640625,0.171875,0.4375,0.5546875,1,1
266,5,0.31640625,0.171875,0.4375,0.5546875,3,1
266,5,0.2421875,0.2109375,0.30859375,0.5546875,1,1
266,5,0.2421875,0.2109375,0.30859375,0.5546875,3,1
266,5,0.15234375,0.21875,0.2421875,0.5625,1,1
266,5,0.15234375,0.21875,0.2421875,0.5625,3,1
266,5,0.109375,0.265625,0.1484375,0.5625,1,1
266,5,0.109375,0.265625,0.1484375,0.5625,3,1
266,5,0.0703125,0.26171875,0.1171875,0.57421875,1,1
266,5,0.0703125,0.26171875,0.1171875,0.57421875,3,1
266,5,0.0390625,0.25,0.078125,0.55078125,1,1
266,5,0.0390625,0.25,0.078125,0.55078125,3,1
266,5,0.00390625,0.27734375,0.0390625,0.55859375,1,1
266,5,0.00390625,0.27734375,0.0390625,0.55859375,3,1
266,6,0.5,0.06640625,0.58984375,0.13671875,2,1
266,6,0.5,0.06640625,0.58984375,0.13671875,5,1
266,6,0.7421875,0.171875,0.8046875,0.4296875,1,1
266,6,0.7421875,0.171875,0.8046875,0.4296875,3,1
266,6,0.65625,0.13671875,0.7578125,0.52734375,1,1
266,6,0.65625,0.13671875,0.7578125,0.52734375,3,1
266,6,0.58203125,0.1640625,0.65234375,0.484375,1,1
266,6,0.58203125,0.1640625,0.65234375,0.484375,3,1
266,6,0.49609375,0.17578125,0.578125,0.5078125,1,1
266,6,0.49609375,0.17578125,0.578125,0.5078125,3,1
266,6,0.32421875,0.17578125,0.44140625,0.54296875,1,1
266,6,0.32421875,0.17578125,0.44140625,0.54296875,3,1
266,6,0.2421875,0.21484375,0.3203125,0.5625,1,1
266,6,0.2421875,0.21484375,0.3203125,0.5625,3,1
266,6,0.140625,0.2109375,0.24609375,0.55859375,1,1
266,6,0.140625,0.2109375,0.24609375,0.55859375,3,1
266,6,0.0,0.26171875,0.03125,0.57421875,1,1
266,6,0.0,0.26171875,0.03125,0.57421875,3,1
266,6,0.03515625,0.26953125,0.07421875,0.578125,1,1
266,6,0.03515625,0.26953125,0.07421875,0.578125,3,1
266,6,0.0859375,0.25390625,0.1171875,0.57421875,1,1
266,6,0.0859375,0.25390625,0.1171875,0.57421875,3,1
266,6,0.109375,0.28125,0.13671875,0.578125,1,1
266,6,0.109375,0.28125,0.13671875,0.578125,3,1
266,7,0.5078125,0.06640625,0.58984375,0.1328125,2,1
266,7,0.5078125,0.06640625,0.58984375,0.1328125,5,1
266,7,0.00390625,0.2734375,0.03515625,0.5703125,1,1
266,7,0.00390625,0.2734375,0.03515625,0.5703125,3,1
266,7,0.03515625,0.26953125,0.07421875,0.5703125,1,1
266,7,0.03515625,0.26953125,0.07421875,0.5703125,3,1
266,7,0.08203125,0.24609375,0.1171875,0.57421875,1,1
266,7,0.08203125,0.24609375,0.1171875,0.57421875,3,1
266,7,0.12890625,0.21484375,0.2265625,0.55078125,1,1
266,7,0.12890625,0.21484375,0.2265625,0.55078125,3,1
266,7,0.25,0.19921875,0.3203125,0.54296875,1,1
266,7,0.25,0.19921875,0.3203125,0.54296875,3,1
266,7,0.328125,0.171875,0.44140625,0.52734375,1,1
266,7,0.328125,0.171875,0.44140625,0.52734375,3,1
266,7,0.4921875,0.16796875,0.5703125,0.515625,1,1
266,7,0.4921875,0.16796875,0.5703125,0.515625,3,1
266,7,0.57421875,0.15234375,0.65234375,0.50390625,1,1
266,7,0.57421875,0.15234375,0.65234375,0.50390625,3,1
266,7,0.65234375,0.15234375,0.74609375,0.55859375,1,1
266,7,0.65234375,0.15234375,0.74609375,0.55859375,3,1
266,7,0.75390625,0.1875,0.8046875,0.4453125,1,1
266,7,0.75390625,0.1875,0.8046875,0.4453125,3,1
267,2,0.23046875,0.1015625,0.3203125,0.265625,2,1
267,2,0.23046875,0.1015625,0.3203125,0.265625,5,1
267,2,0.33203125,0.0703125,0.38671875,0.171875,2,1
267,2,0.33203125,0.0703125,0.38671875,0.171875,5,1
267,2,0.43359375,0.0546875,0.4765625,0.15625,2,1
267,2,0.43359375,0.0546875,0.4765625,0.15625,5,1
267,2,0.359375,0.18359375,0.44921875,0.57421875,1,1
267,2,0.359375,0.18359375,0.44921875,0.57421875,3,1
267,2,0.52734375,0.16796875,0.69140625,0.515625,1,1
267,2,0.52734375,0.16796875,0.69140625,0.515625,3,1
267,2,0.69921875,0.16796875,0.76171875,0.53125,1,1
267,2,0.69921875,0.16796875,0.76171875,0.53125,3,1
267,2,0.62109375,0.05078125,0.68359375,0.140625,2,1
267,2,0.62109375,0.05078125,0.68359375,0.140625,5,1
267,2,0.5078125,0.0546875,0.57421875,0.125,2,1
267,2,0.5078125,0.0546875,0.57421875,0.125,5,1
267,3,0.23046875,0.1171875,0.3125,0.2578125,2,1
267,3,0.23046875,0.1171875,0.3125,0.2578125,5,1
267,3,0.33203125,0.08984375,0.3984375,0.15234375,2,1
267,3,0.33203125,0.08984375,0.3984375,0.15234375,5,1
267,3,0.43359375,0.06640625,0.4765625,0.1484375,2,1
267,3,0.43359375,0.06640625,0.4765625,0.1484375,5,1
267,3,0.51171875,0.05078125,0.5859375,0.1171875,2,1
267,3,0.51171875,0.05078125,0.5859375,0.1171875,5,1
267,3,0.62890625,0.07421875,0.6953125,0.14453125,2,1
267,3,0.62890625,0.07421875,0.6953125,0.14453125,5,1
267,3,0.52734375,0.1640625,0.6875,0.5234375,1,1
267,3,0.52734375,0.1640625,0.6875,0.5234375,3,1
267,3,0.69140625,0.16015625,0.7734375,0.51953125,1,1
267,3,0.69140625,0.16015625,0.7734375,0.51953125,3,1
267,3,0.359375,0.171875,0.44921875,0.5703125,1,1
267,3,0.359375,0.171875,0.44921875,0.5703125,3,1
267,4,0.21484375,0.12109375,0.30078125,0.2578125,2,1
267,4,0.21484375,0.12109375,0.30078125,0.2578125,5,1
267,4,0.3203125,0.08203125,0.40625,0.16015625,2,1
267,4,0.3203125,0.08203125,0.40625,0.16015625,5,1
267,4,0.42578125,0.06640625,0.4765625,0.14453125,2,1
267,4,0.42578125,0.06640625,0.4765625,0.14453125,5,1
267,4,0.36328125,0.1796875,0.453125,0.5859375,1,1
267,4,0.36328125,0.1796875,0.453125,0.5859375,3,1
267,4,0.51171875,0.0546875,0.58984375,0.1171875,2,1
267,4,0.51171875,0.0546875,0.58984375,0.1171875,5,1
267,4,0.63671875,0.05859375,0.6875,0.140625,2,1
267,4,0.63671875,0.05859375,0.6875,0.140625,5,1
267,4,0.69140625,0.16015625,0.7578125,0.52734375,1,1
267,4,0.69140625,0.16015625,0.7578125,0.52734375,3,1
267,4,0.51953125,0.1640625,0.69140625,0.53125,1,1
267,4,0.51953125,0.1640625,0.69140625,0.53125,3,1
267,5,0.23046875,0.125,0.30859375,0.26171875,2,1
267,5,0.23046875,0.125,0.30859375,0.26171875,5,1
267,5,0.33203125,0.08984375,0.40234375,0.16015625,2,1
267,5,0.33203125,0.08984375,0.40234375,0.16015625,5,1
267,5,0.4296875,0.07421875,0.48046875,0.13671875,2,1
267,5,0.4296875,0.07421875,0.48046875,0.13671875,5,1
267,5,0.36328125,0.1640625,0.45703125,0.56640625,1,1
267,5,0.36328125,0.1640625,0.45703125,0.56640625,3,1
267,5,0.5234375,0.16015625,0.703125,0.53125,1,1
267,5,0.5234375,0.16015625,0.703125,0.53125,3,1
267,5,0.70703125,0.203125,0.75390625,0.5234375,1,1
267,5,0.70703125,0.203125,0.75390625,0.5234375,3,1
267,5,0.6171875,0.06640625,0.69140625,0.15234375,2,1
267,5,0.6171875,0.06640625,0.69140625,0.15234375,5,1
267,5,0.51171875,0.05078125,0.5859375,0.1171875,2,1
267,5,0.51171875,0.05078125,0.5859375,0.1171875,5,1
267,6,0.23046875,0.11328125,0.31640625,0.265625,2,1
267,6,0.23046875,0.11328125,0.31640625,0.265625,5,1
267,6,0.32421875,0.09375,0.3984375,0.15625,2,1
267,6,0.32421875,0.09375,0.3984375,0.15625,5,1
267,6,0.421875,0.06640625,0.4765625,0.140625,2,1
267,6,0.421875,0.06640625,0.4765625,0.140625,5,1
267,6,0.3671875,0.1875,0.4609375,0.56640625,1,1
267,6,0.3671875,0.1875,0.4609375,0.56640625,3,1
267,6,0.515625,0.1640625,0.70703125,0.5234375,1,1
267,6,0.515625,0.1640625,0.70703125,0.5234375,3,1
267,6,0.7109375,0.15625,0.765625,0.53125,1,1
267,6,0.7109375,0.15625,0.765625,0.53125,3,1
267,6,0.6171875,0.05078125,0.6953125,0.140625,2,1
267,6,0.6171875,0.05078125,0.6953125,0.140625,5,1
267,6,0.51171875,0.046875,0.58203125,0.1171875,2,1
267,6,0.51171875,0.046875,0.58203125,0.1171875,5,1
267,7,0.234375,0.11328125,0.30859375,0.2578125,2,1
267,7,0.234375,0.11328125,0.30859375,0.2578125,5,1
267,7,0.33203125,0.07421875,0.39453125,0.16015625,2,1
267,7,0.33203125,0.07421875,0.39453125,0.16015625,5,1
267,7,0.42578125,0.0546875,0.484375,0.15625,2,1
267,7,0.42578125,0.0546875,0.484375,0.15625,5,1
267,7,0.359375,0.16796875,0.4609375,0.57421875,1,1
267,7,0.359375,0.16796875,0.4609375,0.57421875,3,1
267,7,0.51953125,0.0625,0.58203125,0.1171875,2,1
267,7,0.51953125,0.0625,0.58203125,0.1171875,5,1
267,7,0.625,0.0625,0.69921875,0.140625,2,1
267,7,0.625,0.0625,0.69921875,0.140625,5,1
267,7,0.52734375,0.15234375,0.703125,0.5234375,1,1
267,7,0.52734375,0.15234375,0.703125,0.5234375,3,1
267,7,0.7109375,0.1875,0.75,0.5234375,1,1
267,7,0.7109375,0.1875,0.75,0.5234375,3,1
268,2,0.02734375,0.17578125,0.1328125,0.359375,1,1
268,2,0.02734375,0.17578125,0.1328125,0.359375,4,1
268,2,0.2265625,0.12109375,0.3046875,0.2734375,2,1
268,2,0.2265625,0.12109375,0.3046875,0.2734375,5,1
268,2,0.33203125,0.078125,0.390625,0.16015625,2,1
268,2,0.33203125,0.078125,0.390625,0.16015625,5,1
268,2,0.53125,0.015625,0.578125,0.14453125,1,1
268,2,0.2109375,0.046875,0.29296875,0.13671875,1,1
268,3,0.19921875,0.05078125,0.28515625,0.13671875,1,1
268,3,0.03125,0.17578125,0.12890625,0.359375,1,1
268,3,0.03125,0.17578125,0.12890625,0.359375,4,1
268,3,0.2265625,0.125,0.3046875,0.2734375,2,1
268,3,0.2265625,0.125,0.3046875,0.2734375,5,1
268,3,0.328125,0.078125,0.38671875,0.15234375,2,1
268,3,0.328125,0.078125,0.38671875,0.15234375,5,1
268,3,0.53125,0.00390625,0.57421875,0.13671875,1,1
268,4,0.01953125,0.17578125,0.12890625,0.359375,1,1
268,4,0.01953125,0.17578125,0.12890625,0.359375,4,1
268,4,0.19140625,0.05078125,0.28125,0.1328125,1,1
268,4,0.2265625,0.12890625,0.30859375,0.2734375,2,1
268,4,0.2265625,0.12890625,0.30859375,0.2734375,5,1
268,4,0.328125,0.08203125,0.3984375,0.15625,2,1
268,4,0.328125,0.08203125,0.3984375,0.15625,5,1
268,4,0.5234375,0.01171875,0.5859375,0.13671875,1,1
268,5,0.0234375,0.17578125,0.1328125,0.36328125,1,1
268,5,0.0234375,0.17578125,0.1328125,0.36328125,4,1
268,5,0.1953125,0.0703125,0.2734375,0.13671875,1,1
268,5,0.23046875,0.125,0.30859375,0.265625,2,1
268,5,0.23046875,0.125,0.30859375,0.265625,5,1
268,5,0.3359375,0.0859375,0.390625,0.15625,2,1
268,5,0.3359375,0.0859375,0.390625,0.15625,5,1
268,5,0.53125,0.01171875,0.5859375,0.13671875,1,1
268,6,0.0234375,0.1796875,0.140625,0.3671875,1,1
268,6,0.0234375,0.1796875,0.140625,0.3671875,4,1
268,6,0.1875,0.0546875,0.27734375,0.140625,1,1
268,6,0.22265625,0.1171875,0.3125,0.265625,2,1
268,6,0.22265625,0.1171875,0.3125,0.265625,5,1
268,6,0.328125,0.08203125,0.40234375,0.171875,2,1
268,6,0.328125,0.08203125,0.40234375,0.171875,5,1
268,6,0.53125,0.01953125,0.5859375,0.12890625,1,1
268,7,0.52734375,0.015625,0.59375,0.1328125,1,1
268,7,0.328125,0.078125,0.39453125,0.15234375,2,1
268,7,0.328125,0.078125,0.39453125,0.15234375,5,1
268,7,0.22265625,0.125,0.30078125,0.265625,2,1
268,7,0.22265625,0.125,0.30078125,0.265625,5,1
268,7,0.1875,0.05078125,0.28125,0.1328125,1,1
268,7,0.0234375,0.18359375,0.13671875,0.3671875,4,1
268,7,0.0234375,0.18359375,0.13671875,0.3671875,1,1
270,2,0.14453125,0.234375,0.21484375,0.5625,1,1
270,2,0.14453125,0.234375,0.21484375,0.5625,3,1
270,2,0.2421875,0.21484375,0.328125,0.5703125,1,1
270,2,0.2421875,0.21484375,0.328125,0.5703125,3,1
270,2,0.234375,0.09375,0.33203125,0.25390625,2,1
270,2,0.234375,0.09375,0.33203125,0.25390625,5,1
270,2,0.17578125,0.046875,0.2734375,0.1640625,1,1
270,2,0.17578125,0.046875,0.2734375,0.1640625,4,1
270,2,0.4296875,0.06640625,0.4765625,0.14453125,2,1
270,2,0.4296875,0.06640625,0.4765625,0.14453125,5,1
270,2,0.3359375,0.08203125,0.38671875,0.1640625,2,1
270,2,0.3359375,0.08203125,0.38671875,0.1640625,5,1
270,2,0.4921875,0.1328125,0.58203125,0.55078125,1,1
270,2,0.4921875,0.1328125,0.58203125,0.55078125,3,1
270,2,0.5234375,0.01953125,0.58984375,0.1328125,1,1
270,2,0.62890625,0.06640625,0.6796875,0.1484375,2,1
270,2,0.62890625,0.06640625,0.6796875,0.1484375,5,1
270,2,0.59765625,0.1640625,0.734375,0.5546875,1,1
270,2,0.59765625,0.1640625,0.734375,0.5546875,3,1
270,2,0.73828125,0.1484375,0.85546875,0.50390625,1,1
270,2,0.73828125,0.1484375,0.85546875,0.50390625,3,1
270,3,0.17578125,0.0546875,0.2734375,0.1796875,1,1
270,3,0.17578125,0.0546875,0.2734375,0.1796875,4,1
270,3,0.140625,0.234375,0.21484375,0.55859375,1,1
270,3,0.140625,0.234375,0.21484375,0.55859375,3,1
270,3,0.24609375,0.21484375,0.328125,0.5703125,1,1
270,3,0.24609375,0.21484375,0.328125,0.5703125,3,1
270,3,0.2265625,0.10546875,0.32421875,0.25,2,1
270,3,0.2265625,0.10546875,0.32421875,0.25,5,1
270,3,0.33203125,0.078125,0.38671875,0.15625,2,1
270,3,0.33203125,0.078125,0.38671875,0.15625,5,1
270,3,0.43359375,0.05859375,0.47265625,0.14453125,2,1
270,3,0.43359375,0.05859375,0.47265625,0.14453125,5,1
270,3,0.52734375,0.015625,0.58984375,0.1328125,1,1
270,3,0.48828125,0.13671875,0.5859375,0.56640625,1,1
270,3,0.48828125,0.13671875,0.5859375,0.56640625,3,1
270,3,0.59765625,0.1484375,0.73046875,0.5546875,1,1
270,3,0.59765625,0.1484375,0.73046875,0.5546875,3,1
270,3,0.734375,0.17578125,0.859375,0.5,1,1
270,3,0.734375,0.17578125,0.859375,0.5,3,1
270,3,0.62109375,0.05078125,0.6796875,0.140625,2,1
270,3,0.62109375,0.05078125,0.6796875,0.140625,5,1
270,4,0.18359375,0.0625,0.27734375,0.16796875,1,1
270,4,0.18359375,0.0625,0.27734375,0.16796875,4,1
270,4,0.14453125,0.234375,0.20703125,0.57421875,1,1
270,4,0.14453125,0.234375,0.20703125,0.57421875,3,1
270,4,0.2421875,0.21875,0.3203125,0.57421875,1,1
270,4,0.2421875,0.21875,0.3203125,0.57421875,3,1
270,4,0.234375,0.1171875,0.328125,0.24609375,2,1
270,4,0.234375,0.1171875,0.328125,0.24609375,5,1
270,4,0.33203125,0.08984375,0.38671875,0.16796875,2,1
270,4,0.33203125,0.08984375,0.38671875,0.16796875,5,1
270,4,0.43359375,0.0703125,0.4765625,0.15625,2,1
270,4,0.43359375,0.0703125,0.4765625,0.15625,5,1
270,4,0.49609375,0.10546875,0.57421875,0.55078125,1,1
270,4,0.49609375,0.10546875,0.57421875,0.55078125,3,1
270,4,0.52734375,0.02734375,0.58984375,0.13671875,1,1
270,4,0.62890625,0.0703125,0.69140625,0.14453125,2,1
270,4,0.62890625,0.0703125,0.69140625,0.14453125,5,1
270,4,0.59765625,0.16015625,0.734375,0.5546875,1,1
270,4,0.59765625,0.16015625,0.734375,0.5546875,3,1
270,4,0.73828125,0.17578125,0.859375,0.51171875,1,1
270,4,0.73828125,0.17578125,0.859375,0.51171875,3,1
270,5,0.140625,0.24609375,0.22265625,0.55078125,1,1
270,5,0.140625,0.24609375,0.22265625,0.55078125,3,1
270,5,0.25,0.21875,0.3359375,0.56640625,1,1
270,5,0.25,0.21875,0.3359375,0.56640625,3,1
270,5,0.2421875,0.11328125,0.33203125,0.22265625,2,1
270,5,0.2421875,0.11328125,0.33203125,0.22265625,5,1
270,5,0.1875,0.0546875,0.2734375,0.171875,1,1
270,5,0.1875,0.0546875,0.2734375,0.171875,4,1
270,5,0.3359375,0.078125,0.38671875,0.1640625,2,1
270,5,0.3359375,0.078125,0.38671875,0.1640625,5,1
270,5,0.43359375,0.0703125,0.47265625,0.14453125,2,1
270,5,0.43359375,0.0703125,0.47265625,0.14453125,5,1
270,5,0.49609375,0.1328125,0.5859375,0.53515625,1,1
270,5,0.49609375,0.1328125,0.5859375,0.53515625,3,1
270,5,0.6015625,0.16796875,0.73046875,0.54296875,1,1
270,5,0.6015625,0.16796875,0.73046875,0.54296875,3,1
270,5,0.7421875,0.1640625,0.86328125,0.50390625,1,1
270,5,0.7421875,0.1640625,0.86328125,0.50390625,3,1
270,5,0.63671875,0.06640625,0.6875,0.15625,2,1
270,5,0.63671875,0.06640625,0.6875,0.15625,5,1
270,5,0.52734375,0.01953125,0.58984375,0.125,1,1
270,6,0.14453125,0.234375,0.23046875,0.55859375,1,1
270,6,0.14453125,0.234375,0.23046875,0.55859375,3,1
270,6,0.18359375,0.05859375,0.2734375,0.1640625,1,1
270,6,0.18359375,0.05859375,0.2734375,0.1640625,4,1
270,6,0.24609375,0.22265625,0.328125,0.55859375,1,1
270,6,0.24609375,0.22265625,0.328125,0.55859375,3,1
270,6,0.2421875,0.1171875,0.328125,0.2265625,2,1
270,6,0.2421875,0.1171875,0.328125,0.2265625,5,1
270,6,0.33203125,0.078125,0.38671875,0.15625,2,1
270,6,0.33203125,0.078125,0.38671875,0.15625,5,1
270,6,0.4296875,0.0703125,0.47265625,0.1484375,2,1
270,6,0.4296875,0.0703125,0.47265625,0.1484375,5,1
270,6,0.5,0.13671875,0.59375,0.54296875,1,1
270,6,0.5,0.13671875,0.59375,0.54296875,3,1
270,6,0.59765625,0.1640625,0.72265625,0.5546875,1,1
270,6,0.59765625,0.1640625,0.72265625,0.5546875,3,1
270,6,0.734375,0.171875,0.85546875,0.50390625,1,1
270,6,0.734375,0.171875,0.85546875,0.50390625,3,1
270,6,0.62890625,0.06640625,0.68359375,0.1640625,2,1
270,6,0.62890625,0.06640625,0.68359375,0.1640625,5,1
270,6,0.5234375,0.01953125,0.59765625,0.125,1,1
270,7,0.18359375,0.0625,0.2734375,0.16796875,1,1
270,7,0.18359375,0.0625,0.2734375,0.16796875,4,1
270,7,0.14453125,0.2421875,0.234375,0.55859375,1,1
270,7,0.14453125,0.2421875,0.234375,0.55859375,3,1
270,7,0.25390625,0.2109375,0.32421875,0.55859375,1,1
270,7,0.25390625,0.2109375,0.32421875,0.55859375,3,1
270,7,0.23828125,0.109375,0.328125,0.2265625,2,1
270,7,0.23828125,0.109375,0.328125,0.2265625,5,1
270,7,0.3359375,0.078125,0.390625,0.16015625,2,1
270,7,0.3359375,0.078125,0.390625,0.16015625,5,1
270,7,0.43359375,0.078125,0.4765625,0.14453125,2,1
270,7,0.43359375,0.078125,0.4765625,0.14453125,5,1
270,7,0.5,0.140625,0.59375,0.54296875,1,1
270,7,0.5,0.140625,0.59375,0.54296875,3,1
270,7,0.5234375,0.01171875,0.5859375,0.12890625,1,1
270,7,0.6015625,0.15625,0.7421875,0.5390625,1,1
270,7,0.6015625,0.15625,0.7421875,0.5390625,3,1
270,7,0.74609375,0.17578125,0.859375,0.50390625,1,1
270,7,0.74609375,0.17578125,0.859375,0.50390625,3,1
270,7,0.6328125,0.0703125,0.6875,0.15234375,2,1
270,7,0.6328125,0.0703125,0.6875,0.15234375,5,1
271,2,0.69140625,0.05078125,0.79296875,0.16015625,1,1
271,2,0.83984375,0.078125,0.890625,0.1796875,1,1
271,2,0.89453125,0.0703125,0.93359375,0.14453125,1,1
271,3,0.7109375,0.05078125,0.7734375,0.13671875,1,1
271,3,0.83984375,0.0703125,0.8828125,0.15625,1,1
271,3,0.890625,0.0703125,0.9375,0.15234375,1,1
271,4,0.703125,0.0390625,0.77734375,0.140625,1,1
271,4,0.83984375,0.0703125,0.8828125,0.16796875,1,1
271,4,0.890625,0.078125,0.93359375,0.1484375,1,1
271,5,0.70703125,0.04296875,0.78125,0.13671875,1,1
271,5,0.8359375,0.0546875,0.8828125,0.17578125,1,1
271,5,0.890625,0.07421875,0.9375,0.14453125,1,1
271,6,0.69921875,0.04296875,0.77734375,0.15234375,1,1
271,6,0.83984375,0.07421875,0.88671875,0.18359375,1,1
271,6,0.890625,0.078125,0.93359375,0.16015625,1,1
271,7,0.703125,0.04296875,0.78515625,0.1484375,1,1
271,7,0.8359375,0.0546875,0.88671875,0.1640625,1,1
271,7,0.890625,0.08203125,0.93359375,0.1484375,1,1
272,2,0.3359375,0.078125,0.38671875,0.15625,2,1
272,2,0.3359375,0.078125,0.38671875,0.15625,5,1
272,2,0.0546875,0.1328125,0.15625,0.25,1,1
272,2,0.0546875,0.1328125,0.15625,0.25,4,1
272,2,0.08203125,0.26171875,0.13671875,0.57421875,1,1
272,2,0.08203125,0.26171875,0.13671875,0.57421875,3,1
272,2,0.140625,0.21484375,0.1796875,0.54296875,1,1
272,2,0.140625,0.21484375,0.1796875,0.54296875,3,1
272,2,0.18359375,0.19921875,0.28125,0.4921875,1,1
272,2,0.18359375,0.19921875,0.28125,0.4921875,3,1
272,2,0.30078125,0.18359375,0.35546875,0.5,1,1
272,2,0.30078125,0.18359375,0.35546875,0.5,3,1
272,2,0.3671875,0.171875,0.46875,0.53515625,1,1
272,2,0.3671875,0.171875,0.46875,0.53515625,3,1
272,2,0.55078125,0.18359375,0.71875,0.53125,1,1
272,2,0.55078125,0.18359375,0.71875,0.53125,3,1
272,2,0.72265625,0.21875,0.81640625,0.51171875,1,1
272,2,0.72265625,0.21875,0.81640625,0.51171875,3,1
272,2,0.80078125,0.1796875,0.90234375,0.42578125,1,1
272,2,0.80078125,0.1796875,0.90234375,0.42578125,3,1
272,2,0.55078125,0.09375,0.72265625,0.18359375,1,1
272,2,0.90625,0.234375,0.98046875,0.48046875,1,1
272,2,0.90625,0.234375,0.98046875,0.48046875,3,1
272,3,0.0546875,0.1328125,0.15234375,0.2421875,1,1
272,3,0.0546875,0.1328125,0.15234375,0.2421875,4,1
272,3,0.08984375,0.2578125,0.1328125,0.54296875,1,1
272,3,0.08984375,0.2578125,0.1328125,0.54296875,3,1
272,3,0.13671875,0.21875,0.18359375,0.54296875,1,1
272,3,0.13671875,0.21875,0.18359375,0.54296875,3,1
272,3,0.18359375,0.1953125,0.2890625,0.48828125,1,1
272,3,0.18359375,0.1953125,0.2890625,0.48828125,3,1
272,3,0.30078125,0.17578125,0.35546875,0.50390625,1,1
272,3,0.30078125,0.17578125,0.35546875,0.50390625,3,1
272,3,0.37109375,0.17578125,0.46875,0.5546875,1,1
272,3,0.37109375,0.17578125,0.46875,0.5546875,3,1
272,3,0.53515625,0.17578125,0.71875,0.52734375,1,1
272,3,0.53515625,0.17578125,0.71875,0.52734375,3,1
272,3,0.72265625,0.2265625,0.80859375,0.50390625,1,1
272,3,0.72265625,0.2265625,0.80859375,0.50390625,3,1
272,3,0.7890625,0.1875,0.90625,0.42578125,1,1
272,3,0.7890625,0.1875,0.90625,0.42578125,3,1
272,3,0.90625,0.2265625,0.98046875,0.4609375,1,1
272,3,0.90625,0.2265625,0.98046875,0.4609375,3,1
272,3,0.55859375,0.0859375,0.73046875,0.1796875,1,1
272,3,0.3359375,0.1015625,0.39453125,0.15625,2,1
272,3,0.3359375,0.1015625,0.39453125,0.15625,5,1
272,4,0.0546875,0.1328125,0.15625,0.23828125,1,1
272,4,0.0546875,0.1328125,0.15625,0.23828125,4,1
272,4,0.07421875,0.2734375,0.140625,0.5703125,1,1
272,4,0.07421875,0.2734375,0.140625,0.5703125,3,1
272,4,0.13671875,0.21875,0.1953125,0.546875,1,1
272,4,0.13671875,0.21875,0.1953125,0.546875,3,1
272,4,0.1953125,0.1875,0.29296875,0.48828125,1,1
272,4,0.1953125,0.1875,0.29296875,0.48828125,3,1
272,4,0.30078125,0.17578125,0.35546875,0.50390625,1,1
272,4,0.30078125,0.17578125,0.35546875,0.50390625,3,1
272,4,0.37890625,0.1640625,0.46484375,0.546875,1,1
272,4,0.37890625,0.1640625,0.46484375,0.546875,3,1
272,4,0.34375,0.08984375,0.390625,0.1640625,2,1
272,4,0.34375,0.08984375,0.390625,0.1640625,5,1
272,4,0.5390625,0.18359375,0.72265625,0.53125,1,1
272,4,0.5390625,0.18359375,0.72265625,0.53125,3,1
272,4,0.7265625,0.2265625,0.80859375,0.5078125,1,1
272,4,0.7265625,0.2265625,0.80859375,0.5078125,3,1
272,4,0.80859375,0.21875,0.90625,0.4453125,1,1
272,4,0.80859375,0.21875,0.90625,0.4453125,3,1
272,4,0.90625,0.2421875,0.984375,0.453125,1,1
272,4,0.90625,0.2421875,0.984375,0.453125,3,1
272,4,0.55078125,0.1015625,0.72265625,0.18359375,1,1
272,5,0.0546875,0.14453125,0.15234375,0.24609375,1,1
272,5,0.0546875,0.14453125,0.15234375,0.24609375,4,1
272,5,0.09375,0.265625,0.1328125,0.57421875,1,1
272,5,0.09375,0.265625,0.1328125,0.57421875,3,1
272,5,0.13671875,0.23046875,0.19140625,0.54296875,1,1
272,5,0.13671875,0.23046875,0.19140625,0.54296875,3,1
272,5,0.1953125,0.1875,0.2890625,0.48828125,1,1
272,5,0.1953125,0.1875,0.2890625,0.48828125,3,1
272,5,0.3046875,0.1796875,0.36328125,0.5234375,1,1
272,5,0.3046875,0.1796875,0.36328125,0.5234375,3,1
272,5,0.37109375,0.1640625,0.46484375,0.546875,1,1
272,5,0.37109375,0.1640625,0.46484375,0.546875,3,1
272,5,0.3359375,0.08203125,0.390625,0.15234375,2,1
272,5,0.3359375,0.08203125,0.390625,0.15234375,5,1
272,5,0.5390625,0.203125,0.72265625,0.51953125,1,1
272,5,0.5390625,0.203125,0.72265625,0.51953125,3,1
272,5,0.7265625,0.2421875,0.8046875,0.5234375,1,1
272,5,0.7265625,0.2421875,0.8046875,0.5234375,3,1
272,5,0.7734375,0.18359375,0.90234375,0.421875,1,1
272,5,0.7734375,0.18359375,0.90234375,0.421875,3,1
272,5,0.90625,0.20703125,0.9921875,0.4375,1,1
272,5,0.90625,0.20703125,0.9921875,0.4375,3,1
272,5,0.55859375,0.0859375,0.71875,0.1953125,1,1
272,6,0.0546875,0.13671875,0.16015625,0.25,1,1
272,6,0.0546875,0.13671875,0.16015625,0.25,4,1
272,6,0.3359375,0.078125,0.3984375,0.15234375,2,1
272,6,0.3359375,0.078125,0.3984375,0.15234375,5,1
272,6,0.375,0.1796875,0.46875,0.5390625,1,1
272,6,0.375,0.1796875,0.46875,0.5390625,3,1
272,6,0.296875,0.18359375,0.37109375,0.51171875,1,1
272,6,0.296875,0.18359375,0.37109375,0.51171875,3,1
272,6,0.203125,0.19921875,0.2890625,0.484375,1,1
272,6,0.203125,0.19921875,0.2890625,0.484375,3,1
272,6,0.14453125,0.23046875,0.1953125,0.5390625,1,1
272,6,0.14453125,0.23046875,0.1953125,0.5390625,3,1
272,6,0.0859375,0.265625,0.13671875,0.5703125,1,1
272,6,0.0859375,0.265625,0.13671875,0.5703125,3,1
272,6,0.5390625,0.1953125,0.7265625,0.51171875,1,1
272,6,0.5390625,0.1953125,0.7265625,0.51171875,3,1
272,6,0.73046875,0.25,0.8046875,0.51171875,1,1
272,6,0.73046875,0.25,0.8046875,0.51171875,3,1
272,6,0.77734375,0.18359375,0.8984375,0.42578125,1,1
272,6,0.77734375,0.18359375,0.8984375,0.42578125,3,1
272,6,0.90234375,0.203125,0.9765625,0.453125,1,1
272,6,0.90234375,0.203125,0.9765625,0.453125,3,1
272,6,0.55078125,0.0859375,0.73046875,0.203125,1,1
272,7,0.0546875,0.13671875,0.16015625,0.2421875,1,1
272,7,0.0546875,0.13671875,0.16015625,0.2421875,4,1
272,7,0.08203125,0.26171875,0.13671875,0.58203125,1,1
272,7,0.08203125,0.26171875,0.13671875,0.58203125,3,1
272,7,0.140625,0.23046875,0.19921875,0.55859375,1,1
272,7,0.140625,0.23046875,0.19921875,0.55859375,3,1
272,7,0.19921875,0.203125,0.2890625,0.48828125,1,1
272,7,0.19921875,0.203125,0.2890625,0.48828125,3,1
272,7,0.30078125,0.16796875,0.36328125,0.50390625,1,1
272,7,0.30078125,0.16796875,0.36328125,0.50390625,3,1
272,7,0.375,0.171875,0.47265625,0.5390625,1,1
272,7,0.375,0.171875,0.47265625,0.5390625,3,1
272,7,0.33203125,0.078125,0.3828125,0.15625,2,1
272,7,0.33203125,0.078125,0.3828125,0.15625,5,1
272,7,0.5390625,0.1875,0.7265625,0.51953125,1,1
272,7,0.5390625,0.1875,0.7265625,0.51953125,3,1
272,7,0.7265625,0.21484375,0.8046875,0.515625,1,1
272,7,0.7265625,0.21484375,0.8046875,0.515625,3,1
272,7,0.765625,0.1875,0.90625,0.41796875,1,1
272,7,0.765625,0.1875,0.90625,0.41796875,3,1
272,7,0.90625,0.21875,0.98046875,0.4609375,1,1
272,7,0.90625,0.21875,0.98046875,0.4609375,3,1
272,7,0.546875,0.078125,0.73046875,0.19921875,1,1
273,2,0.4921875,0.17578125,0.5859375,0.5234375,1,1
273,2,0.4921875,0.17578125,0.5859375,0.5234375,3,1
273,2,0.33984375,0.1015625,0.421875,0.23828125,2,1
273,2,0.33984375,0.1015625,0.421875,0.23828125,5,1
273,2,0.23046875,0.109375,0.31640625,0.2578125,2,1
273,2,0.23046875,0.109375,0.31640625,0.2578125,5,1
273,2,0.29296875,0.03515625,0.37890625,0.10546875,1,1
273,2,0.0859375,0.21875,0.21484375,0.55859375,1,1
273,2,0.0859375,0.21875,0.21484375,0.55859375,3,1
273,2,0.1171875,0.125,0.203125,0.26953125,1,1
273,2,0.1171875,0.125,0.203125,0.26953125,4,1
273,2,0.58203125,0.015625,0.63671875,0.125,1,1
273,2,0.54296875,0.07421875,0.58203125,0.13671875,2,1
273,2,0.54296875,0.07421875,0.58203125,0.13671875,5,1
273,2,0.63671875,0.0234375,0.6796875,0.125,1,1
273,2,0.81640625,0.26171875,0.96484375,0.421875,1,1
273,2,0.8359375,0.140625,0.90234375,0.26171875,2,1
273,2,0.8359375,0.140625,0.90234375,0.26171875,5,1
273,3,0.82421875,0.23828125,0.96875,0.453125,1,1
273,3,0.6328125,0.01953125,0.68359375,0.125,1,1
273,3,0.5859375,0.01953125,0.62890625,0.1171875,1,1
273,3,0.55078125,0.07421875,0.58203125,0.1328125,2,1
273,3,0.55078125,0.07421875,0.58203125,0.1328125,5,1
273,3,0.4921875,0.17578125,0.578125,0.5625,1,1
273,3,0.4921875,0.17578125,0.578125,0.5625,3,1
273,3,0.35546875,0.08984375,0.421875,0.23828125,2,1
273,3,0.35546875,0.08984375,0.421875,0.23828125,5,1
273,3,0.23828125,0.1171875,0.31640625,0.26171875,2,1
273,3,0.23828125,0.1171875,0.31640625,0.26171875,5,1
273,3,0.078125,0.22265625,0.2109375,0.56640625,1,1
273,3,0.078125,0.22265625,0.2109375,0.56640625,3,1
273,3,0.12109375,0.1171875,0.20703125,0.26171875,1,1
273,3,0.12109375,0.1171875,0.20703125,0.26171875,4,1
273,3,0.2890625,0.01953125,0.390625,0.09375,1,1
273,3,0.83203125,0.14453125,0.90234375,0.25390625,2,1
273,3,0.83203125,0.14453125,0.90234375,0.25390625,5,1
273,4,0.29296875,0.0234375,0.3828125,0.10546875,1,1
273,4,0.234375,0.109375,0.30859375,0.26171875,2,1
273,4,0.234375,0.109375,0.30859375,0.26171875,5,1
273,4,0.34765625,0.09765625,0.40625,0.23828125,2,1
273,4,0.34765625,0.09765625,0.40625,0.23828125,5,1
273,4,0.12109375,0.11328125,0.203125,0.25390625,1,1
273,4,0.12109375,0.11328125,0.203125,0.25390625,4,1
273,4,0.08203125,0.234375,0.21484375,0.546875,1,1
273,4,0.08203125,0.234375,0.21484375,0.546875,3,1
273,4,0.4921875,0.17578125,0.59765625,0.53125,1,1
273,4,0.4921875,0.17578125,0.59765625,0.53125,3,1
273,4,0.5390625,0.05859375,0.58984375,0.140625,2,1
273,4,0.5390625,0.05859375,0.58984375,0.140625,5,1
273,4,0.58203125,0.01171875,0.63671875,0.1171875,1,1
273,4,0.63671875,0.0078125,0.67578125,0.09375,1,1
273,4,0.80859375,0.234375,0.95703125,0.453125,1,1
273,4,0.82421875,0.125,0.90234375,0.25,2,1
273,4,0.82421875,0.125,0.90234375,0.25,5,1
273,5,0.09375,0.21484375,0.21484375,0.5625,1,1
273,5,0.09375,0.21484375,0.21484375,0.5625,3,1
273,5,0.12109375,0.1171875,0.20703125,0.265625,1,1
273,5,0.12109375,0.1171875,0.20703125,0.265625,4,1
273,5,0.23046875,0.109375,0.3125,0.25,2,1
273,5,0.23046875,0.109375,0.3125,0.25,5,1
273,5,0.3515625,0.08984375,0.4140625,0.25390625,2,1
273,5,0.3515625,0.08984375,0.4140625,0.25390625,5,1
273,5,0.296875,0.03515625,0.3828125,0.08203125,1,1
273,5,0.484375,0.1796875,0.57421875,0.55859375,1,1
273,5,0.484375,0.1796875,0.57421875,0.55859375,3,1
273,5,0.53515625,0.0625,0.5859375,0.140625,2,1
273,5,0.53515625,0.0625,0.5859375,0.140625,5,1
273,5,0.5859375,0.01171875,0.6328125,0.1171875,1,1
273,5,0.640625,0.0078125,0.67578125,0.140625,1,1
273,5,0.8203125,0.234375,0.9609375,0.44921875,1,1
273,5,0.8359375,0.1484375,0.90234375,0.2578125,2,1
273,5,0.8359375,0.1484375,0.90234375,0.2578125,5,1
273,6,0.8203125,0.2265625,0.96875,0.4296875,1,1
273,6,0.4921875,0.15625,0.5859375,0.5546875,1,1
273,6,0.4921875,0.15625,0.5859375,0.5546875,3,1
273,6,0.35546875,0.09765625,0.421875,0.2421875,2,1
273,6,0.35546875,0.09765625,0.421875,0.2421875,5,1
273,6,0.2421875,0.109375,0.30859375,0.25390625,2,1
273,6,0.2421875,0.109375,0.30859375,0.25390625,5,1
273,6,0.0859375,0.2109375,0.2109375,0.5546875,1,1
273,6,0.0859375,0.2109375,0.2109375,0.5546875,3,1
273,6,0.109375,0.11328125,0.20703125,0.265625,1,1
273,6,0.109375,0.11328125,0.20703125,0.265625,4,1
273,6,0.296875,0.02734375,0.375,0.1015625,1,1
273,6,0.5390625,0.0625,0.58203125,0.13671875,2,1
273,6,0.5390625,0.0625,0.58203125,0.13671875,5,1
273,6,0.58203125,0.0078125,0.6328125,0.109375,1,1
273,6,0.6328125,0.01171875,0.6796875,0.1328125,1,1
273,6,0.83203125,0.13671875,0.90625,0.25390625,2,1
273,6,0.83203125,0.13671875,0.90625,0.25390625,5,1
273,7,0.5,0.171875,0.59375,0.5546875,1,1
273,7,0.5,0.171875,0.59375,0.5546875,3,1
273,7,0.359375,0.0859375,0.4296875,0.23828125,2,1
273,7,0.359375,0.0859375,0.4296875,0.23828125,5,1
273,7,0.23828125,0.12109375,0.3125,0.26171875,2,1
273,7,0.23828125,0.12109375,0.3125,0.26171875,5,1
273,7,0.08984375,0.21875,0.22265625,0.5546875,1,1
273,7,0.08984375,0.21875,0.22265625,0.5546875,3,1
273,7,0.11328125,0.12109375,0.203125,0.25390625,1,1
273,7,0.11328125,0.12109375,0.203125,0.25390625,4,1
273,7,0.296875,0.0234375,0.375,0.10546875,1,1
273,7,0.546875,0.07421875,0.58984375,0.15625,2,1
273,7,0.546875,0.07421875,0.58984375,0.15625,5,1
273,7,0.5859375,0.015625,0.6328125,0.12890625,1,1
273,7,0.640625,0.01171875,0.67578125,0.15234375,1,1
273,7,0.8125,0.234375,0.953125,0.4453125,1,1
273,7,0.82421875,0.13671875,0.890625,0.2421875,2,1
273,7,0.82421875,0.13671875,0.890625,0.2421875,5,1
274,2,0.28125,0.19140625,0.37109375,0.55078125,1,1
274,2,0.28125,0.19140625,0.37109375,0.55078125,3,1
274,2,0.3828125,0.1328125,0.46484375,0.4140625,1,1
274,2,0.05078125,0.29296875,0.1484375,0.58203125,1,1
274,2,0.05078125,0.29296875,0.1484375,0.58203125,3,1
274,2,0.49609375,0.1640625,0.5859375,0.52734375,1,1
274,2,0.49609375,0.1640625,0.5859375,0.52734375,3,1
274,2,0.6953125,0.17578125,0.84765625,0.5234375,1,1
274,2,0.6953125,0.17578125,0.84765625,0.5234375,3,1
274,2,0.85546875,0.1953125,0.98046875,0.5234375,1,1
274,2,0.85546875,0.1953125,0.98046875,0.5234375,3,1
274,2,0.74609375,0.0625,0.83984375,0.234375,1,1
274,3,0.0546875,0.27734375,0.14453125,0.578125,1,1
274,3,0.0546875,0.27734375,0.14453125,0.578125,3,1
274,3,0.28125,0.1796875,0.36328125,0.546875,1,1
274,3,0.28125,0.1796875,0.36328125,0.546875,3,1
274,3,0.3828125,0.1171875,0.44921875,0.41015625,1,1
274,3,0.5,0.15234375,0.578125,0.52734375,1,1
274,3,0.5,0.15234375,0.578125,0.52734375,3,1
274,3,0.7109375,0.1875,0.83984375,0.5234375,1,1
274,3,0.7109375,0.1875,0.83984375,0.5234375,3,1
274,3,0.859375,0.19921875,0.9765625,0.53515625,1,1
274,3,0.859375,0.19921875,0.9765625,0.53515625,3,1
274,3,0.7421875,0.0546875,0.84375,0.25,1,1
274,4,0.05078125,0.28125,0.12890625,0.57421875,1,1
274,4,0.05078125,0.28125,0.12890625,0.57421875,3,1
274,4,0.28515625,0.19921875,0.375,0.55859375,1,1
274,4,0.28515625,0.19921875,0.375,0.55859375,3,1
274,4,0.37890625,0.13671875,0.4609375,0.40625,1,1
274,4,0.4921875,0.1484375,0.56640625,0.54296875,1,1
274,4,0.4921875,0.1484375,0.56640625,0.54296875,3,1
274,4,0.703125,0.16796875,0.8515625,0.53125,1,1
274,4,0.703125,0.16796875,0.8515625,0.53125,3,1
274,4,0.859375,0.19921875,0.98828125,0.5078125,1,1
274,4,0.859375,0.19921875,0.98828125,0.5078125,3,1
274,4,0.74609375,0.0625,0.84765625,0.25,1,1
274,5,0.27734375,0.18359375,0.36328125,0.5625,1,1
274,5,0.27734375,0.18359375,0.36328125,0.5625,3,1
274,5,0.0625,0.2734375,0.140625,0.58203125,1,1
274,5,0.0625,0.2734375,0.140625,0.58203125,3,1
274,5,0.37890625,0.140625,0.46484375,0.40625,1,1
274,5,0.4921875,0.15234375,0.578125,0.53515625,1,1
274,5,0.4921875,0.15234375,0.578125,0.53515625,3,1
274,5,0.703125,0.171875,0.84765625,0.53515625,1,1
274,5,0.703125,0.171875,0.84765625,0.53515625,3,1
274,5,0.85546875,0.19140625,0.9921875,0.48828125,1,1
274,5,0.85546875,0.19140625,0.9921875,0.48828125,3,1
274,5,0.75,0.0546875,0.8515625,0.23828125,1,1
274,6,0.05859375,0.28125,0.1328125,0.58984375,1,1
274,6,0.05859375,0.28125,0.1328125,0.58984375,3,1
274,6,0.28125,0.19921875,0.359375,0.5703125,1,1
274,6,0.28125,0.19921875,0.359375,0.5703125,3,1
274,6,0.37890625,0.14453125,0.46875,0.421875,1,1
274,6,0.49609375,0.1484375,0.578125,0.55078125,1,1
274,6,0.49609375,0.1484375,0.578125,0.55078125,3,1
274,6,0.703125,0.1953125,0.84375,0.5234375,1,1
274,6,0.703125,0.1953125,0.84375,0.5234375,3,1
274,6,0.8515625,0.203125,0.98828125,0.46875,1,1
274,6,0.8515625,0.203125,0.98828125,0.46875,3,1
274,6,0.7421875,0.05078125,0.84375,0.234375,1,1
274,7,0.05078125,0.28125,0.140625,0.58203125,1,1
274,7,0.05078125,0.28125,0.140625,0.58203125,3,1
274,7,0.2890625,0.1875,0.37109375,0.54296875,1,1
274,7,0.2890625,0.1875,0.37109375,0.54296875,3,1
274,7,0.38671875,0.140625,0.46875,0.44140625,1,1
274,7,0.4921875,0.1484375,0.58203125,0.546875,1,1
274,7,0.4921875,0.1484375,0.58203125,0.546875,3,1
274,7,0.7109375,0.1875,0.83984375,0.52734375,1,1
274,7,0.7109375,0.1875,0.83984375,0.52734375,3,1
274,7,0.8515625,0.20703125,0.9921875,0.45703125,1,1
274,7,0.8515625,0.20703125,0.9921875,0.45703125,3,1
274,7,0.73828125,0.0625,0.83984375,0.20703125,1,1
275,2,0.1015625,0.0859375,0.1875,0.1953125,1,1
275,2,0.1015625,0.0859375,0.1875,0.1953125,4,1
275,2,0.015625,0.3203125,0.09375,0.51953125,1,1
275,2,0.015625,0.3203125,0.09375,0.51953125,3,1
275,2,0.140625,0.2421875,0.20703125,0.53125,1,1
275,2,0.140625,0.2421875,0.20703125,0.53125,3,1
275,2,0.25,0.2109375,0.3203125,0.578125,1,1
275,2,0.25,0.2109375,0.3203125,0.578125,3,1
275,2,0.34375,0.12890625,0.4296875,0.54296875,1,1
275,2,0.34375,0.12890625,0.4296875,0.54296875,3,1
275,2,0.44140625,0.1640625,0.61328125,0.4609375,1,1
275,2,0.44140625,0.1640625,0.61328125,0.4609375,3,1
275,2,0.609375,0.2109375,0.69921875,0.53515625,1,1
275,2,0.609375,0.2109375,0.69921875,0.53515625,3,1
275,2,0.69921875,0.20703125,0.80859375,0.5234375,1,1
275,2,0.69921875,0.20703125,0.80859375,0.5234375,3,1
275,2,0.8125,0.203125,0.921875,0.50390625,1,1
275,2,0.8125,0.203125,0.921875,0.50390625,3,1
275,2,0.92578125,0.23828125,0.96875,0.51171875,1,1
275,2,0.92578125,0.23828125,0.96875,0.51171875,3,1
275,3,0.1015625,0.08984375,0.1796875,0.20703125,1,1
275,3,0.1015625,0.08984375,0.1796875,0.20703125,4,1
275,3,0.01953125,0.30859375,0.09765625,0.5234375,1,1
275,3,0.01953125,0.30859375,0.09765625,0.5234375,3,1
275,3,0.1171875,0.23828125,0.203125,0.50390625,1,1
275,3,0.1171875,0.23828125,0.203125,0.50390625,3,1
275,3,0.2421875,0.21484375,0.33203125,0.58203125,1,1
275,3,0.2421875,0.21484375,0.33203125,0.58203125,3,1
275,3,0.34375,0.13671875,0.42578125,0.55859375,1,1
275,3,0.34375,0.13671875,0.42578125,0.55859375,3,1
275,3,0.43359375,0.16796875,0.61328125,0.4453125,1,1
275,3,0.43359375,0.16796875,0.61328125,0.4453125,3,1
275,3,0.6171875,0.203125,0.703125,0.5390625,1,1
275,3,0.6171875,0.203125,0.703125,0.5390625,3,1
275,3,0.6953125,0.15625,0.81640625,0.5234375,1,1
275,3,0.6953125,0.15625,0.81640625,0.5234375,3,1
275,3,0.8203125,0.21484375,0.91796875,0.515625,1,1
275,3,0.8203125,0.21484375,0.91796875,0.515625,3,1
275,3,0.921875,0.265625,0.9765625,0.51953125,1,1
275,3,0.921875,0.265625,0.9765625,0.51953125,3,1
275,4,0.09375,0.08984375,0.18359375,0.21484375,1,1
275,4,0.09375,0.08984375,0.18359375,0.21484375,4,1
275,4,0.015625,0.30859375,0.109375,0.53515625,1,1
275,4,0.015625,0.30859375,0.109375,0.53515625,3,1
275,4,0.109375,0.23046875,0.20703125,0.4921875,1,1
275,4,0.109375,0.23046875,0.20703125,0.4921875,3,1
275,4,0.24609375,0.1953125,0.30859375,0.58203125,1,1
275,4,0.24609375,0.1953125,0.30859375,0.58203125,3,1
275,4,0.3515625,0.13671875,0.4296875,0.5625,1,1
275,4,0.3515625,0.13671875,0.4296875,0.5625,3,1
275,4,0.4375,0.16796875,0.6171875,0.453125,1,1
275,4,0.4375,0.16796875,0.6171875,0.453125,3,1
275,4,0.61328125,0.1796875,0.70703125,0.5390625,1,1
275,4,0.61328125,0.1796875,0.70703125,0.5390625,3,1
275,4,0.71484375,0.20703125,0.828125,0.53125,1,1
275,4,0.71484375,0.20703125,0.828125,0.53125,3,1
275,4,0.828125,0.21875,0.9296875,0.5234375,1,1
275,4,0.828125,0.21875,0.9296875,0.5234375,3,1
275,4,0.9375,0.25390625,0.96484375,0.51953125,1,1
275,4,0.9375,0.25390625,0.96484375,0.51953125,3,1
275,5,0.1015625,0.08984375,0.18359375,0.203125,1,1
275,5,0.1015625,0.08984375,0.18359375,0.203125,4,1
275,5,0.015625,0.3046875,0.10546875,0.5390625,1,1
275,5,0.015625,0.3046875,0.10546875,0.5390625,3,1
275,5,0.109375,0.234375,0.203125,0.50390625,1,1
275,5,0.109375,0.234375,0.203125,0.50390625,3,1
275,5,0.25,0.1953125,0.31640625,0.59765625,1,1
275,5,0.25,0.1953125,0.31640625,0.59765625,3,1
275,5,0.34765625,0.13671875,0.4375,0.5625,1,1
275,5,0.34765625,0.13671875,0.4375,0.5625,3,1
275,5,0.4453125,0.16796875,0.60546875,0.48046875,1,1
275,5,0.4453125,0.16796875,0.60546875,0.48046875,3,1
275,5,0.609375,0.20703125,0.70703125,0.53515625,1,1
275,5,0.609375,0.20703125,0.70703125,0.53515625,3,1
275,5,0.6953125,0.171875,0.8046875,0.51953125,1,1
275,5,0.6953125,0.171875,0.8046875,0.51953125,3,1
275,5,0.8125,0.18359375,0.9140625,0.51171875,1,1
275,5,0.8125,0.18359375,0.9140625,0.51171875,3,1
275,5,0.9296875,0.24609375,0.96875,0.51953125,1,1
275,5,0.9296875,0.24609375,0.96875,0.51953125,3,1
275,6,0.1015625,0.08984375,0.1875,0.19921875,1,1
275,6,0.1015625,0.08984375,0.1875,0.19921875,4,1
275,6,0.015625,0.296875,0.10546875,0.52734375,1,1
275,6,0.015625,0.296875,0.10546875,0.52734375,3,1
275,6,0.11328125,0.2265625,0.203125,0.49609375,1,1
275,6,0.11328125,0.2265625,0.203125,0.49609375,3,1
275,6,0.2421875,0.2109375,0.33203125,0.58203125,1,1
275,6,0.2421875,0.2109375,0.33203125,0.58203125,3,1
275,6,0.34765625,0.12890625,0.4296875,0.54296875,1,1
275,6,0.34765625,0.12890625,0.4296875,0.54296875,3,1
275,6,0.43359375,0.17578125,0.58203125,0.5234375,1,1
275,6,0.43359375,0.17578125,0.58203125,0.5234375,3,1
275,6,0.59375,0.18359375,0.70703125,0.52734375,1,1
275,6,0.59375,0.18359375,0.70703125,0.52734375,3,1
275,6,0.7109375,0.2265625,0.8125,0.52734375,1,1
275,6,0.7109375,0.2265625,0.8125,0.52734375,3,1
275,6,0.8203125,0.20703125,0.921875,0.51171875,1,1
275,6,0.8203125,0.20703125,0.921875,0.51171875,3,1
275,6,0.93359375,0.2421875,0.96875,0.515625,1,1
275,6,0.93359375,0.2421875,0.96875,0.515625,3,1
275,7,0.09765625,0.09765625,0.1875,0.203125,1,1
275,7,0.015625,0.3125,0.1015625,0.515625,1,1
275,7,0.015625,0.3125,0.1015625,0.515625,3,1
275,7,0.11328125,0.21484375,0.21484375,0.49609375,1,1
275,7,0.11328125,0.21484375,0.21484375,0.49609375,3,1
275,7,0.2421875,0.20703125,0.31640625,0.5859375,1,1
275,7,0.2421875,0.20703125,0.31640625,0.5859375,3,1
275,7,0.33984375,0.125,0.4296875,0.5390625,1,1
275,7,0.33984375,0.125,0.4296875,0.5390625,3,1
275,7,0.43359375,0.17578125,0.5859375,0.5234375,1,1
275,7,0.43359375,0.17578125,0.5859375,0.5234375,3,1
275,7,0.58984375,0.19921875,0.70703125,0.53515625,1,1
275,7,0.58984375,0.19921875,0.70703125,0.53515625,3,1
275,7,0.70703125,0.203125,0.80859375,0.53125,1,1
275,7,0.70703125,0.203125,0.80859375,0.53125,3,1
275,7,0.81640625,0.2265625,0.921875,0.5078125,1,1
275,7,0.81640625,0.2265625,0.921875,0.5078125,3,1
275,7,0.9296875,0.25390625,0.97265625,0.51953125,1,1
275,7,0.9296875,0.25390625,0.97265625,0.51953125,3,1
276,2,0.1484375,0.234375,0.2109375,0.55859375,1,1
276,2,0.1484375,0.234375,0.2109375,0.55859375,3,1
276,2,0.24609375,0.20703125,0.3125,0.55078125,1,1
276,2,0.24609375,0.20703125,0.3125,0.55078125,3,1
276,2,0.34375,0.0859375,0.421875,0.234375,2,1
276,2,0.34375,0.0859375,0.421875,0.234375,5,1
276,2,0.40625,0.171875,0.50390625,0.55078125,1,1
276,2,0.40625,0.171875,0.50390625,0.55078125,3,1
276,2,0.49609375,0.10546875,0.546875,0.24609375,2,1
276,2,0.49609375,0.10546875,0.546875,0.24609375,5,1
276,2,0.578125,0.14453125,0.71484375,0.55859375,1,1
276,2,0.578125,0.14453125,0.71484375,0.55859375,3,1
276,2,0.77734375,0.18359375,0.90234375,0.5078125,1,1
276,2,0.77734375,0.18359375,0.90234375,0.5078125,3,1
276,3,0.140625,0.23046875,0.2109375,0.546875,1,1
276,3,0.140625,0.23046875,0.2109375,0.546875,3,1
276,3,0.23046875,0.21875,0.30078125,0.51171875,1,1
276,3,0.23046875,0.21875,0.30078125,0.51171875,3,1
276,3,0.34765625,0.09765625,0.421875,0.234375,2,1
276,3,0.34765625,0.09765625,0.421875,0.234375,5,1
276,3,0.40625,0.15625,0.50390625,0.546875,1,1
276,3,0.40625,0.15625,0.50390625,0.546875,3,1
276,3,0.5,0.0859375,0.54296875,0.2421875,2,1
276,3,0.5,0.0859375,0.54296875,0.2421875,5,1
276,3,0.58203125,0.14453125,0.70703125,0.55859375,1,1
276,3,0.58203125,0.14453125,0.70703125,0.55859375,3,1
276,3,0.7734375,0.19140625,0.9140625,0.51953125,1,1
276,3,0.7734375,0.19140625,0.9140625,0.51953125,3,1
276,4,0.140625,0.23828125,0.23046875,0.55078125,1,1
276,4,0.140625,0.23828125,0.23046875,0.55078125,3,1
276,4,0.23828125,0.20703125,0.3125,0.5078125,1,1
276,4,0.23828125,0.20703125,0.3125,0.5078125,3,1
276,4,0.34765625,0.11328125,0.4140625,0.24609375,2,1
276,4,0.34765625,0.11328125,0.4140625,0.24609375,5,1
276,4,0.40625,0.15234375,0.5,0.546875,1,1
276,4,0.40625,0.15234375,0.5,0.546875,3,1
276,4,0.49609375,0.08203125,0.55078125,0.22265625,2,1
276,4,0.49609375,0.08203125,0.55078125,0.22265625,5,1
276,4,0.578125,0.14453125,0.69921875,0.55859375,1,1
276,4,0.578125,0.14453125,0.69921875,0.55859375,3,1
276,4,0.77734375,0.1796875,0.91796875,0.515625,1,1
276,4,0.77734375,0.1796875,0.91796875,0.515625,3,1
276,2,0.62890625,0.078125,0.70703125,0.16015625,2,1
276,2,0.62890625,0.078125,0.70703125,0.16015625,5,1
276,4,0.62109375,0.0703125,0.6875,0.14453125,2,1
276,4,0.62109375,0.0703125,0.6875,0.14453125,5,1
276,5,0.13671875,0.25,0.21875,0.55859375,1,1
276,5,0.13671875,0.25,0.21875,0.55859375,3,1
276,5,0.24609375,0.1953125,0.30078125,0.48046875,1,1
276,5,0.24609375,0.1953125,0.30078125,0.48046875,3,1
276,5,0.3515625,0.09765625,0.41796875,0.234375,2,1
276,5,0.3515625,0.09765625,0.41796875,0.234375,5,1
276,5,0.40625,0.171875,0.515625,0.55859375,1,1
276,5,0.40625,0.171875,0.515625,0.55859375,3,1
276,5,0.5,0.10546875,0.53515625,0.2265625,2,1
276,5,0.5,0.10546875,0.53515625,0.2265625,5,1
276,5,0.578125,0.1484375,0.6875,0.55859375,1,1
276,5,0.578125,0.1484375,0.6875,0.55859375,3,1
276,5,0.62109375,0.0703125,0.6875,0.1484375,2,1
276,5,0.62109375,0.0703125,0.6875,0.1484375,5,1
276,5,0.76953125,0.18359375,0.91796875,0.515625,1,1
276,5,0.76953125,0.18359375,0.91796875,0.515625,3,1
276,6,0.62109375,0.0625,0.6875,0.15625,2,1
276,6,0.62109375,0.0625,0.6875,0.15625,5,1
276,6,0.49609375,0.1015625,0.55078125,0.2265625,2,1
276,6,0.49609375,0.1015625,0.55078125,0.2265625,5,1
276,6,0.35546875,0.1015625,0.42578125,0.23046875,2,1
276,6,0.35546875,0.1015625,0.42578125,0.23046875,5,1
276,6,0.24609375,0.1953125,0.31640625,0.45703125,1,1
276,6,0.24609375,0.1953125,0.31640625,0.45703125,3,1
276,6,0.13671875,0.2265625,0.2109375,0.5625,1,1
276,6,0.13671875,0.2265625,0.2109375,0.5625,3,1
276,6,0.40625,0.171875,0.51171875,0.546875,1,1
276,6,0.40625,0.171875,0.51171875,0.546875,3,1
276,6,0.57421875,0.1484375,0.70703125,0.56640625,1,1
276,6,0.57421875,0.1484375,0.70703125,0.56640625,3,1
276,6,0.78125,0.18359375,0.91796875,0.51953125,1,1
276,6,0.78125,0.18359375,0.91796875,0.51953125,3,1
276,7,0.1484375,0.21875,0.20703125,0.5703125,1,1
276,7,0.1484375,0.21875,0.20703125,0.5703125,3,1
276,7,0.23828125,0.1875,0.3203125,0.45703125,1,1
276,7,0.35546875,0.09765625,0.4140625,0.234375,2,1
276,7,0.35546875,0.09765625,0.4140625,0.234375,5,1
276,7,0.40625,0.17578125,0.5,0.54296875,1,1
276,7,0.40625,0.17578125,0.5,0.54296875,3,1
276,7,0.49609375,0.08984375,0.54296875,0.22265625,2,1
276,7,0.49609375,0.08984375,0.54296875,0.22265625,5,1
276,7,0.58203125,0.15625,0.71484375,0.5703125,1,1
276,7,0.58203125,0.15625,0.71484375,0.5703125,3,1
276,7,0.77734375,0.19140625,0.9140625,0.5078125,1,1
276,7,0.77734375,0.19140625,0.9140625,0.5078125,3,1
276,7,0.62109375,0.0546875,0.6953125,0.15234375,2,1
276,7,0.62109375,0.0546875,0.6953125,0.15234375,5,1
277,2,0.08984375,0.1796875,0.15625,0.34375,1,1
277,2,0.08984375,0.1796875,0.15625,0.34375,4,1
277,2,0.34765625,0.0859375,0.421875,0.23828125,2,1
277,2,0.34765625,0.0859375,0.421875,0.23828125,5,1
277,2,0.49609375,0.08203125,0.54296875,0.23046875,2,1
277,2,0.49609375,0.08203125,0.54296875,0.23046875,5,1
277,2,0.7890625,0.19140625,0.84375,0.51171875,1,1
277,2,0.7890625,0.19140625,0.84375,0.51171875,3,1
277,2,0.62109375,0.07421875,0.703125,0.16015625,2,1
277,2,0.62109375,0.07421875,0.703125,0.16015625,5,1
277,3,0.08203125,0.1875,0.1484375,0.3359375,1,1
277,3,0.08203125,0.1875,0.1484375,0.3359375,4,1
277,3,0.33984375,0.10546875,0.42578125,0.25390625,2,1
277,3,0.33984375,0.10546875,0.42578125,0.25390625,5,1
277,3,0.49609375,0.07421875,0.55078125,0.2265625,2,1
277,3,0.49609375,0.07421875,0.55078125,0.2265625,5,1
277,3,0.62109375,0.078125,0.68359375,0.140625,2,1
277,3,0.62109375,0.078125,0.68359375,0.140625,5,1
277,3,0.77734375,0.1953125,0.84765625,0.51171875,1,1
277,3,0.77734375,0.1953125,0.84765625,0.51171875,3,1
277,4,0.08984375,0.19921875,0.16015625,0.34375,1,1
277,4,0.08984375,0.19921875,0.16015625,0.34375,4,1
277,4,0.359375,0.08984375,0.42578125,0.25390625,2,1
277,4,0.359375,0.08984375,0.42578125,0.25390625,5,1
277,4,0.49609375,0.08984375,0.54296875,0.22265625,2,1
277,4,0.49609375,0.08984375,0.54296875,0.22265625,5,1
277,4,0.625,0.05859375,0.6875,0.140625,2,1
277,4,0.625,0.05859375,0.6875,0.140625,5,1
277,4,0.78125,0.1875,0.8359375,0.515625,1,1
277,4,0.78125,0.1875,0.8359375,0.515625,3,1
277,5,0.08984375,0.19140625,0.15625,0.34375,1,1
277,5,0.08984375,0.19140625,0.15625,0.34375,4,1
277,5,0.36328125,0.08203125,0.42578125,0.25,2,1
277,5,0.36328125,0.08203125,0.42578125,0.25,5,1
277,5,0.49609375,0.078125,0.5546875,0.22265625,2,1
277,5,0.49609375,0.078125,0.5546875,0.22265625,5,1
277,5,0.625,0.05859375,0.69140625,0.1484375,2,1
277,5,0.625,0.05859375,0.69140625,0.1484375,5,1
277,5,0.78515625,0.19140625,0.859375,0.515625,1,1
277,5,0.78515625,0.19140625,0.859375,0.515625,3,1
277,6,0.09375,0.18359375,0.1484375,0.34765625,1,1
277,6,0.09375,0.18359375,0.1484375,0.34765625,4,1
277,6,0.35546875,0.09375,0.42578125,0.24609375,2,1
277,6,0.35546875,0.09375,0.42578125,0.24609375,5,1
277,6,0.5,0.08984375,0.546875,0.2265625,2,1
277,6,0.5,0.08984375,0.546875,0.2265625,5,1
277,6,0.6328125,0.0703125,0.6875,0.1484375,2,1
277,6,0.6328125,0.0703125,0.6875,0.1484375,5,1
277,6,0.78515625,0.1953125,0.85546875,0.51953125,1,1
277,6,0.78515625,0.1953125,0.85546875,0.51953125,3,1
277,7,0.078125,0.19921875,0.15234375,0.3359375,1,1
277,7,0.078125,0.19921875,0.15234375,0.3359375,4,1
277,7,0.34765625,0.09765625,0.421875,0.23828125,2,1
277,7,0.34765625,0.09765625,0.421875,0.23828125,5,1
277,7,0.4921875,0.07421875,0.546875,0.22265625,2,1
277,7,0.4921875,0.07421875,0.546875,0.22265625,5,1
277,7,0.62109375,0.07421875,0.69140625,0.1484375,2,1
277,7,0.62109375,0.07421875,0.69140625,0.1484375,5,1
277,7,0.78515625,0.19921875,0.859375,0.50390625,1,1
277,7,0.78515625,0.19921875,0.859375,0.50390625,3,1
278,2,0.2890625,0.0703125,0.40234375,0.3046875,1,1
278,2,0.4921875,0.08203125,0.55078125,0.23046875,2,1
278,2,0.4921875,0.08203125,0.55078125,0.23046875,5,1
278,2,0.59765625,0.08984375,0.69140625,0.2265625,2,1
278,2,0.59765625,0.08984375,0.69140625,0.2265625,5,1
278,3,0.29296875,0.078125,0.40234375,0.3125,1,1
278,3,0.5,0.08203125,0.54296875,0.22265625,2,1
278,3,0.5,0.08203125,0.54296875,0.22265625,5,1
278,3,0.59765625,0.09765625,0.6953125,0.22265625,2,1
278,3,0.59765625,0.09765625,0.6953125,0.22265625,5,1
278,4,0.3046875,0.0703125,0.40625,0.30078125,1,1
278,4,0.49609375,0.08203125,0.55078125,0.21875,2,1
278,4,0.49609375,0.08203125,0.55078125,0.21875,5,1
278,4,0.58984375,0.09375,0.69921875,0.23046875,2,1
278,4,0.58984375,0.09375,0.69921875,0.23046875,5,1
278,5,0.296875,0.07421875,0.40234375,0.3046875,1,1
278,5,0.49609375,0.078125,0.54296875,0.2265625,2,1
278,5,0.49609375,0.078125,0.54296875,0.2265625,5,1
278,5,0.59765625,0.0859375,0.6953125,0.2265625,2,1
278,5,0.59765625,0.0859375,0.6953125,0.2265625,5,1
278,6,0.29296875,0.078125,0.40625,0.3046875,1,1
278,6,0.49609375,0.08984375,0.55078125,0.2265625,2,1
278,6,0.49609375,0.08984375,0.55078125,0.2265625,5,1
278,6,0.609375,0.08984375,0.69140625,0.23046875,2,1
278,6,0.609375,0.08984375,0.69140625,0.23046875,5,1
278,7,0.29296875,0.07421875,0.40234375,0.3125,1,1
278,7,0.5,0.08203125,0.55078125,0.22265625,2,1
278,7,0.5,0.08203125,0.55078125,0.22265625,5,1
278,7,0.59765625,0.0859375,0.69140625,0.22265625,2,1
278,7,0.59765625,0.0859375,0.69140625,0.22265625,5,1
279,2,0.49609375,0.08984375,0.54296875,0.2421875,2,1
279,2,0.49609375,0.08984375,0.54296875,0.2421875,5,1
279,2,0.53125,0.0546875,0.5859375,0.14453125,2,1
279,2,0.53125,0.0546875,0.5859375,0.14453125,5,1
279,2,0.58203125,0.1796875,0.74609375,0.4921875,1,1
279,2,0.58203125,0.1796875,0.74609375,0.4921875,3,1
279,2,0.74609375,0.21875,0.85546875,0.4921875,1,1
279,2,0.74609375,0.21875,0.85546875,0.4921875,3,1
279,3,0.48046875,0.06640625,0.53125,0.21875,2,1
279,3,0.48046875,0.06640625,0.53125,0.21875,5,1
279,3,0.54296875,0.05859375,0.578125,0.15625,2,1
279,3,0.54296875,0.05859375,0.578125,0.15625,5,1
279,3,0.5859375,0.17578125,0.74609375,0.5078125,1,1
279,3,0.5859375,0.17578125,0.74609375,0.5078125,3,1
279,3,0.75390625,0.21484375,0.87890625,0.46875,1,1
279,3,0.75390625,0.21484375,0.87890625,0.46875,3,1
279,4,0.49609375,0.0859375,0.5390625,0.23828125,2,1
279,4,0.49609375,0.0859375,0.5390625,0.23828125,5,1
279,4,0.54296875,0.06640625,0.58984375,0.14453125,2,1
279,4,0.54296875,0.06640625,0.58984375,0.14453125,5,1
279,4,0.56640625,0.19140625,0.75390625,0.515625,1,1
279,4,0.56640625,0.19140625,0.75390625,0.515625,3,1
279,4,0.75390625,0.21875,0.87890625,0.45703125,1,1
279,4,0.75390625,0.21875,0.87890625,0.45703125,3,1
279,5,0.5,0.08203125,0.54296875,0.234375,2,1
279,5,0.5,0.08203125,0.54296875,0.234375,5,1
279,5,0.55078125,0.05859375,0.58203125,0.1328125,2,1
279,5,0.55078125,0.05859375,0.58203125,0.1328125,5,1
279,5,0.57421875,0.16796875,0.765625,0.51171875,1,1
279,5,0.57421875,0.16796875,0.765625,0.51171875,3,1
279,5,0.765625,0.20703125,0.8828125,0.46484375,1,1
279,5,0.765625,0.20703125,0.8828125,0.46484375,3,1
279,6,0.49609375,0.08203125,0.5390625,0.2265625,2,1
279,6,0.49609375,0.08203125,0.5390625,0.2265625,5,1
279,6,0.5390625,0.0546875,0.58203125,0.15234375,2,1
279,6,0.5390625,0.0546875,0.58203125,0.15234375,5,1
279,6,0.578125,0.1796875,0.7578125,0.515625,1,1
279,6,0.578125,0.1796875,0.7578125,0.515625,3,1
279,6,0.7578125,0.2109375,0.89453125,0.45703125,1,1
279,6,0.7578125,0.2109375,0.89453125,0.45703125,3,1
279,7,0.5,0.0859375,0.54296875,0.23046875,2,1
279,7,0.5,0.0859375,0.54296875,0.23046875,5,1
279,7,0.54296875,0.05859375,0.58203125,0.1484375,2,1
279,7,0.54296875,0.05859375,0.58203125,0.1484375,5,1
279,7,0.58203125,0.17578125,0.75390625,0.50390625,1,1
279,7,0.58203125,0.17578125,0.75390625,0.50390625,3,1
279,7,0.75390625,0.21484375,0.890625,0.4453125,1,1
279,7,0.75390625,0.21484375,0.890625,0.4453125,3,1
280,2,0.1015625,0.26171875,0.1875,0.53125,1,1
280,2,0.1015625,0.26171875,0.1875,0.53125,3,1
280,2,0.203125,0.2421875,0.31640625,0.57421875,1,1
280,2,0.203125,0.2421875,0.31640625,0.57421875,3,1
280,2,0.2421875,0.125,0.3125,0.2421875,2,1
280,2,0.2421875,0.125,0.3125,0.2421875,5,1
280,2,0.51171875,0.17578125,0.7265625,0.51953125,1,1
280,2,0.51171875,0.17578125,0.7265625,0.51953125,3,1
280,2,0.62890625,0.05859375,0.6796875,0.16015625,2,1
280,2,0.62890625,0.05859375,0.6796875,0.16015625,5,1
280,2,0.8125,0.171875,0.8828125,0.37890625,1,1
280,2,0.7265625,0.0234375,0.78515625,0.13671875,1,1
280,3,0.24609375,0.12109375,0.3125,0.2421875,2,1
280,3,0.24609375,0.12109375,0.3125,0.2421875,5,1
280,3,0.10546875,0.265625,0.18359375,0.51953125,1,1
280,3,0.10546875,0.265625,0.18359375,0.51953125,3,1
280,3,0.2109375,0.25,0.328125,0.5703125,1,1
280,3,0.2109375,0.25,0.328125,0.5703125,3,1
280,3,0.515625,0.16015625,0.69921875,0.53125,1,1
280,3,0.515625,0.16015625,0.69921875,0.53125,3,1
280,3,0.625,0.05859375,0.69140625,0.14453125,2,1
280,3,0.625,0.05859375,0.69140625,0.14453125,5,1
280,3,0.72265625,0.0234375,0.78515625,0.1328125,1,1
280,3,0.80859375,0.17578125,0.8828125,0.41796875,1,1
280,4,0.24609375,0.12890625,0.3125,0.24609375,2,1
280,4,0.24609375,0.12890625,0.3125,0.24609375,5,1
280,4,0.09765625,0.265625,0.1796875,0.5390625,1,1
280,4,0.09765625,0.265625,0.1796875,0.5390625,3,1
280,4,0.20703125,0.234375,0.33203125,0.5703125,1,1
280,4,0.20703125,0.234375,0.33203125,0.5703125,3,1
280,4,0.51953125,0.16796875,0.703125,0.53125,1,1
280,4,0.51953125,0.16796875,0.703125,0.53125,3,1
280,4,0.80078125,0.16796875,0.87890625,0.41796875,1,1
280,4,0.62890625,0.07421875,0.69140625,0.1484375,2,1
280,4,0.62890625,0.07421875,0.69140625,0.1484375,5,1
280,4,0.72265625,0.0390625,0.80078125,0.13671875,1,1
280,5,0.24609375,0.125,0.3125,0.2421875,2,1
280,5,0.24609375,0.125,0.3125,0.2421875,5,1
280,5,0.10546875,0.25,0.19140625,0.53125,1,1
280,5,0.10546875,0.25,0.19140625,0.53125,3,1
280,5,0.21484375,0.2421875,0.3359375,0.55859375,1,1
280,5,0.21484375,0.2421875,0.3359375,0.55859375,3,1
280,5,0.51953125,0.16796875,0.72265625,0.52734375,1,1
280,5,0.51953125,0.16796875,0.72265625,0.52734375,3,1
280,5,0.625,0.0703125,0.68359375,0.14453125,2,1
280,5,0.625,0.0703125,0.68359375,0.14453125,5,1
280,5,0.7265625,0.03515625,0.78125,0.14453125,1,1
280,5,0.80859375,0.1640625,0.875,0.421875,1,1
280,6,0.24609375,0.125,0.32421875,0.24609375,2,1
280,6,0.24609375,0.125,0.32421875,0.24609375,5,1
280,6,0.11328125,0.2578125,0.18359375,0.53515625,1,1
280,6,0.11328125,0.2578125,0.18359375,0.53515625,3,1
280,6,0.203125,0.23046875,0.3203125,0.55859375,1,1
280,6,0.203125,0.23046875,0.3203125,0.55859375,3,1
280,6,0.515625,0.15234375,0.71875,0.5390625,1,1
280,6,0.515625,0.15234375,0.71875,0.5390625,3,1
280,6,0.62890625,0.05859375,0.69140625,0.1484375,2,1
280,6,0.62890625,0.05859375,0.69140625,0.1484375,5,1
280,6,0.73046875,0.02734375,0.78125,0.13671875,1,1
280,6,0.80859375,0.1640625,0.8828125,0.4296875,1,1
280,7,0.25,0.12109375,0.3125,0.2421875,2,1
280,7,0.25,0.12109375,0.3125,0.2421875,5,1
280,7,0.203125,0.24609375,0.328125,0.56640625,1,1
280,7,0.203125,0.24609375,0.328125,0.56640625,3,1
280,7,0.109375,0.25,0.1953125,0.53515625,1,1
280,7,0.109375,0.25,0.1953125,0.53515625,3,1
280,7,0.52734375,0.1640625,0.71484375,0.5390625,1,1
280,7,0.52734375,0.1640625,0.71484375,0.5390625,3,1
280,7,0.63671875,0.06640625,0.6796875,0.15234375,2,1
280,7,0.63671875,0.06640625,0.6796875,0.15234375,5,1
280,7,0.73046875,0.0234375,0.7734375,0.14453125,1,1
280,7,0.80859375,0.1640625,0.875,0.40625,1,1
281,2,0.23828125,0.11328125,0.30078125,0.2578125,2,1
281,2,0.23828125,0.11328125,0.30078125,0.2578125,5,1
281,2,0.6328125,0.07421875,0.69140625,0.15234375,2,1
281,2,0.6328125,0.07421875,0.69140625,0.15234375,5,1
281,2,0.67578125,0.1796875,0.83203125,0.52734375,1,1
281,2,0.67578125,0.1796875,0.83203125,0.52734375,3,1
281,2,0.8359375,0.18359375,0.9375,0.50390625,1,1
281,2,0.8359375,0.18359375,0.9375,0.50390625,3,1
281,2,0.94140625,0.24609375,0.97265625,0.49609375,1,1
281,2,0.94140625,0.24609375,0.97265625,0.49609375,3,1
281,3,0.2421875,0.12109375,0.30859375,0.25390625,2,1
281,3,0.2421875,0.12109375,0.30859375,0.25390625,5,1
281,3,0.6328125,0.07421875,0.69921875,0.16015625,2,1
281,3,0.6328125,0.07421875,0.69921875,0.16015625,5,1
281,3,0.6796875,0.1953125,0.8359375,0.5234375,1,1
281,3,0.6796875,0.1953125,0.8359375,0.5234375,3,1
281,3,0.83203125,0.18359375,0.9375,0.5,1,1
281,3,0.83203125,0.18359375,0.9375,0.5,3,1
281,3,0.94140625,0.234375,0.96875,0.50390625,1,1
281,3,0.94140625,0.234375,0.96875,0.50390625,3,1
281,4,0.23046875,0.1328125,0.30859375,0.265625,2,1
281,4,0.23046875,0.1328125,0.30859375,0.265625,5,1
281,4,0.68359375,0.17578125,0.8359375,0.51953125,1,1
281,4,0.68359375,0.17578125,0.8359375,0.51953125,3,1
281,4,0.83984375,0.1875,0.95703125,0.515625,1,1
281,4,0.83984375,0.1875,0.95703125,0.515625,3,1
281,4,0.6171875,0.05859375,0.6953125,0.171875,2,1
281,4,0.6171875,0.05859375,0.6953125,0.171875,5,1
281,5,0.234375,0.12109375,0.30859375,0.2578125,2,1
281,5,0.234375,0.12109375,0.30859375,0.2578125,5,1
281,5,0.61328125,0.07421875,0.6875,0.15625,2,1
281,5,0.6796875,0.1875,0.83984375,0.5234375,1,1
281,5,0.6796875,0.1875,0.83984375,0.5234375,3,1
281,5,0.84375,0.1953125,0.9453125,0.51171875,1,1
281,5,0.84375,0.1953125,0.9453125,0.51171875,3,1
281,6,0.234375,0.1328125,0.31640625,0.2578125,2,1
281,6,0.234375,0.1328125,0.31640625,0.2578125,5,1
281,6,0.62890625,0.07421875,0.6875,0.14453125,2,1
281,6,0.67578125,0.17578125,0.83984375,0.53125,1,1
281,6,0.67578125,0.17578125,0.83984375,0.53125,3,1
281,6,0.84375,0.1953125,0.953125,0.5078125,1,1
281,6,0.84375,0.1953125,0.953125,0.5078125,3,1
281,7,0.23046875,0.12109375,0.30859375,0.24609375,2,1
281,7,0.23046875,0.12109375,0.30859375,0.24609375,5,1
281,7,0.6328125,0.0703125,0.6875,0.15234375,2,1
281,7,0.671875,0.18359375,0.83984375,0.53515625,1,1
281,7,0.671875,0.18359375,0.83984375,0.53515625,3,1
281,7,0.8359375,0.1796875,0.9375,0.5234375,1,1
281,7,0.8359375,0.1796875,0.9375,0.5234375,3,1
282,2,0.11328125,0.2109375,0.23828125,0.5703125,1,1
282,2,0.11328125,0.2109375,0.23828125,0.5703125,3,1
282,2,0.328125,0.15234375,0.421875,0.44921875,1,1
282,2,0.55078125,0.21484375,0.765625,0.44140625,1,1
282,2,0.546875,0.046875,0.609375,0.20703125,1,1
282,2,0.734375,0.01953125,0.765625,0.12109375,1,1
282,2,0.77734375,0.08203125,0.84375,0.24609375,1,1
282,2,0.90234375,0.171875,0.96875,0.30859375,1,1
282,3,0.09765625,0.21484375,0.23828125,0.58203125,1,1
282,3,0.09765625,0.21484375,0.23828125,0.58203125,3,1
282,3,0.328125,0.15625,0.421875,0.44921875,1,1
282,3,0.54296875,0.04296875,0.59765625,0.23046875,1,1
282,3,0.578125,0.203125,0.7890625,0.4375,1,1
282,3,0.734375,0.0234375,0.7734375,0.12109375,1,1
282,3,0.90234375,0.16796875,0.96875,0.30859375,1,1
282,3,0.77734375,0.078125,0.84375,0.26171875,1,1
282,4,0.109375,0.2265625,0.234375,0.58203125,1,1
282,4,0.109375,0.2265625,0.234375,0.58203125,3,1
282,4,0.32421875,0.14453125,0.47265625,0.42578125,1,1
282,4,0.54296875,0.0390625,0.6171875,0.25,1,1
282,4,0.640625,0.20703125,0.83203125,0.4375,1,1
282,4,0.7265625,0.01171875,0.76953125,0.14453125,1,1
282,4,0.77734375,0.078125,0.83984375,0.25,1,1
282,4,0.90234375,0.171875,0.96875,0.30859375,1,1
282,5,0.109375,0.2109375,0.23828125,0.58984375,1,1
282,5,0.109375,0.2109375,0.23828125,0.58984375,3,1
282,5,0.34375,0.1484375,0.4765625,0.4375,1,1
282,5,0.546875,0.0390625,0.61328125,0.2578125,1,1
282,5,0.67578125,0.19921875,0.86328125,0.42578125,1,1
282,5,0.73046875,0.015625,0.76171875,0.1328125,1,1
282,5,0.76953125,0.07421875,0.83984375,0.2265625,1,1
282,5,0.89453125,0.171875,0.96484375,0.30078125,1,1
282,6,0.1171875,0.20703125,0.23828125,0.58984375,1,1
282,6,0.1171875,0.20703125,0.23828125,0.58984375,3,1
282,6,0.359375,0.13671875,0.4765625,0.453125,1,1
282,6,0.5390625,0.03515625,0.62109375,0.25390625,1,1
282,6,0.7109375,0.20703125,0.87890625,0.43359375,1,1
282,6,0.73046875,0.01171875,0.77734375,0.12890625,1,1
282,6,0.78125,0.078125,0.84375,0.21484375,1,1
282,6,0.89453125,0.18359375,0.96875,0.3046875,1,1
282,7,0.10546875,0.21875,0.23828125,0.6015625,1,1
282,7,0.10546875,0.21875,0.23828125,0.6015625,3,1
282,7,0.34765625,0.15234375,0.4765625,0.4375,1,1
282,7,0.54296875,0.04296875,0.61328125,0.265625,1,1
282,7,0.75,0.2109375,0.921875,0.42578125,1,1
282,7,0.90234375,0.171875,0.96875,0.28515625,1,1
282,7,0.7734375,0.0859375,0.84375,0.2109375,1,1
282,7,0.734375,0.01953125,0.76953125,0.1328125,1,1
283,2,0.1015625,0.109375,0.1875,0.234375,1,1
283,2,0.1015625,0.109375,0.1875,0.234375,4,1
283,2,0.0078125,0.26953125,0.06640625,0.53125,1,1
283,2,0.0078125,0.26953125,0.06640625,0.53125,3,1
283,2,0.34765625,0.10546875,0.42578125,0.23046875,2,1
283,2,0.34765625,0.10546875,0.42578125,0.23046875,5,1
283,2,0.9375,0.23046875,0.9921875,0.52734375,1,1
283,2,0.9375,0.23046875,0.9921875,0.52734375,3,1
283,2,0.78515625,0.09765625,0.8515625,0.28515625,1,1
283,2,0.68359375,0.04296875,0.76171875,0.13671875,1,1
283,3,0.1015625,0.11328125,0.17578125,0.22265625,1,1
283,3,0.1015625,0.11328125,0.17578125,0.22265625,4,1
283,3,0.00390625,0.26171875,0.07421875,0.5,1,1
283,3,0.00390625,0.26171875,0.07421875,0.5,3,1
283,3,0.33984375,0.125,0.4140625,0.2265625,2,1
283,3,0.33984375,0.125,0.4140625,0.2265625,5,1
283,3,0.67578125,0.015625,0.75390625,0.13671875,1,1
283,3,0.78515625,0.10546875,0.84765625,0.28125,1,1
283,3,0.9375,0.23828125,0.9921875,0.5390625,1,1
283,3,0.9375,0.23828125,0.9921875,0.5390625,3,1
283,4,0.1015625,0.1015625,0.18359375,0.23046875,1,1
283,4,0.1015625,0.1015625,0.18359375,0.23046875,4,1
283,4,0.0,0.26953125,0.06640625,0.5078125,1,1
283,4,0.0,0.26953125,0.06640625,0.5078125,3,1
283,4,0.34765625,0.11328125,0.4140625,0.2265625,2,1
283,4,0.34765625,0.11328125,0.4140625,0.2265625,5,1
283,4,0.66015625,0.01171875,0.765625,0.11328125,1,1
283,4,0.79296875,0.08984375,0.84765625,0.2890625,1,1
283,4,0.94140625,0.23046875,0.9921875,0.53125,1,1
283,4,0.94140625,0.23046875,0.9921875,0.53125,3,1
283,5,0.09765625,0.109375,0.1875,0.2265625,1,1
283,5,0.09765625,0.109375,0.1875,0.2265625,4,1
283,5,0.00390625,0.28515625,0.07421875,0.51171875,1,1
283,5,0.00390625,0.28515625,0.07421875,0.51171875,3,1
283,5,0.34375,0.109375,0.421875,0.23046875,2,1
283,5,0.34375,0.109375,0.421875,0.23046875,5,1
283,5,0.66015625,0.01953125,0.71875,0.109375,1,1
283,5,0.72265625,0.02734375,0.76953125,0.11328125,1,1
283,5,0.79296875,0.109375,0.85546875,0.28515625,1,1
283,5,0.93359375,0.234375,0.9921875,0.5390625,1,1
283,5,0.93359375,0.234375,0.9921875,0.5390625,3,1
283,6,0.01171875,0.26953125,0.07421875,0.50390625,1,1
283,6,0.01171875,0.26953125,0.07421875,0.50390625,3,1
283,6,0.1015625,0.11328125,0.1796875,0.23828125,1,1
283,6,0.1015625,0.11328125,0.1796875,0.23828125,4,1
283,6,0.3515625,0.125,0.4140625,0.24609375,2,1
283,6,0.3515625,0.125,0.4140625,0.24609375,5,1
283,6,0.6640625,0.015625,0.7109375,0.09765625,1,1
283,6,0.73046875,0.01953125,0.7734375,0.12890625,1,1
283,6,0.7890625,0.10546875,0.85546875,0.2890625,1,1
283,6,0.9375,0.21875,0.9921875,0.53125,1,1
283,6,0.9375,0.21875,0.9921875,0.53125,3,1
283,6,0.8671875,0.17578125,0.90625,0.33984375,1,1
283,7,0.1015625,0.109375,0.1796875,0.21875,1,1
283,7,0.1015625,0.109375,0.1796875,0.21875,4,1
283,7,0.01171875,0.2734375,0.06640625,0.49609375,1,1
283,7,0.01171875,0.2734375,0.06640625,0.49609375,3,1
283,7,0.3515625,0.11328125,0.41796875,0.2421875,2,1
283,7,0.3515625,0.11328125,0.41796875,0.2421875,5,1
283,7,0.66015625,0.01171875,0.7109375,0.09375,1,1
283,7,0.7890625,0.08984375,0.85546875,0.29296875,1,1
283,7,0.734375,0.0234375,0.78125,0.140625,1,1
283,7,0.9296875,0.23046875,0.9921875,0.53515625,1,1
283,7,0.9296875,0.23046875,0.9921875,0.53515625,3,1
283,7,0.86328125,0.1640625,0.8984375,0.3203125,1,1
284,2,0.2421875,0.12109375,0.3125,0.25390625,2,1
284,2,0.2421875,0.12109375,0.3125,0.25390625,5,1
284,2,0.62109375,0.0703125,0.69140625,0.14453125,2,1
284,2,0.62109375,0.0703125,0.69140625,0.14453125,5,1
284,2,0.78515625,0.08203125,0.83984375,0.29296875,1,1
284,2,0.87890625,0.20703125,0.93359375,0.35546875,1,1
284,3,0.23828125,0.10546875,0.30859375,0.25,2,1
284,3,0.23828125,0.10546875,0.30859375,0.25,5,1
284,3,0.62890625,0.0703125,0.6875,0.1484375,2,1
284,3,0.62890625,0.0703125,0.6875,0.1484375,5,1
284,3,0.87890625,0.203125,0.9375,0.33984375,1,1
284,3,0.78515625,0.1015625,0.84765625,0.28515625,1,1
284,4,0.2421875,0.11328125,0.31640625,0.25,2,1
284,4,0.2421875,0.11328125,0.31640625,0.25,5,1
284,4,0.61328125,0.0703125,0.69140625,0.15625,2,1
284,4,0.61328125,0.0703125,0.69140625,0.15625,5,1
284,4,0.77734375,0.09765625,0.84375,0.28125,1,1
284,4,0.87890625,0.21484375,0.93359375,0.31640625,1,1
284,4,0.90234375,0.2890625,0.98046875,0.50390625,1,1
284,4,0.90234375,0.2890625,0.98046875,0.50390625,3,1
284,5,0.2421875,0.1171875,0.31640625,0.26953125,2,1
284,5,0.2421875,0.1171875,0.31640625,0.26953125,5,1
284,5,0.62890625,0.0546875,0.69921875,0.16015625,2,1
284,5,0.62890625,0.0546875,0.69921875,0.16015625,5,1
284,5,0.77734375,0.0859375,0.83984375,0.26953125,1,1
284,5,0.875,0.20703125,0.9375,0.296875,1,1
284,5,0.89453125,0.27734375,0.96875,0.51953125,1,1
284,5,0.89453125,0.27734375,0.96875,0.51953125,3,1
284,6,0.23828125,0.10546875,0.3203125,0.25390625,2,1
284,6,0.23828125,0.10546875,0.3203125,0.25390625,5,1
284,6,0.625,0.05078125,0.703125,0.15625,2,1
284,6,0.625,0.05078125,0.703125,0.15625,5,1
284,6,0.7890625,0.08984375,0.84765625,0.28125,1,1
284,6,0.87890625,0.20703125,0.93359375,0.33984375,1,1
284,6,0.8984375,0.28515625,0.98046875,0.50390625,1,1
284,6,0.8984375,0.28515625,0.98046875,0.50390625,3,1
284,7,0.2421875,0.109375,0.3125,0.25,2,1
284,7,0.2421875,0.109375,0.3125,0.25,5,1
284,7,0.62890625,0.07421875,0.69140625,0.140625,2,1
284,7,0.62890625,0.07421875,0.69140625,0.140625,5,1
284,7,0.78515625,0.09765625,0.84375,0.28125,1,1
284,7,0.87890625,0.2109375,0.94140625,0.32421875,1,1
284,7,0.89453125,0.27734375,0.96484375,0.50390625,1,1
284,7,0.89453125,0.27734375,0.96484375,0.50390625,3,1
285,2,0.23828125,0.14453125,0.30078125,0.26171875,2,1
285,2,0.52734375,0.0703125,0.58984375,0.1484375,2,1
285,2,0.62890625,0.07421875,0.69140625,0.15625,2,1
285,2,0.77734375,0.08203125,0.8359375,0.2734375,1,1
285,2,0.9140625,0.14453125,0.9765625,0.29296875,1,1
285,2,0.8359375,0.08203125,0.90625,0.19140625,1,1
285,3,0.23828125,0.1328125,0.3046875,0.2578125,2,1
285,3,0.51953125,0.0625,0.5859375,0.1484375,2,1
285,3,0.625,0.0703125,0.68359375,0.15234375,2,1
285,3,0.77734375,0.08203125,0.8359375,0.26953125,1,1
285,3,0.9140625,0.140625,0.98046875,0.296875,1,1
285,3,0.83984375,0.0859375,0.90625,0.1875,1,1
285,4,0.23828125,0.13671875,0.3046875,0.26171875,2,1
285,4,0.77734375,0.0859375,0.8359375,0.265625,1,1
285,4,0.8359375,0.08203125,0.90625,0.1796875,1,1
285,4,0.91796875,0.14453125,0.9765625,0.296875,1,1
285,4,0.625,0.07421875,0.69140625,0.1640625,2,1
285,4,0.52734375,0.07421875,0.5859375,0.1484375,2,1
285,5,0.23828125,0.12890625,0.30078125,0.26171875,2,1
285,5,0.52734375,0.0703125,0.58984375,0.1484375,2,1
285,5,0.625,0.0703125,0.69140625,0.16015625,2,1
285,5,0.77734375,0.0859375,0.8359375,0.2734375,1,1
285,5,0.91015625,0.140625,0.9765625,0.29296875,1,1
285,5,0.8359375,0.07421875,0.90625,0.1796875,1,1
285,6,0.2421875,0.1328125,0.30078125,0.26171875,2,1
285,6,0.5234375,0.0625,0.58984375,0.1484375,2,1
285,6,0.625,0.06640625,0.68359375,0.15234375,2,1
285,6,0.77734375,0.08203125,0.83984375,0.26953125,1,1
285,6,0.90625,0.140625,0.9765625,0.30078125,1,1
285,6,0.83984375,0.078125,0.90625,0.1953125,1,1
285,7,0.2421875,0.1328125,0.30078125,0.26171875,2,1
285,7,0.52734375,0.078125,0.58203125,0.1484375,2,1
285,7,0.62109375,0.0703125,0.68359375,0.15234375,2,1
285,7,0.77734375,0.078125,0.8359375,0.265625,1,1
285,7,0.83984375,0.078125,0.91015625,0.18359375,1,1
285,7,0.9140625,0.1484375,0.98046875,0.30078125,1,1
286,2,0.2421875,0.13671875,0.3203125,0.26171875,2,1
286,2,0.3359375,0.09375,0.38671875,0.16796875,2,1
286,2,0.43359375,0.0234375,0.48046875,0.1484375,1,1
286,2,0.53125,0.0703125,0.6015625,0.15234375,2,1
286,2,0.62109375,0.0703125,0.69921875,0.15234375,2,1
286,2,0.82421875,0.140625,0.8984375,0.26171875,2,1
286,2,0.90234375,0.171875,0.953125,0.27734375,2,1
286,3,0.23046875,0.1328125,0.31640625,0.26171875,2,1
286,3,0.3359375,0.09375,0.38671875,0.1640625,2,1
286,3,0.44140625,0.02734375,0.484375,0.140625,1,1
286,3,0.53125,0.08203125,0.6015625,0.1484375,2,1
286,3,0.625,0.0703125,0.6875,0.15625,2,1
286,3,0.7109375,0.0390625,0.765625,0.15625,1,1
286,3,0.8125,0.125,0.89453125,0.265625,2,1
286,3,0.90234375,0.1640625,0.95703125,0.27734375,2,1
286,4,0.2421875,0.1328125,0.3125,0.2578125,2,1
286,4,0.328125,0.0859375,0.38671875,0.16796875,2,1
286,4,0.44140625,0.02734375,0.48046875,0.14453125,1,1
286,4,0.52734375,0.06640625,0.6015625,0.15234375,2,1
286,4,0.625,0.07421875,0.68359375,0.15234375,2,1
286,4,0.8203125,0.140625,0.89453125,0.265625,2,1
286,4,0.90234375,0.16015625,0.95703125,0.28125,2,1
286,5,0.2421875,0.1328125,0.30859375,0.25390625,2,1
286,5,0.3359375,0.08984375,0.38671875,0.16015625,2,1
286,5,0.44140625,0.02734375,0.48046875,0.140625,1,1
286,5,0.53125,0.078125,0.59765625,0.1484375,2,1
286,5,0.62890625,0.078125,0.68359375,0.15234375,2,1
286,5,0.8203125,0.14453125,0.8984375,0.2734375,2,1
286,5,0.90234375,0.16796875,0.953125,0.27734375,2,1
286,6,0.2421875,0.13671875,0.3125,0.25,2,1
286,6,0.33984375,0.09375,0.38671875,0.16015625,2,1
286,6,0.44140625,0.02734375,0.4765625,0.140625,1,1
286,6,0.52734375,0.0703125,0.6015625,0.1484375,2,1
286,6,0.625,0.08203125,0.68359375,0.15625,2,1
286,6,0.81640625,0.14453125,0.89453125,0.26953125,2,1
286,6,0.8984375,0.17578125,0.953125,0.28125,2,1
286,7,0.23828125,0.13671875,0.30859375,0.25390625,2,1
286,7,0.3359375,0.09765625,0.390625,0.1640625,2,1
286,7,0.4375,0.02734375,0.47265625,0.13671875,1,1
286,7,0.53125,0.0703125,0.59375,0.1484375,2,1
286,7,0.62890625,0.078125,0.68359375,0.15234375,2,1
286,7,0.82421875,0.15234375,0.8984375,0.26953125,2,1
286,7,0.90234375,0.171875,0.953125,0.27734375,2,1
287,2,0.34765625,0.125,0.41015625,0.2421875,2,1
287,2,0.20703125,0.12109375,0.265625,0.1953125,2,1
287,2,0.328125,0.09375,0.37890625,0.16796875,2,1
287,2,0.4296875,0.078125,0.4765625,0.1484375,2,1
287,2,0.53515625,0.0703125,0.5859375,0.14453125,2,1
287,2,0.625,0.0703125,0.6875,0.15625,2,1
287,2,0.78125,0.0859375,0.828125,0.28125,1,1
287,2,0.83203125,0.1015625,0.875,0.296875,1,1
287,2,0.88671875,0.171875,0.95703125,0.28515625,2,1
287,3,0.20703125,0.12109375,0.265625,0.1953125,2,1
287,3,0.328125,0.09375,0.37890625,0.16796875,2,1
287,3,0.4296875,0.078125,0.4765625,0.1484375,2,1
287,3,0.53515625,0.0703125,0.5859375,0.14453125,2,1
287,3,0.625,0.0703125,0.6875,0.15625,2,1
287,3,0.78125,0.0859375,0.828125,0.28125,1,1
287,3,0.83203125,0.1015625,0.875,0.296875,1,1
287,3,0.88671875,0.171875,0.95703125,0.28515625,2,1
287,4,0.34765625,0.125,0.41015625,0.2421875,2,1
287,4,0.20703125,0.12109375,0.265625,0.1953125,2,1
287,4,0.328125,0.09375,0.37890625,0.16796875,2,1
287,4,0.4296875,0.078125,0.4765625,0.1484375,2,1
287,4,0.53515625,0.0703125,0.5859375,0.14453125,2,1
287,4,0.625,0.0703125,0.6875,0.15625,2,1
287,4,0.78125,0.0859375,0.828125,0.28125,1,1
287,4,0.83203125,0.1015625,0.875,0.296875,1,1
287,4,0.88671875,0.171875,0.95703125,0.28515625,2,1
287,5,0.34765625,0.125,0.41015625,0.2421875,2,1
287,5,0.20703125,0.12109375,0.265625,0.1953125,2,1
287,5,0.328125,0.09375,0.37890625,0.16796875,2,1
287,5,0.4296875,0.078125,0.4765625,0.1484375,2,1
287,5,0.53515625,0.0703125,0.5859375,0.14453125,2,1
287,5,0.625,0.0703125,0.6875,0.15625,2,1
287,5,0.78125,0.0859375,0.828125,0.28125,1,1
287,5,0.83203125,0.1015625,0.875,0.296875,1,1
287,5,0.88671875,0.171875,0.95703125,0.28515625,2,1
287,6,0.34765625,0.125,0.41015625,0.2421875,2,1
287,6,0.20703125,0.12109375,0.265625,0.1953125,2,1
287,6,0.328125,0.09375,0.37890625,0.16796875,2,1
287,6,0.4296875,0.078125,0.4765625,0.1484375,2,1
287,6,0.53515625,0.0703125,0.5859375,0.14453125,2,1
287,6,0.625,0.0703125,0.6875,0.15625,2,1
287,6,0.78125,0.0859375,0.828125,0.28125,1,1
287,6,0.83203125,0.1015625,0.875,0.296875,1,1
287,6,0.88671875,0.171875,0.95703125,0.28515625,2,1
287,7,0.34765625,0.125,0.41015625,0.2421875,2,1
287,7,0.20703125,0.12109375,0.265625,0.1953125,2,1
287,7,0.328125,0.09375,0.37890625,0.16796875,2,1
287,7,0.4296875,0.078125,0.4765625,0.1484375,2,1
287,7,0.53515625,0.0703125,0.5859375,0.14453125,2,1
287,7,0.625,0.0703125,0.6875,0.15625,2,1
287,7,0.78125,0.0859375,0.828125,0.28125,1,1
287,7,0.83203125,0.1015625,0.875,0.296875,1,1
287,7,0.88671875,0.171875,0.95703125,0.28515625,2,1
288,2,0.24609375,0.13671875,0.3046875,0.2578125,2,1
288,2,0.34375,0.12890625,0.42578125,0.23828125,2,1
288,2,0.33984375,0.01953125,0.453125,0.12890625,1,1
288,2,0.62109375,0.0703125,0.68359375,0.15234375,2,1
288,3,0.24609375,0.140625,0.30078125,0.2578125,2,1
288,3,0.34375,0.1328125,0.42578125,0.23828125,2,1
288,3,0.3046875,0.03515625,0.4296875,0.1171875,1,1
288,3,0.6171875,0.06640625,0.6796875,0.15625,2,1
288,4,0.26953125,0.0390625,0.375,0.12890625,1,1
288,4,0.2421875,0.14453125,0.30078125,0.2578125,2,1
288,4,0.33984375,0.1328125,0.4296875,0.2421875,2,1
288,4,0.61328125,0.06640625,0.68359375,0.15234375,2,1
288,5,0.2421875,0.140625,0.30859375,0.2578125,2,1
288,5,0.23046875,0.04296875,0.34375,0.140625,1,1
288,5,0.3359375,0.08203125,0.390625,0.16015625,2,1
288,5,0.3359375,0.1328125,0.42578125,0.2421875,2,1
288,5,0.6171875,0.0625,0.6796875,0.15625,2,1
288,6,0.21484375,0.05078125,0.3125,0.1484375,1,1
288,6,0.33984375,0.08203125,0.390625,0.16796875,2,1
288,6,0.2421875,0.15625,0.3125,0.26171875,2,1
288,6,0.33984375,0.140625,0.4296875,0.234375,2,1
288,6,0.62109375,0.06640625,0.6796875,0.15234375,2,1
288,7,0.19140625,0.05859375,0.30078125,0.1484375,1,1
288,7,0.328125,0.078125,0.38671875,0.16015625,2,1
288,7,0.24609375,0.1484375,0.30859375,0.26171875,2,1
288,7,0.33984375,0.1328125,0.4296875,0.2421875,2,1
288,7,0.6171875,0.0703125,0.6796875,0.15234375,2,1
289,2,0.06640625,0.1796875,0.11328125,0.30859375,1,1
289,2,0.2421875,0.125,0.3125,0.2578125,2,1
289,2,0.2421875,0.125,0.3125,0.2578125,3,1
289,2,0.43359375,0.17578125,0.57421875,0.5234375,1,1
289,2,0.43359375,0.17578125,0.57421875,0.5234375,5,1
289,2,0.68359375,0.16015625,0.76953125,0.50390625,1,1
289,2,0.68359375,0.16015625,0.76953125,0.50390625,5,1
289,2,0.8984375,0.203125,0.95703125,0.44140625,1,1
289,2,0.8984375,0.203125,0.95703125,0.44140625,5,1
289,3,0.0625,0.17578125,0.11328125,0.3046875,1,1
289,3,0.2421875,0.125,0.3125,0.2578125,2,1
289,3,0.2421875,0.125,0.3125,0.2578125,3,1
289,3,0.43359375,0.17578125,0.57421875,0.5234375,1,1
289,3,0.43359375,0.17578125,0.57421875,0.5234375,5,1
289,3,0.68359375,0.16015625,0.76953125,0.50390625,1,1
289,3,0.68359375,0.16015625,0.76953125,0.50390625,5,1
289,3,0.8984375,0.203125,0.95703125,0.44140625,1,1
289,3,0.8984375,0.203125,0.95703125,0.44140625,5,1
289,4,0.05859375,0.17578125,0.109375,0.30859375,1,1
289,4,0.2421875,0.125,0.3125,0.2578125,2,1
289,4,0.2421875,0.125,0.3125,0.2578125,3,1
289,4,0.43359375,0.17578125,0.57421875,0.5234375,1,1
289,4,0.43359375,0.17578125,0.57421875,0.5234375,5,1
289,4,0.68359375,0.16015625,0.76953125,0.50390625,1,1
289,4,0.68359375,0.16015625,0.76953125,0.50390625,5,1
289,4,0.8828125,0.203125,0.953125,0.4375,1,1
289,4,0.8828125,0.203125,0.953125,0.4375,5,1
289,5,0.05859375,0.17578125,0.109375,0.30859375,1,1
289,5,0.2421875,0.125,0.3125,0.2578125,2,1
289,5,0.2421875,0.125,0.3125,0.2578125,3,1
289,5,0.43359375,0.17578125,0.578125,0.5234375,1,1
289,5,0.43359375,0.17578125,0.578125,0.5234375,5,1
289,5,0.68359375,0.16015625,0.76953125,0.50390625,1,1
289,5,0.68359375,0.16015625,0.76953125,0.50390625,5,1
289,5,0.88671875,0.19921875,0.9609375,0.4375,1,1
289,5,0.88671875,0.19921875,0.9609375,0.4375,5,1
289,6,0.05859375,0.17578125,0.12109375,0.30859375,1,1
289,6,0.2421875,0.125,0.3125,0.2578125,2,1
289,6,0.2421875,0.125,0.3125,0.2578125,3,1
289,6,0.43359375,0.17578125,0.5703125,0.53515625,1,1
289,6,0.43359375,0.17578125,0.5703125,0.53515625,5,1
289,6,0.68359375,0.16015625,0.76953125,0.50390625,1,1
289,6,0.68359375,0.16015625,0.76953125,0.50390625,5,1
289,6,0.8984375,0.203125,0.95703125,0.44140625,1,1
289,6,0.8984375,0.203125,0.95703125,0.44140625,5,1
289,7,0.05859375,0.17578125,0.125,0.30859375,1,1
289,7,0.2421875,0.125,0.3125,0.2578125,2,1
289,7,0.2421875,0.125,0.3125,0.2578125,3,1
289,7,0.43359375,0.17578125,0.58984375,0.5234375,1,1
289,7,0.43359375,0.17578125,0.58984375,0.5234375,5,1
289,7,0.67578125,0.1640625,0.76171875,0.5078125,1,1
289,7,0.67578125,0.1640625,0.76171875,0.5078125,5,1
289,7,0.8984375,0.203125,0.95703125,0.44140625,1,1
289,7,0.8984375,0.203125,0.95703125,0.44140625,5,1
290,2,0.23828125,0.1328125,0.3046875,0.26171875,2,1
290,2,0.8828125,0.2265625,0.96484375,0.5078125,1,1
290,2,0.8828125,0.2265625,0.96484375,0.5078125,5,1
290,2,0.06640625,0.16796875,0.140625,0.29296875,4,1
290,2,0.06640625,0.16796875,0.140625,0.29296875,1,1
290,2,0.10546875,0.109375,0.1953125,0.19140625,4,1
290,2,0.10546875,0.109375,0.1953125,0.19140625,1,1
290,3,0.23828125,0.1328125,0.3046875,0.26171875,2,1
290,3,0.8828125,0.2265625,0.96484375,0.5078125,1,1
290,3,0.8828125,0.2265625,0.96484375,0.5078125,5,1
290,3,0.06640625,0.16796875,0.140625,0.29296875,4,1
290,3,0.06640625,0.16796875,0.140625,0.29296875,1,1
290,3,0.10546875,0.109375,0.1953125,0.19140625,4,1
290,3,0.10546875,0.109375,0.1953125,0.19140625,1,1
290,4,0.23828125,0.1328125,0.3046875,0.26171875,2,1
290,4,0.8828125,0.2265625,0.96484375,0.5078125,1,1
290,4,0.8828125,0.2265625,0.96484375,0.5078125,5,1
290,4,0.06640625,0.16796875,0.140625,0.29296875,4,1
290,4,0.06640625,0.16796875,0.140625,0.29296875,1,1
290,4,0.10546875,0.109375,0.1953125,0.19140625,4,1
290,4,0.10546875,0.109375,0.1953125,0.19140625,1,1
290,5,0.23828125,0.1328125,0.3046875,0.26171875,2,1
290,5,0.8828125,0.2265625,0.96484375,0.5078125,1,1
290,5,0.8828125,0.2265625,0.96484375,0.5078125,5,1
290,5,0.06640625,0.16796875,0.140625,0.29296875,4,1
290,5,0.06640625,0.16796875,0.140625,0.29296875,1,1
290,5,0.10546875,0.109375,0.1953125,0.19140625,4,1
290,5,0.10546875,0.109375,0.1953125,0.19140625,1,1
290,6,0.23828125,0.1328125,0.3046875,0.26171875,2,1
290,6,0.8828125,0.2265625,0.96484375,0.5078125,1,1
290,6,0.8828125,0.2265625,0.96484375,0.5078125,5,1
290,6,0.06640625,0.16796875,0.140625,0.29296875,4,1
290,6,0.06640625,0.16796875,0.140625,0.29296875,1,1
290,6,0.10546875,0.109375,0.1953125,0.19140625,4,1
290,6,0.10546875,0.109375,0.1953125,0.19140625,1,1
290,7,0.23828125,0.1328125,0.3046875,0.26171875,2,1
290,7,0.8828125,0.2265625,0.96484375,0.5078125,1,1
290,7,0.8828125,0.2265625,0.96484375,0.5078125,5,1
290,7,0.06640625,0.16796875,0.140625,0.29296875,4,1
290,7,0.06640625,0.16796875,0.140625,0.29296875,1,1
290,7,0.10546875,0.109375,0.1953125,0.19140625,4,1
290,7,0.10546875,0.109375,0.1953125,0.19140625,1,1
291,2,0.44140625,0.16796875,0.53125,0.54296875,1,1
291,2,0.44140625,0.16796875,0.53125,0.54296875,5,1
291,2,0.58203125,0.1640625,0.7734375,0.53125,1,1
291,2,0.58203125,0.1640625,0.7734375,0.53125,5,1
291,2,0.12109375,0.16015625,0.18359375,0.3359375,4,1
291,2,0.12109375,0.16015625,0.18359375,0.3359375,1,1
291,2,0.49609375,0.0546875,0.5390625,0.1953125,1,1
291,2,0.8125,0.1484375,0.8671875,0.2578125,2,1
291,2,0.89453125,0.18359375,0.9609375,0.28515625,2,1
291,2,0.61328125,0.1171875,0.68359375,0.2265625,2,1
291,2,0.07421875,0.15625,0.15234375,0.29296875,4,1
291,2,0.07421875,0.15625,0.15234375,0.29296875,1,1
291,3,0.44140625,0.16796875,0.53125,0.54296875,1,1
291,3,0.44140625,0.16796875,0.53125,0.54296875,5,1
291,3,0.58203125,0.1640625,0.80078125,0.53125,1,1
291,3,0.58203125,0.1640625,0.80078125,0.53125,5,1
291,3,0.1171875,0.16015625,0.18359375,0.3359375,4,1
291,3,0.1171875,0.16015625,0.18359375,0.3359375,1,1
291,3,0.49609375,0.0546875,0.5390625,0.1953125,1,1
291,3,0.8125,0.1484375,0.8671875,0.2578125,2,1
291,3,0.89453125,0.18359375,0.9609375,0.28515625,2,1
291,3,0.61328125,0.1171875,0.68359375,0.2265625,2,1
291,3,0.07421875,0.15625,0.15234375,0.29296875,4,1
291,3,0.07421875,0.15625,0.15234375,0.29296875,1,1
291,4,0.44140625,0.16796875,0.53125,0.54296875,1,1
291,4,0.44140625,0.16796875,0.53125,0.54296875,5,1
291,4,0.58203125,0.1640625,0.78515625,0.53125,1,1
291,4,0.58203125,0.1640625,0.78515625,0.53125,5,1
291,4,0.1171875,0.16015625,0.18359375,0.3359375,4,1
291,4,0.1171875,0.16015625,0.18359375,0.3359375,1,1
291,4,0.49609375,0.0546875,0.5390625,0.1953125,1,1
291,4,0.8125,0.1484375,0.8671875,0.2578125,2,1
291,4,0.89453125,0.18359375,0.9609375,0.28515625,2,1
291,4,0.61328125,0.1015625,0.6796875,0.22265625,2,1
291,4,0.07421875,0.15625,0.15234375,0.29296875,4,1
291,4,0.07421875,0.15625,0.15234375,0.29296875,1,1
291,5,0.44140625,0.16796875,0.53125,0.54296875,1,1
291,5,0.44140625,0.16796875,0.53125,0.54296875,5,1
291,5,0.58203125,0.1640625,0.7890625,0.53125,1,1
291,5,0.58203125,0.1640625,0.7890625,0.53125,5,1
291,5,0.1171875,0.16015625,0.18359375,0.3359375,4,1
291,5,0.1171875,0.16015625,0.18359375,0.3359375,1,1
291,5,0.49609375,0.0546875,0.5390625,0.1953125,1,1
291,5,0.8125,0.1484375,0.8671875,0.2578125,2,1
291,5,0.89453125,0.18359375,0.9609375,0.28515625,2,1
291,5,0.61328125,0.1171875,0.68359375,0.2265625,2,1
291,5,0.07421875,0.15625,0.15234375,0.29296875,4,1
291,5,0.07421875,0.15625,0.15234375,0.29296875,1,1
291,6,0.44140625,0.16796875,0.53125,0.54296875,1,1
291,6,0.44140625,0.16796875,0.53125,0.54296875,5,1
291,6,0.58203125,0.1640625,0.7734375,0.53125,1,1
291,6,0.58203125,0.1640625,0.7734375,0.53125,5,1
291,6,0.1171875,0.16015625,0.18359375,0.3359375,4,1
291,6,0.1171875,0.16015625,0.18359375,0.3359375,1,1
291,6,0.49609375,0.0546875,0.5390625,0.1953125,1,1
291,6,0.8125,0.1484375,0.8671875,0.2578125,2,1
291,6,0.89453125,0.18359375,0.9609375,0.28515625,2,1
291,6,0.61328125,0.1171875,0.68359375,0.2265625,2,1
291,6,0.07421875,0.15625,0.15234375,0.29296875,4,1
291,6,0.07421875,0.15625,0.15234375,0.29296875,1,1
291,7,0.44140625,0.16796875,0.53125,0.54296875,1,1
291,7,0.44140625,0.16796875,0.53125,0.54296875,5,1
291,7,0.58203125,0.1640625,0.80078125,0.53125,1,1
291,7,0.58203125,0.1640625,0.80078125,0.53125,5,1
291,7,0.1171875,0.16015625,0.18359375,0.3359375,4,1
291,7,0.1171875,0.16015625,0.18359375,0.3359375,1,1
291,7,0.49609375,0.0546875,0.5390625,0.1953125,1,1
291,7,0.8125,0.1484375,0.8671875,0.2578125,2,1
291,7,0.89453125,0.18359375,0.9609375,0.28515625,2,1
291,7,0.61328125,0.1171875,0.68359375,0.2265625,2,1
291,7,0.07421875,0.15625,0.15234375,0.29296875,4,1
291,7,0.07421875,0.15625,0.15234375,0.29296875,1,1
292,2,0.03125,0.26171875,0.12109375,0.51171875,1,1
292,2,0.03125,0.26171875,0.12109375,0.51171875,5,1
292,2,0.18359375,0.2109375,0.31640625,0.54296875,1,1
292,2,0.18359375,0.2109375,0.31640625,0.54296875,5,1
292,2,0.43359375,0.1484375,0.5390625,0.55078125,1,1
292,2,0.43359375,0.1484375,0.5390625,0.55078125,5,1
292,2,0.58203125,0.16015625,0.7109375,0.52734375,1,1
292,2,0.58203125,0.16015625,0.7109375,0.52734375,5,1
292,2,0.73046875,0.17578125,0.83203125,0.4921875,1,1
292,2,0.73046875,0.17578125,0.83203125,0.4921875,5,1
292,2,0.80078125,0.19140625,0.9140625,0.5,1,1
292,2,0.80078125,0.19140625,0.9140625,0.5,5,1
292,2,0.89453125,0.21484375,0.953125,0.4453125,1,1
292,2,0.89453125,0.21484375,0.953125,0.4453125,5,1
292,2,0.80859375,0.09375,0.87109375,0.22265625,1,1
292,2,0.23046875,0.09375,0.2890625,0.28125,1,1
292,2,0.1328125,0.12890625,0.1875,0.3125,1,1
292,2,0.1328125,0.12890625,0.1875,0.3125,4,1
292,2,0.07421875,0.13671875,0.15234375,0.25390625,1,1
292,2,0.07421875,0.13671875,0.15234375,0.25390625,4,1
292,2,0.18359375,0.07421875,0.25390625,0.1875,1,1
292,2,0.18359375,0.07421875,0.25390625,0.1875,4,1
292,2,0.69140625,0.04296875,0.765625,0.13671875,1,1
292,2,0.625,0.06640625,0.69140625,0.15234375,2,1
292,3,0.03125,0.26171875,0.12109375,0.51171875,1,1
292,3,0.03125,0.26171875,0.12109375,0.51171875,5,1
292,3,0.18359375,0.2109375,0.31640625,0.54296875,1,1
292,3,0.18359375,0.2109375,0.31640625,0.54296875,5,1
292,3,0.43359375,0.1484375,0.5390625,0.5625,1,1
292,3,0.43359375,0.1484375,0.5390625,0.5625,5,1
292,3,0.58203125,0.16015625,0.7109375,0.52734375,1,1
292,3,0.58203125,0.16015625,0.7109375,0.52734375,5,1
292,3,0.73046875,0.17578125,0.83203125,0.4921875,1,1
292,3,0.73046875,0.17578125,0.83203125,0.4921875,5,1
292,3,0.80078125,0.19140625,0.9140625,0.5,1,1
292,3,0.80078125,0.19140625,0.9140625,0.5,5,1
292,3,0.89453125,0.21484375,0.953125,0.4453125,1,1
292,3,0.89453125,0.21484375,0.953125,0.4453125,5,1
292,3,0.80859375,0.09375,0.87109375,0.22265625,1,1
292,3,0.23046875,0.09375,0.2890625,0.28125,1,1
292,3,0.1328125,0.12890625,0.1875,0.3125,1,1
292,3,0.1328125,0.12890625,0.1875,0.3125,4,1
292,3,0.07421875,0.13671875,0.15234375,0.25390625,1,1
292,3,0.07421875,0.13671875,0.15234375,0.25390625,4,1
292,3,0.18359375,0.07421875,0.25390625,0.1875,1,1
292,3,0.18359375,0.07421875,0.25390625,0.1875,4,1
292,3,0.69140625,0.04296875,0.765625,0.13671875,1,1
292,3,0.625,0.06640625,0.69140625,0.15234375,2,1
292,4,0.03125,0.26171875,0.12109375,0.51171875,1,1
292,4,0.03125,0.26171875,0.12109375,0.51171875,5,1
292,4,0.1953125,0.20703125,0.30859375,0.5,1,1
292,4,0.1953125,0.20703125,0.30859375,0.5,5,1
292,4,0.43359375,0.1484375,0.5390625,0.5703125,1,1
292,4,0.43359375,0.1484375,0.5390625,0.5703125,5,1
292,4,0.58203125,0.16015625,0.7109375,0.52734375,1,1
292,4,0.58203125,0.16015625,0.7109375,0.52734375,5,1
292,4,0.73046875,0.17578125,0.83203125,0.4921875,1,1
292,4,0.73046875,0.17578125,0.83203125,0.4921875,5,1
292,4,0.80078125,0.19140625,0.91015625,0.4921875,1,1
292,4,0.80078125,0.19140625,0.91015625,0.4921875,5,1
292,4,0.8984375,0.20703125,0.96484375,0.4609375,1,1
292,4,0.8984375,0.20703125,0.96484375,0.4609375,5,1
292,4,0.80859375,0.09375,0.87109375,0.22265625,1,1
292,4,0.23046875,0.09375,0.2890625,0.28125,1,1
292,4,0.1328125,0.12890625,0.1875,0.3125,1,1
292,4,0.1328125,0.12890625,0.1875,0.3125,4,1
292,4,0.07421875,0.13671875,0.15234375,0.25390625,1,1
292,4,0.07421875,0.13671875,0.15234375,0.25390625,4,1
292,4,0.18359375,0.07421875,0.25390625,0.1875,1,1
292,4,0.18359375,0.07421875,0.25390625,0.1875,4,1
292,4,0.69140625,0.04296875,0.765625,0.13671875,1,1
292,4,0.625,0.06640625,0.69140625,0.15234375,2,1
292,5,0.03125,0.26171875,0.12109375,0.51171875,1,1
292,5,0.03125,0.26171875,0.12109375,0.51171875,5,1
292,5,0.18359375,0.2109375,0.31640625,0.49609375,1,1
292,5,0.18359375,0.2109375,0.31640625,0.49609375,5,1
292,5,0.43359375,0.1484375,0.5390625,0.55078125,1,1
292,5,0.43359375,0.1484375,0.5390625,0.55078125,5,1
292,5,0.58203125,0.16015625,0.7109375,0.52734375,1,1
292,5,0.58203125,0.16015625,0.7109375,0.52734375,5,1
292,5,0.734375,0.17578125,0.8359375,0.49609375,1,1
292,5,0.734375,0.17578125,0.8359375,0.49609375,5,1
292,5,0.80078125,0.19140625,0.9140625,0.5,1,1
292,5,0.80078125,0.19140625,0.9140625,0.5,5,1
292,5,0.89453125,0.21484375,0.9765625,0.49609375,1,1
292,5,0.89453125,0.21484375,0.9765625,0.49609375,5,1
292,5,0.80859375,0.09375,0.87109375,0.22265625,1,1
292,5,0.2265625,0.09375,0.28515625,0.28125,1,1
292,5,0.1328125,0.12890625,0.1875,0.3125,1,1
292,5,0.1328125,0.12890625,0.1875,0.3125,4,1
292,5,0.07421875,0.13671875,0.15234375,0.25390625,1,1
292,5,0.07421875,0.13671875,0.15234375,0.25390625,4,1
292,5,0.18359375,0.07421875,0.25390625,0.1875,1,1
292,5,0.18359375,0.07421875,0.25390625,0.1875,4,1
292,5,0.69140625,0.04296875,0.765625,0.13671875,1,1
292,5,0.625,0.06640625,0.69140625,0.15234375,2,1
292,6,0.03125,0.26171875,0.12109375,0.51171875,1,1
292,6,0.03125,0.26171875,0.12109375,0.51171875,5,1
292,6,0.1953125,0.21484375,0.31640625,0.48828125,1,1
292,6,0.1953125,0.21484375,0.31640625,0.48828125,5,1
292,6,0.43359375,0.1484375,0.5390625,0.546875,1,1
292,6,0.43359375,0.1484375,0.5390625,0.546875,5,1
292,6,0.58203125,0.16015625,0.7109375,0.52734375,1,1
292,6,0.58203125,0.16015625,0.7109375,0.52734375,5,1
292,6,0.73828125,0.1796875,0.83984375,0.5,1,1
292,6,0.73828125,0.1796875,0.83984375,0.5,5,1
292,6,0.80078125,0.19140625,0.9140625,0.5,1,1
292,6,0.80078125,0.19140625,0.9140625,0.5,5,1
292,6,0.89453125,0.21484375,0.97265625,0.47265625,1,1
292,6,0.89453125,0.21484375,0.97265625,0.47265625,5,1
292,6,0.80859375,0.09375,0.87109375,0.22265625,1,1
292,6,0.2265625,0.09375,0.28515625,0.28125,1,1
292,6,0.1328125,0.12890625,0.1875,0.3125,1,1
292,6,0.1328125,0.12890625,0.1875,0.3125,4,1
292,6,0.07421875,0.13671875,0.15234375,0.25390625,1,1
292,6,0.07421875,0.13671875,0.15234375,0.25390625,4,1
292,6,0.18359375,0.07421875,0.25390625,0.1875,1,1
292,6,0.18359375,0.07421875,0.25390625,0.1875,4,1
292,6,0.69140625,0.04296875,0.765625,0.13671875,1,1
292,6,0.625,0.06640625,0.69140625,0.15234375,2,1
292,7,0.03125,0.26171875,0.12109375,0.53515625,1,1
292,7,0.03125,0.26171875,0.12109375,0.53515625,5,1
292,7,0.18359375,0.2109375,0.31640625,0.4921875,1,1
292,7,0.18359375,0.2109375,0.31640625,0.4921875,5,1
292,7,0.43359375,0.1484375,0.5390625,0.5546875,1,1
292,7,0.43359375,0.1484375,0.5390625,0.5546875,5,1
292,7,0.5859375,0.16015625,0.70703125,0.52734375,1,1
292,7,0.5859375,0.16015625,0.70703125,0.52734375,5,1
292,7,0.73828125,0.171875,0.85546875,0.51171875,1,1
292,7,0.73828125,0.171875,0.85546875,0.51171875,5,1
292,7,0.80078125,0.19140625,0.91015625,0.5,1,1
292,7,0.80078125,0.19140625,0.91015625,0.5,5,1
292,7,0.89453125,0.2109375,0.96875,0.48046875,1,1
292,7,0.89453125,0.2109375,0.96875,0.48046875,5,1
292,7,0.80859375,0.09375,0.87109375,0.22265625,1,1
292,7,0.2265625,0.08984375,0.28515625,0.27734375,1,1
292,7,0.1328125,0.12890625,0.1875,0.3125,1,1
292,7,0.1328125,0.12890625,0.1875,0.3125,4,1
292,7,0.07421875,0.13671875,0.15234375,0.25390625,1,1
292,7,0.07421875,0.13671875,0.15234375,0.25390625,4,1
292,7,0.18359375,0.07421875,0.25390625,0.1875,1,1
292,7,0.18359375,0.07421875,0.25390625,0.1875,4,1
292,7,0.69140625,0.04296875,0.765625,0.13671875,1,1
292,7,0.625,0.06640625,0.69140625,0.15234375,2,1
293,2,0.00390625,0.26171875,0.14453125,0.5,1,1
293,2,0.00390625,0.26171875,0.14453125,0.5,5,1
293,2,0.2890625,0.18359375,0.375,0.55859375,1,1
293,2,0.2890625,0.18359375,0.375,0.55859375,5,1
293,2,0.375,0.140625,0.4609375,0.4140625,1,1
293,2,0.51171875,0.16015625,0.59375,0.546875,1,1
293,2,0.51171875,0.16015625,0.59375,0.546875,5,1
293,2,0.66015625,0.171875,0.82421875,0.44140625,1,1
293,2,0.66015625,0.171875,0.82421875,0.44140625,5,1
293,2,0.8125,0.234375,0.93359375,0.4296875,1,1
293,2,0.08984375,0.1328125,0.203125,0.28515625,1,1
293,2,0.72265625,0.07421875,0.78515625,0.27734375,1,1
293,2,0.78515625,0.08984375,0.84375,0.2578125,1,1
293,2,0.23046875,0.109375,0.32421875,0.26953125,2,1
293,2,0.6171875,0.09375,0.68359375,0.23828125,2,1
293,2,0.5,0.01953125,0.54296875,0.125,1,1
293,2,0.54296875,0.0703125,0.5859375,0.140625,2,1
293,2,0.578125,0.01953125,0.6328125,0.1015625,1,1
293,3,0.00390625,0.26171875,0.14453125,0.5,1,1
293,3,0.00390625,0.26171875,0.14453125,0.5,5,1
293,3,0.28125,0.1875,0.3671875,0.53125,1,1
293,3,0.28125,0.1875,0.3671875,0.53125,5,1
293,3,0.375,0.140625,0.4609375,0.4140625,1,1
293,3,0.5078125,0.16015625,0.59765625,0.546875,1,1
293,3,0.5078125,0.16015625,0.59765625,0.546875,5,1
293,3,0.66015625,0.171875,0.82421875,0.44921875,1,1
293,3,0.66015625,0.171875,0.82421875,0.44921875,5,1
293,3,0.82421875,0.23046875,0.94140625,0.4375,1,1
293,3,0.08984375,0.1328125,0.203125,0.28515625,1,1
293,3,0.72265625,0.07421875,0.78515625,0.27734375,1,1
293,3,0.78515625,0.08984375,0.84375,0.2578125,1,1
293,3,0.23046875,0.109375,0.32421875,0.26953125,2,1
293,3,0.6171875,0.09375,0.68359375,0.23828125,2,1
293,3,0.5,0.01953125,0.54296875,0.125,1,1
293,3,0.54296875,0.0703125,0.5859375,0.140625,2,1
293,3,0.578125,0.01953125,0.6328125,0.1015625,1,1
293,4,0.00390625,0.26171875,0.14453125,0.5,1,1
293,4,0.00390625,0.26171875,0.14453125,0.5,5,1
293,4,0.2890625,0.18359375,0.375,0.55859375,1,1
293,4,0.2890625,0.18359375,0.375,0.55859375,5,1
293,4,0.375,0.140625,0.4609375,0.4140625,1,1
293,4,0.51171875,0.16015625,0.59375,0.546875,1,1
293,4,0.51171875,0.16015625,0.59375,0.546875,5,1
293,4,0.66015625,0.171875,0.82421875,0.44921875,1,1
293,4,0.66015625,0.171875,0.82421875,0.44921875,5,1
293,4,0.82421875,0.2265625,0.9453125,0.42578125,1,1
293,4,0.08984375,0.1328125,0.203125,0.28515625,1,1
293,4,0.72265625,0.07421875,0.78515625,0.27734375,1,1
293,4,0.78515625,0.08984375,0.84375,0.2578125,1,1
293,4,0.23046875,0.109375,0.32421875,0.26953125,2,1
293,4,0.6171875,0.09375,0.68359375,0.23828125,2,1
293,4,0.5,0.01953125,0.54296875,0.125,1,1
293,4,0.54296875,0.0703125,0.5859375,0.140625,2,1
293,4,0.578125,0.01953125,0.6328125,0.1015625,1,1
293,5,0.00390625,0.26171875,0.14453125,0.5,1,1
293,5,0.00390625,0.26171875,0.14453125,0.5,5,1
293,5,0.2890625,0.18359375,0.375,0.55859375,1,1
293,5,0.2890625,0.18359375,0.375,0.55859375,5,1
293,5,0.375,0.140625,0.4609375,0.4140625,1,1
293,5,0.51171875,0.16015625,0.59375,0.546875,1,1
293,5,0.51171875,0.16015625,0.59375,0.546875,5,1
293,5,0.66015625,0.171875,0.82421875,0.4453125,1,1
293,5,0.66015625,0.171875,0.82421875,0.4453125,5,1
293,5,0.82421875,0.23828125,0.9296875,0.43359375,1,1
293,5,0.08984375,0.1328125,0.203125,0.28515625,1,1
293,5,0.72265625,0.07421875,0.78515625,0.27734375,1,1
293,5,0.78515625,0.08984375,0.84375,0.2578125,1,1
293,5,0.23046875,0.109375,0.32421875,0.26953125,2,1
293,5,0.6171875,0.09375,0.68359375,0.23828125,2,1
293,5,0.5,0.01953125,0.54296875,0.125,1,1
293,5,0.54296875,0.0703125,0.5859375,0.140625,2,1
293,5,0.578125,0.01953125,0.6328125,0.1015625,1,1
293,6,0.00390625,0.26171875,0.14453125,0.5,1,1
293,6,0.00390625,0.26171875,0.14453125,0.5,5,1
293,6,0.2890625,0.18359375,0.375,0.55859375,1,1
293,6,0.2890625,0.18359375,0.375,0.55859375,5,1
293,6,0.375,0.140625,0.4609375,0.4140625,1,1
293,6,0.51171875,0.16015625,0.59375,0.546875,1,1
293,6,0.51171875,0.16015625,0.59375,0.546875,5,1
293,6,0.66015625,0.171875,0.82421875,0.44140625,1,1
293,6,0.66015625,0.171875,0.82421875,0.44140625,5,1
293,6,0.82421875,0.23046875,0.9296875,0.4296875,1,1
293,6,0.08984375,0.1328125,0.203125,0.28515625,1,1
293,6,0.72265625,0.07421875,0.78515625,0.27734375,1,1
293,6,0.79296875,0.09375,0.86328125,0.26171875,1,1
293,6,0.23046875,0.109375,0.32421875,0.26953125,2,1
293,6,0.6171875,0.09375,0.68359375,0.23828125,2,1
293,6,0.5,0.01953125,0.54296875,0.125,1,1
293,6,0.54296875,0.0703125,0.5859375,0.140625,2,1
293,6,0.578125,0.01953125,0.6328125,0.1015625,1,1
293,7,0.00390625,0.26171875,0.14453125,0.5,1,1
293,7,0.00390625,0.26171875,0.14453125,0.5,5,1
293,7,0.2890625,0.18359375,0.38671875,0.5234375,1,1
293,7,0.2890625,0.18359375,0.38671875,0.5234375,5,1
293,7,0.375,0.140625,0.4609375,0.4140625,1,1
293,7,0.51171875,0.16015625,0.59375,0.546875,1,1
293,7,0.51171875,0.16015625,0.59375,0.546875,5,1
293,7,0.66015625,0.171875,0.828125,0.44921875,1,1
293,7,0.66015625,0.171875,0.828125,0.44921875,5,1
293,7,0.82421875,0.234375,0.9296875,0.43359375,1,1
293,7,0.08984375,0.1328125,0.203125,0.28515625,1,1
293,7,0.72265625,0.07421875,0.78515625,0.27734375,1,1
293,7,0.79296875,0.08984375,0.87109375,0.2578125,1,1
293,7,0.23046875,0.109375,0.32421875,0.26953125,2,1
293,7,0.6171875,0.09375,0.68359375,0.23828125,2,1
293,7,0.5,0.01953125,0.54296875,0.125,1,1
293,7,0.54296875,0.0703125,0.5859375,0.140625,2,1
293,7,0.578125,0.01953125,0.6328125,0.1015625,1,1
294,2,0.2734375,0.19921875,0.3671875,0.5,1,1
294,2,0.2734375,0.19921875,0.3671875,0.5,5,1
294,2,0.6015625,0.0859375,0.68359375,0.234375,2,1
294,2,0.8359375,0.23046875,0.91015625,0.44140625,1,1
294,2,0.34765625,0.1015625,0.4140625,0.2421875,2,1
294,2,0.49609375,0.08984375,0.546875,0.2265625,2,1
294,2,0.23828125,0.12109375,0.30078125,0.265625,2,1
294,2,0.0234375,0.17578125,0.140625,0.3515625,1,1
294,2,0.0234375,0.17578125,0.140625,0.3515625,4,1
294,2,0.78515625,0.109375,0.875,0.25390625,1,1
294,3,0.2734375,0.19921875,0.37109375,0.5,1,1
294,3,0.2734375,0.19921875,0.37109375,0.5,5,1
294,3,0.6015625,0.0859375,0.68359375,0.234375,2,1
294,3,0.8359375,0.23046875,0.91015625,0.44140625,1,1
294,3,0.34765625,0.1015625,0.4140625,0.2421875,2,1
294,3,0.49609375,0.08984375,0.546875,0.2265625,2,1
294,3,0.23828125,0.12109375,0.30078125,0.265625,2,1
294,3,0.0234375,0.17578125,0.140625,0.3515625,1,1
294,3,0.0234375,0.17578125,0.140625,0.3515625,4,1
294,3,0.78515625,0.109375,0.875,0.25390625,1,1
294,4,0.2734375,0.19921875,0.37109375,0.50390625,1,1
294,4,0.2734375,0.19921875,0.37109375,0.50390625,5,1
294,4,0.6015625,0.0859375,0.68359375,0.234375,2,1
294,4,0.8046875,0.2109375,0.91015625,0.44140625,1,1
294,4,0.34765625,0.1015625,0.4140625,0.2421875,2,1
294,4,0.49609375,0.08984375,0.546875,0.2265625,2,1
294,4,0.23828125,0.12109375,0.30078125,0.265625,2,1
294,4,0.0234375,0.17578125,0.140625,0.3515625,1,1
294,4,0.0234375,0.17578125,0.140625,0.3515625,4,1
294,4,0.78515625,0.109375,0.875,0.25390625,1,1
294,5,0.2734375,0.19921875,0.375,0.5,1,1
294,5,0.2734375,0.19921875,0.375,0.5,5,1
294,5,0.6015625,0.0859375,0.68359375,0.234375,2,1
294,5,0.78515625,0.19140625,0.91015625,0.4453125,1,1
294,5,0.34765625,0.1015625,0.4140625,0.2421875,2,1
294,5,0.49609375,0.08984375,0.546875,0.2265625,2,1
294,5,0.23828125,0.12109375,0.30078125,0.265625,2,1
294,5,0.0234375,0.17578125,0.140625,0.3515625,1,1
294,5,0.0234375,0.17578125,0.140625,0.3515625,4,1
294,5,0.75,0.109375,0.87890625,0.2578125,1,1
294,6,0.2734375,0.19921875,0.3671875,0.50390625,1,1
294,6,0.2734375,0.19921875,0.3671875,0.50390625,5,1
294,6,0.6015625,0.0859375,0.68359375,0.234375,2,1
294,6,0.75390625,0.18359375,0.89453125,0.4140625,1,1
294,6,0.34765625,0.1015625,0.4140625,0.2421875,2,1
294,6,0.49609375,0.08984375,0.546875,0.2265625,2,1
294,6,0.23828125,0.12109375,0.30078125,0.265625,2,1
294,6,0.0234375,0.17578125,0.140625,0.3515625,1,1
294,6,0.0234375,0.17578125,0.140625,0.3515625,4,1
294,6,0.75,0.109375,0.86328125,0.2578125,1,1
294,7,0.2734375,0.19921875,0.375,0.5,1,1
294,7,0.2734375,0.19921875,0.375,0.5,5,1
294,7,0.6015625,0.0859375,0.68359375,0.234375,2,1
294,7,0.7421875,0.16796875,0.88671875,0.3984375,1,1
294,7,0.34765625,0.1015625,0.4140625,0.2421875,2,1
294,7,0.49609375,0.08984375,0.546875,0.2265625,2,1
294,7,0.23828125,0.12109375,0.30078125,0.265625,2,1
294,7,0.0234375,0.17578125,0.140625,0.3515625,1,1
294,7,0.0234375,0.17578125,0.140625,0.3515625,4,1
294,7,0.75,0.1015625,0.86328125,0.19140625,1,1
295,2,0.49609375,0.1875,0.6796875,0.4140625,1,1
295,2,0.31640625,0.15234375,0.5078125,0.43359375,1,1
295,2,0.25390625,0.17578125,0.36328125,0.5703125,1,1
295,2,0.25390625,0.17578125,0.36328125,0.5703125,5,1
295,2,0.15234375,0.18359375,0.234375,0.54296875,1,1
295,2,0.15234375,0.18359375,0.234375,0.54296875,5,1
295,2,0.03125,0.29296875,0.1015625,0.5546875,1,1
295,2,0.03125,0.29296875,0.1015625,0.5546875,5,1
295,2,0.8359375,0.1171875,0.87109375,0.3046875,1,1
295,2,0.91796875,0.171875,0.96484375,0.328125,1,1
295,2,0.52734375,0.00390625,0.6015625,0.08203125,1,1
295,2,0.60546875,0.0078125,0.65625,0.08203125,1,1
295,2,0.6640625,0.0234375,0.7265625,0.11328125,1,1
295,2,0.2109375,0.0546875,0.29296875,0.14453125,1,1
295,2,0.13671875,0.12890625,0.18359375,0.30859375,1,1
295,2,0.13671875,0.12890625,0.18359375,0.30859375,4,1
295,2,0.421875,0.05859375,0.4765625,0.1484375,2,1
295,2,0.69140625,0.16015625,0.7734375,0.25,2,1
295,3,0.49609375,0.1875,0.6796875,0.4140625,1,1
295,3,0.30859375,0.1640625,0.484375,0.484375,1,1
295,3,0.30859375,0.1640625,0.484375,0.484375,5,1
295,3,0.25390625,0.17578125,0.36328125,0.5703125,1,1
295,3,0.25390625,0.17578125,0.36328125,0.5703125,5,1
295,3,0.15234375,0.18359375,0.234375,0.54296875,1,1
295,3,0.15234375,0.18359375,0.234375,0.54296875,5,1
295,3,0.03125,0.29296875,0.1015625,0.5546875,1,1
295,3,0.03125,0.29296875,0.1015625,0.5546875,5,1
295,3,0.8359375,0.1171875,0.87109375,0.3046875,1,1
295,3,0.91796875,0.171875,0.96484375,0.328125,1,1
295,3,0.52734375,0.00390625,0.6015625,0.08203125,1,1
295,3,0.60546875,0.0078125,0.65625,0.08203125,1,1
295,3,0.6640625,0.0234375,0.7265625,0.11328125,1,1
295,3,0.2109375,0.0546875,0.29296875,0.14453125,1,1
295,3,0.13671875,0.12890625,0.18359375,0.30859375,1,1
295,3,0.13671875,0.12890625,0.18359375,0.30859375,4,1
295,3,0.421875,0.05859375,0.4765625,0.1484375,2,1
295,3,0.69140625,0.16015625,0.7734375,0.25,2,1
295,4,0.49609375,0.1875,0.6796875,0.4140625,1,1
295,4,0.29296875,0.16796875,0.48046875,0.4921875,1,1
295,4,0.29296875,0.16796875,0.48046875,0.4921875,5,1
295,4,0.25390625,0.17578125,0.36328125,0.5703125,1,1
295,4,0.25390625,0.17578125,0.36328125,0.5703125,5,1
295,4,0.15234375,0.18359375,0.234375,0.54296875,1,1
295,4,0.15234375,0.18359375,0.234375,0.54296875,5,1
295,4,0.03125,0.29296875,0.1015625,0.5546875,1,1
295,4,0.03125,0.29296875,0.1015625,0.5546875,5,1
295,4,0.8359375,0.1171875,0.87109375,0.3046875,1,1
295,4,0.91796875,0.171875,0.96875,0.328125,1,1
295,4,0.52734375,0.00390625,0.6015625,0.08203125,1,1
295,4,0.60546875,0.0078125,0.65625,0.08203125,1,1
295,4,0.6640625,0.0234375,0.7265625,0.11328125,1,1
295,4,0.2109375,0.0546875,0.29296875,0.14453125,1,1
295,4,0.13671875,0.12890625,0.18359375,0.30859375,1,1
295,4,0.13671875,0.12890625,0.18359375,0.30859375,4,1
295,4,0.421875,0.05859375,0.4765625,0.1484375,2,1
295,4,0.69140625,0.16015625,0.7734375,0.25,2,1
295,5,0.49609375,0.1875,0.6796875,0.4140625,1,1
295,5,0.3046875,0.16015625,0.4765625,0.50390625,1,1
295,5,0.3046875,0.16015625,0.4765625,0.50390625,5,1
295,5,0.25390625,0.17578125,0.36328125,0.5703125,1,1
295,5,0.25390625,0.17578125,0.36328125,0.5703125,5,1
295,5,0.15234375,0.18359375,0.234375,0.54296875,1,1
295,5,0.15234375,0.18359375,0.234375,0.54296875,5,1
295,5,0.03125,0.29296875,0.1015625,0.5546875,1,1
295,5,0.03125,0.29296875,0.1015625,0.5546875,5,1
295,5,0.8359375,0.1171875,0.87109375,0.3046875,1,1
295,5,0.91796875,0.171875,0.96484375,0.328125,1,1
295,5,0.52734375,0.00390625,0.6015625,0.08203125,1,1
295,5,0.60546875,0.0078125,0.65625,0.08203125,1,1
295,5,0.6640625,0.0234375,0.7265625,0.11328125,1,1
295,5,0.2109375,0.0546875,0.29296875,0.14453125,1,1
295,5,0.13671875,0.12890625,0.18359375,0.30859375,1,1
295,5,0.13671875,0.12890625,0.18359375,0.30859375,4,1
295,5,0.421875,0.05859375,0.4765625,0.1484375,2,1
295,5,0.69140625,0.16015625,0.7734375,0.25,2,1
295,6,0.49609375,0.1875,0.6796875,0.4140625,1,1
295,6,0.3046875,0.15234375,0.5078125,0.5078125,1,1
295,6,0.3046875,0.15234375,0.5078125,0.5078125,5,1
295,6,0.25390625,0.17578125,0.36328125,0.5703125,1,1
295,6,0.25390625,0.17578125,0.36328125,0.5703125,5,1
295,6,0.15234375,0.18359375,0.234375,0.54296875,1,1
295,6,0.15234375,0.18359375,0.234375,0.54296875,5,1
295,6,0.03125,0.29296875,0.1015625,0.5546875,1,1
295,6,0.03125,0.29296875,0.1015625,0.5546875,5,1
295,6,0.8359375,0.1171875,0.87109375,0.3046875,1,1
295,6,0.91796875,0.171875,0.96484375,0.328125,1,1
295,6,0.52734375,0.00390625,0.6015625,0.08203125,1,1
295,6,0.60546875,0.0078125,0.65625,0.08203125,1,1
295,6,0.6640625,0.0234375,0.7265625,0.11328125,1,1
295,6,0.2109375,0.0546875,0.29296875,0.14453125,1,1
295,6,0.13671875,0.12890625,0.18359375,0.30859375,1,1
295,6,0.13671875,0.12890625,0.18359375,0.30859375,4,1
295,6,0.421875,0.05859375,0.4765625,0.1484375,2,1
295,6,0.69140625,0.16015625,0.7734375,0.25,2,1
295,7,0.49609375,0.1875,0.6796875,0.4140625,1,1
295,7,0.3046875,0.15234375,0.4765625,0.51171875,1,1
295,7,0.3046875,0.15234375,0.4765625,0.51171875,5,1
295,7,0.25390625,0.17578125,0.36328125,0.5703125,1,1
295,7,0.25390625,0.17578125,0.36328125,0.5703125,5,1
295,7,0.15234375,0.18359375,0.234375,0.54296875,1,1
295,7,0.15234375,0.18359375,0.234375,0.54296875,5,1
295,7,0.03125,0.29296875,0.1015625,0.5546875,1,1
295,7,0.03125,0.29296875,0.1015625,0.5546875,5,1
295,7,0.8359375,0.1171875,0.87109375,0.3046875,1,1
295,7,0.91796875,0.171875,0.96484375,0.328125,1,1
295,7,0.52734375,0.00390625,0.6015625,0.08203125,1,1
295,7,0.60546875,0.0078125,0.65625,0.08203125,1,1
295,7,0.6640625,0.0234375,0.7265625,0.11328125,1,1
295,7,0.2109375,0.0546875,0.29296875,0.14453125,1,1
295,7,0.13671875,0.12890625,0.18359375,0.30859375,1,1
295,7,0.13671875,0.12890625,0.18359375,0.30859375,4,1
295,7,0.421875,0.05859375,0.4765625,0.1484375,2,1
295,7,0.69140625,0.16015625,0.7734375,0.25,2,1
297,2,0.1796875,0.21484375,0.30859375,0.41015625,1,1
297,2,0.6640625,0.2890625,0.76953125,0.53125,1,1
297,2,0.6640625,0.2890625,0.76953125,0.53125,5,1
297,2,0.8125,0.3125,0.89453125,0.64453125,1,1
297,2,0.8125,0.3125,0.89453125,0.64453125,5,1
297,2,0.91796875,0.3359375,0.96875,0.625,1,1
297,2,0.91796875,0.3359375,0.96875,0.625,5,1
297,2,0.70703125,0.1640625,0.7578125,0.3125,1,1
297,2,0.70703125,0.1640625,0.7578125,0.3125,4,1
297,2,0.9140625,0.26171875,0.96875,0.3671875,2,1
297,3,0.1796875,0.21484375,0.30859375,0.41015625,1,1
297,3,0.67578125,0.2890625,0.76953125,0.578125,1,1
297,3,0.67578125,0.2890625,0.76953125,0.578125,5,1
297,3,0.8125,0.3125,0.89453125,0.64453125,1,1
297,3,0.8125,0.3125,0.89453125,0.64453125,5,1
297,3,0.91796875,0.3359375,0.96875,0.625,1,1
297,3,0.91796875,0.3359375,0.96875,0.625,5,1
297,3,0.70703125,0.1640625,0.7578125,0.3125,1,1
297,3,0.70703125,0.1640625,0.7578125,0.3125,4,1
297,3,0.9140625,0.26171875,0.96875,0.3671875,2,1
297,4,0.1796875,0.21484375,0.30859375,0.41015625,1,1
297,4,0.67578125,0.2890625,0.76953125,0.578125,1,1
297,4,0.67578125,0.2890625,0.76953125,0.578125,5,1
297,4,0.8125,0.3125,0.89453125,0.64453125,1,1
297,4,0.8125,0.3125,0.89453125,0.64453125,5,1
297,4,0.91796875,0.3359375,0.96875,0.625,1,1
297,4,0.91796875,0.3359375,0.96875,0.625,5,1
297,4,0.70703125,0.1640625,0.7578125,0.3125,1,1
297,4,0.70703125,0.1640625,0.7578125,0.3125,4,1
297,4,0.9140625,0.26171875,0.96875,0.3671875,2,1
297,5,0.1796875,0.21484375,0.30859375,0.41015625,1,1
297,5,0.67578125,0.2890625,0.765625,0.6015625,5,1
297,5,0.67578125,0.2890625,0.765625,0.6015625,1,1
297,5,0.8125,0.3125,0.89453125,0.64453125,1,1
297,5,0.8125,0.3125,0.89453125,0.64453125,5,1
297,5,0.91796875,0.3359375,0.96875,0.625,1,1
297,5,0.91796875,0.3359375,0.96875,0.625,5,1
297,5,0.70703125,0.1640625,0.7578125,0.3125,1,1
297,5,0.70703125,0.1640625,0.7578125,0.3125,4,1
297,5,0.9140625,0.26171875,0.96875,0.3671875,2,1
297,6,0.1875,0.21484375,0.30859375,0.40625,1,1
297,6,0.69140625,0.2890625,0.7734375,0.65625,1,1
297,6,0.69140625,0.2890625,0.7734375,0.65625,5,1
297,6,0.8125,0.3125,0.89453125,0.64453125,1,1
297,6,0.8125,0.3125,0.89453125,0.64453125,5,1
297,6,0.91796875,0.3359375,0.96875,0.625,1,1
297,6,0.91796875,0.3359375,0.96875,0.625,5,1
297,6,0.7109375,0.1640625,0.7578125,0.3125,1,1
297,6,0.7109375,0.1640625,0.7578125,0.3125,4,1
297,6,0.9140625,0.26171875,0.96875,0.3671875,2,1
297,7,0.1796875,0.21484375,0.30859375,0.41015625,1,1
297,7,0.69140625,0.2890625,0.76953125,0.66796875,1,1
297,7,0.69140625,0.2890625,0.76953125,0.66796875,5,1
297,7,0.8125,0.3125,0.89453125,0.64453125,1,1
297,7,0.8125,0.3125,0.89453125,0.64453125,5,1
297,7,0.91796875,0.3359375,0.96875,0.625,1,1
297,7,0.91796875,0.3359375,0.96875,0.625,5,1
297,7,0.70703125,0.1640625,0.7578125,0.3125,1,1
297,7,0.70703125,0.1640625,0.7578125,0.3125,4,1
297,7,0.9140625,0.26171875,0.96875,0.3671875,2,1
298,2,0.07421875,0.359375,0.1484375,0.66796875,1,1
298,2,0.07421875,0.359375,0.1484375,0.66796875,5,1
298,2,0.2109375,0.33984375,0.40625,0.59375,1,1
298,2,0.2109375,0.33984375,0.40625,0.59375,5,1
298,2,0.61328125,0.26953125,0.71484375,0.6640625,1,1
298,2,0.61328125,0.26953125,0.71484375,0.6640625,5,1
298,2,0.8125,0.3203125,0.8828125,0.625,1,1
298,2,0.8125,0.3203125,0.8828125,0.625,5,1
298,2,0.69140625,0.1640625,0.75390625,0.32421875,1,1
298,2,0.69140625,0.1640625,0.75390625,0.32421875,4,1
298,2,0.46484375,0.125,0.5625,0.23046875,1,1
298,2,0.41015625,0.18359375,0.4609375,0.2734375,2,1
298,2,0.328125,0.2265625,0.40625,0.35546875,2,1
298,2,0.328125,0.2265625,0.40625,0.35546875,3,1
298,2,0.21484375,0.26171875,0.296875,0.359375,2,1
298,2,0.90625,0.2734375,0.96875,0.37109375,2,1
298,3,0.07421875,0.359375,0.1484375,0.66796875,1,1
298,3,0.07421875,0.359375,0.1484375,0.66796875,5,1
298,3,0.2109375,0.33984375,0.40625,0.59375,1,1
298,3,0.2109375,0.33984375,0.40625,0.59375,5,1
298,3,0.6171875,0.26953125,0.71875,0.6640625,1,1
298,3,0.6171875,0.26953125,0.71875,0.6640625,5,1
298,3,0.8125,0.31640625,0.890625,0.65625,1,1
298,3,0.8125,0.31640625,0.890625,0.65625,5,1
298,3,0.69140625,0.1640625,0.75390625,0.32421875,1,1
298,3,0.69140625,0.1640625,0.75390625,0.32421875,4,1
298,3,0.43359375,0.1171875,0.53125,0.22265625,1,1
298,3,0.41015625,0.18359375,0.4609375,0.2734375,2,1
298,3,0.328125,0.2265625,0.40625,0.35546875,2,1
298,3,0.328125,0.2265625,0.40625,0.35546875,3,1
298,3,0.21484375,0.26171875,0.296875,0.359375,2,1
298,3,0.90625,0.2734375,0.96875,0.37109375,2,1
298,4,0.07421875,0.359375,0.1484375,0.66796875,1,1
298,4,0.07421875,0.359375,0.1484375,0.66796875,5,1
298,4,0.2109375,0.33984375,0.40625,0.59375,1,1
298,4,0.2109375,0.33984375,0.40625,0.59375,5,1
298,4,0.62109375,0.26953125,0.72265625,0.6640625,1,1
298,4,0.62109375,0.26953125,0.72265625,0.6640625,5,1
298,4,0.8125,0.3203125,0.8828125,0.66015625,1,1
298,4,0.8125,0.3203125,0.8828125,0.66015625,5,1
298,4,0.69140625,0.1640625,0.75390625,0.32421875,1,1
298,4,0.69140625,0.1640625,0.75390625,0.32421875,4,1
298,4,0.3984375,0.1171875,0.49609375,0.22265625,1,1
298,4,0.41015625,0.18359375,0.4609375,0.2734375,2,1
298,4,0.328125,0.2265625,0.40625,0.35546875,2,1
298,4,0.328125,0.2265625,0.40625,0.35546875,3,1
298,4,0.21484375,0.26171875,0.296875,0.359375,2,1
298,4,0.90625,0.2734375,0.96875,0.37109375,2,1
298,5,0.07421875,0.359375,0.1484375,0.66015625,1,1
298,5,0.07421875,0.359375,0.1484375,0.66015625,5,1
298,5,0.2109375,0.33984375,0.40625,0.59375,1,1
298,5,0.2109375,0.33984375,0.40625,0.59375,5,1
298,5,0.61328125,0.26953125,0.71484375,0.6640625,1,1
298,5,0.61328125,0.26953125,0.71484375,0.6640625,5,1
298,5,0.8125,0.31640625,0.8828125,0.66015625,1,1
298,5,0.8125,0.31640625,0.8828125,0.66015625,5,1
298,5,0.69140625,0.16796875,0.75390625,0.328125,1,1
298,5,0.69140625,0.16796875,0.75390625,0.328125,4,1
298,5,0.3671875,0.125,0.46484375,0.23046875,1,1
298,5,0.41015625,0.18359375,0.4609375,0.2734375,2,1
298,5,0.328125,0.2265625,0.40625,0.35546875,2,1
298,5,0.328125,0.2265625,0.40625,0.35546875,3,1
298,5,0.21484375,0.26171875,0.296875,0.359375,2,1
298,5,0.90625,0.2734375,0.96875,0.37109375,2,1
298,6,0.07421875,0.359375,0.1484375,0.66796875,1,1
298,6,0.07421875,0.359375,0.1484375,0.66796875,5,1
298,6,0.2109375,0.33984375,0.40625,0.59375,1,1
298,6,0.2109375,0.33984375,0.40625,0.59375,5,1
298,6,0.61328125,0.26953125,0.71484375,0.6640625,1,1
298,6,0.61328125,0.26953125,0.71484375,0.6640625,5,1
298,6,0.8125,0.3125,0.8828125,0.66015625,1,1
298,6,0.8125,0.3125,0.8828125,0.66015625,5,1
298,6,0.69140625,0.16796875,0.75390625,0.328125,1,1
298,6,0.69140625,0.16796875,0.75390625,0.328125,4,1
298,6,0.328125,0.125,0.42578125,0.23046875,1,1
298,6,0.41015625,0.18359375,0.4609375,0.2734375,2,1
298,6,0.328125,0.2265625,0.40625,0.35546875,2,1
298,6,0.328125,0.2265625,0.40625,0.35546875,3,1
298,6,0.21484375,0.26171875,0.296875,0.359375,2,1
298,6,0.90625,0.2734375,0.96875,0.37109375,2,1
298,7,0.07421875,0.359375,0.1484375,0.66796875,1,1
298,7,0.07421875,0.359375,0.1484375,0.66796875,5,1
298,7,0.2109375,0.33984375,0.40625,0.59375,1,1
298,7,0.2109375,0.33984375,0.40625,0.59375,5,1
298,7,0.61328125,0.26953125,0.71484375,0.6640625,1,1
298,7,0.61328125,0.26953125,0.71484375,0.6640625,5,1
298,7,0.8125,0.3203125,0.8828125,0.6640625,1,1
298,7,0.8125,0.3203125,0.8828125,0.6640625,5,1
298,7,0.69140625,0.16796875,0.75390625,0.328125,1,1
298,7,0.69140625,0.16796875,0.75390625,0.328125,4,1
298,7,0.29296875,0.12890625,0.390625,0.234375,1,1
298,7,0.41015625,0.18359375,0.4609375,0.2734375,2,1
298,7,0.328125,0.2265625,0.40625,0.35546875,2,1
298,7,0.328125,0.2265625,0.40625,0.35546875,3,1
298,7,0.21484375,0.26171875,0.296875,0.359375,2,1
298,7,0.90625,0.2734375,0.96875,0.37109375,2,1
299,2,0.359375,0.3046875,0.51953125,0.56640625,1,1
299,2,0.15234375,0.296875,0.3359375,0.6328125,1,1
299,2,0.15234375,0.296875,0.3359375,0.6328125,5,1
299,2,0.80859375,0.296875,0.90234375,0.58203125,1,1
299,2,0.80859375,0.296875,0.90234375,0.58203125,5,1
299,2,0.10546875,0.3359375,0.16015625,0.62890625,1,1
299,2,0.10546875,0.3359375,0.16015625,0.62890625,5,1
299,2,0.05078125,0.34765625,0.1171875,0.6640625,1,1
299,2,0.05078125,0.34765625,0.1171875,0.6640625,5,1
299,2,0.671875,0.171875,0.75390625,0.3203125,1,1
299,2,0.671875,0.171875,0.75390625,0.3203125,4,1
299,2,0.7734375,0.1953125,0.88671875,0.375,1,1
299,2,0.7734375,0.1953125,0.88671875,0.375,4,1
299,2,0.40234375,0.1875,0.46875,0.26953125,2,1
299,2,0.63671875,0.140625,0.71875,0.26953125,1,1
299,2,0.63671875,0.140625,0.71875,0.26953125,4,1
299,2,0.58203125,0.1328125,0.671875,0.25390625,1,1
299,2,0.32421875,0.2265625,0.390625,0.3515625,2,1
299,2,0.79296875,0.140625,0.8671875,0.2421875,1,1
299,3,0.10546875,0.3359375,0.16015625,0.62890625,1,1
299,3,0.10546875,0.3359375,0.16015625,0.62890625,5,1
299,3,0.05078125,0.34765625,0.1171875,0.6640625,1,1
299,3,0.05078125,0.34765625,0.1171875,0.6640625,5,1
299,3,0.671875,0.171875,0.75390625,0.3203125,1,1
299,3,0.671875,0.171875,0.75390625,0.3203125,4,1
299,3,0.7734375,0.1953125,0.88671875,0.375,1,1
299,3,0.7734375,0.1953125,0.88671875,0.375,4,1
299,3,0.40234375,0.1875,0.46875,0.26953125,2,1
299,3,0.63671875,0.140625,0.71875,0.26953125,1,1
299,3,0.63671875,0.140625,0.71875,0.26953125,4,1
299,3,0.58203125,0.1328125,0.671875,0.25390625,1,1
299,3,0.32421875,0.2265625,0.390625,0.3515625,2,1
299,3,0.79296875,0.140625,0.8671875,0.2421875,1,1
299,4,0.10546875,0.3359375,0.16015625,0.62890625,1,1
299,4,0.10546875,0.3359375,0.16015625,0.62890625,5,1
299,4,0.05078125,0.34765625,0.1171875,0.6640625,1,1
299,4,0.05078125,0.34765625,0.1171875,0.6640625,5,1
299,4,0.671875,0.171875,0.75390625,0.3203125,1,1
299,4,0.671875,0.171875,0.75390625,0.3203125,4,1
299,4,0.7734375,0.1953125,0.88671875,0.375,1,1
299,4,0.7734375,0.1953125,0.88671875,0.375,4,1
299,4,0.40234375,0.1875,0.46875,0.26953125,2,1
299,4,0.63671875,0.140625,0.71875,0.26953125,1,1
299,4,0.63671875,0.140625,0.71875,0.26953125,4,1
299,4,0.58203125,0.1328125,0.671875,0.25390625,1,1
299,4,0.32421875,0.2265625,0.390625,0.3515625,2,1
299,4,0.79296875,0.140625,0.8671875,0.2421875,1,1
299,5,0.10546875,0.3359375,0.16015625,0.62890625,1,1
299,5,0.10546875,0.3359375,0.16015625,0.62890625,5,1
299,5,0.05078125,0.34765625,0.1171875,0.6640625,1,1
299,5,0.05078125,0.34765625,0.1171875,0.6640625,5,1
299,5,0.671875,0.171875,0.75390625,0.3203125,1,1
299,5,0.671875,0.171875,0.75390625,0.3203125,4,1
299,5,0.7734375,0.1953125,0.88671875,0.375,1,1
299,5,0.7734375,0.1953125,0.88671875,0.375,4,1
299,5,0.40234375,0.1875,0.46875,0.26953125,2,1
299,5,0.63671875,0.140625,0.71875,0.26953125,1,1
299,5,0.63671875,0.140625,0.71875,0.26953125,4,1
299,5,0.58203125,0.1328125,0.671875,0.25390625,1,1
299,5,0.32421875,0.2265625,0.390625,0.3515625,2,1
299,5,0.79296875,0.140625,0.8671875,0.2421875,1,1
299,6,0.10546875,0.3359375,0.16015625,0.62890625,1,1
299,6,0.10546875,0.3359375,0.16015625,0.62890625,5,1
299,6,0.05078125,0.34765625,0.1171875,0.6640625,1,1
299,6,0.05078125,0.34765625,0.1171875,0.6640625,5,1
299,6,0.671875,0.171875,0.75390625,0.3203125,1,1
299,6,0.671875,0.171875,0.75390625,0.3203125,4,1
299,6,0.7734375,0.1953125,0.88671875,0.375,1,1
299,6,0.7734375,0.1953125,0.88671875,0.375,4,1
299,6,0.40234375,0.1875,0.46875,0.26953125,2,1
299,6,0.63671875,0.140625,0.71875,0.26953125,1,1
299,6,0.63671875,0.140625,0.71875,0.26953125,4,1
299,6,0.58203125,0.1328125,0.671875,0.25390625,1,1
299,6,0.32421875,0.2265625,0.390625,0.3515625,2,1
299,6,0.79296875,0.140625,0.8671875,0.2421875,1,1
299,7,0.10546875,0.3359375,0.16015625,0.62890625,1,1
299,7,0.10546875,0.3359375,0.16015625,0.62890625,5,1
299,7,0.05078125,0.34765625,0.1171875,0.6640625,1,1
299,7,0.05078125,0.34765625,0.1171875,0.6640625,5,1
299,7,0.671875,0.171875,0.75390625,0.3203125,1,1
299,7,0.671875,0.171875,0.75390625,0.3203125,4,1
299,7,0.7734375,0.1953125,0.88671875,0.375,1,1
299,7,0.7734375,0.1953125,0.88671875,0.375,4,1
299,7,0.40234375,0.1875,0.46875,0.26953125,2,1
299,7,0.63671875,0.140625,0.71875,0.26953125,1,1
299,7,0.63671875,0.140625,0.71875,0.26953125,4,1
299,7,0.58203125,0.1328125,0.671875,0.25390625,1,1
299,7,0.32421875,0.2265625,0.390625,0.3515625,2,1
299,7,0.79296875,0.140625,0.8671875,0.2421875,1,1
300,2,0.3828125,0.296875,0.52734375,0.68359375,1,1
300,2,0.3828125,0.296875,0.52734375,0.68359375,5,1
300,2,0.51171875,0.27734375,0.60546875,0.65625,1,1
300,2,0.51171875,0.27734375,0.60546875,0.65625,5,1
300,2,0.59765625,0.26953125,0.671875,0.68359375,1,1
300,2,0.59765625,0.26953125,0.671875,0.68359375,5,1
300,2,0.6875,0.2890625,0.76953125,0.6640625,1,1
300,2,0.6875,0.2890625,0.76953125,0.6640625,5,1
300,2,0.7734375,0.296875,0.8671875,0.625,1,1
300,2,0.7734375,0.296875,0.8671875,0.625,5,1
300,2,0.8515625,0.3203125,0.91796875,0.625,1,1
300,2,0.8515625,0.3203125,0.91796875,0.625,5,1
300,2,0.30078125,0.19140625,0.3671875,0.38671875,1,1
300,2,0.1171875,0.3359375,0.1953125,0.54296875,1,1
300,2,0.04296875,0.35546875,0.1015625,0.5390625,1,1
300,2,0.6953125,0.17578125,0.7578125,0.3203125,1,1
300,2,0.6953125,0.17578125,0.7578125,0.3203125,4,1
300,2,0.40234375,0.19140625,0.46484375,0.28125,2,1
300,3,0.3828125,0.296875,0.52734375,0.68359375,1,1
300,3,0.3828125,0.296875,0.52734375,0.68359375,5,1
300,3,0.51171875,0.27734375,0.60546875,0.65625,1,1
300,3,0.51171875,0.27734375,0.60546875,0.65625,5,1
300,3,0.59765625,0.26953125,0.671875,0.68359375,1,1
300,3,0.59765625,0.26953125,0.671875,0.68359375,5,1
300,3,0.6875,0.2890625,0.76953125,0.6640625,1,1
300,3,0.6875,0.2890625,0.76953125,0.6640625,5,1
300,3,0.7734375,0.296875,0.8671875,0.625,1,1
300,3,0.7734375,0.296875,0.8671875,0.625,5,1
300,3,0.8515625,0.3203125,0.91796875,0.625,1,1
300,3,0.8515625,0.3203125,0.91796875,0.625,5,1
300,3,0.30078125,0.19140625,0.3671875,0.38671875,1,1
300,3,0.1171875,0.3359375,0.1953125,0.54296875,1,1
300,3,0.04296875,0.35546875,0.1015625,0.5390625,1,1
300,3,0.6953125,0.17578125,0.7578125,0.3203125,1,1
300,3,0.6953125,0.17578125,0.7578125,0.3203125,4,1
300,3,0.40234375,0.19140625,0.46484375,0.28125,2,1
300,4,0.3828125,0.296875,0.52734375,0.68359375,1,1
300,4,0.3828125,0.296875,0.52734375,0.68359375,5,1
300,4,0.51171875,0.27734375,0.60546875,0.65625,1,1
300,4,0.51171875,0.27734375,0.60546875,0.65625,5,1
300,4,0.59765625,0.26953125,0.671875,0.68359375,1,1
300,4,0.59765625,0.26953125,0.671875,0.68359375,5,1
300,4,0.6875,0.2890625,0.76953125,0.6640625,1,1
300,4,0.6875,0.2890625,0.76953125,0.6640625,5,1
300,4,0.7734375,0.296875,0.8671875,0.625,1,1
300,4,0.7734375,0.296875,0.8671875,0.625,5,1
300,4,0.8515625,0.3203125,0.91796875,0.625,1,1
300,4,0.8515625,0.3203125,0.91796875,0.625,5,1
300,4,0.30078125,0.19140625,0.3671875,0.38671875,1,1
300,4,0.1171875,0.3359375,0.1953125,0.54296875,1,1
300,4,0.0546875,0.35546875,0.11328125,0.5390625,1,1
300,4,0.6953125,0.17578125,0.7578125,0.3203125,1,1
300,4,0.6953125,0.17578125,0.7578125,0.3203125,4,1
300,4,0.40234375,0.19140625,0.46484375,0.28125,2,1
300,5,0.3828125,0.296875,0.52734375,0.68359375,1,1
300,5,0.3828125,0.296875,0.52734375,0.68359375,5,1
300,5,0.51171875,0.27734375,0.60546875,0.65625,1,1
300,5,0.51171875,0.27734375,0.60546875,0.65625,5,1
300,5,0.59765625,0.26953125,0.671875,0.68359375,1,1
300,5,0.59765625,0.26953125,0.671875,0.68359375,5,1
300,5,0.6875,0.2890625,0.76953125,0.6640625,1,1
300,5,0.6875,0.2890625,0.76953125,0.6640625,5,1
300,5,0.7734375,0.296875,0.8671875,0.625,1,1
300,5,0.7734375,0.296875,0.8671875,0.625,5,1
300,5,0.8515625,0.3203125,0.91796875,0.625,1,1
300,5,0.8515625,0.3203125,0.91796875,0.625,5,1
300,5,0.30078125,0.19140625,0.3671875,0.38671875,1,1
300,5,0.1171875,0.3359375,0.1953125,0.54296875,1,1
300,5,0.0546875,0.35546875,0.11328125,0.5390625,1,1
300,5,0.6953125,0.17578125,0.7578125,0.3203125,1,1
300,5,0.6953125,0.17578125,0.7578125,0.3203125,4,1
300,5,0.40234375,0.19140625,0.46484375,0.28125,2,1
300,6,0.3828125,0.296875,0.52734375,0.68359375,1,1
300,6,0.3828125,0.296875,0.52734375,0.68359375,5,1
300,6,0.51171875,0.27734375,0.60546875,0.65625,1,1
300,6,0.51171875,0.27734375,0.60546875,0.65625,5,1
300,6,0.59765625,0.26953125,0.671875,0.68359375,1,1
300,6,0.59765625,0.26953125,0.671875,0.68359375,5,1
300,6,0.6875,0.2890625,0.76953125,0.6640625,1,1
300,6,0.6875,0.2890625,0.76953125,0.6640625,5,1
300,6,0.7734375,0.296875,0.8671875,0.625,1,1
300,6,0.7734375,0.296875,0.8671875,0.625,5,1
300,6,0.8515625,0.3203125,0.91796875,0.625,1,1
300,6,0.8515625,0.3203125,0.91796875,0.625,5,1
300,6,0.30078125,0.19140625,0.3671875,0.38671875,1,1
300,6,0.1171875,0.3359375,0.2109375,0.5390625,1,1
300,6,0.0546875,0.34765625,0.11328125,0.53125,1,1
300,6,0.6953125,0.17578125,0.7578125,0.3203125,1,1
300,6,0.6953125,0.17578125,0.7578125,0.3203125,4,1
300,6,0.40234375,0.19140625,0.46484375,0.28125,2,1
300,7,0.3828125,0.296875,0.52734375,0.68359375,1,1
300,7,0.3828125,0.296875,0.52734375,0.68359375,5,1
300,7,0.51171875,0.27734375,0.60546875,0.65625,1,1
300,7,0.51171875,0.27734375,0.60546875,0.65625,5,1
300,7,0.59765625,0.26953125,0.671875,0.68359375,1,1
300,7,0.59765625,0.26953125,0.671875,0.68359375,5,1
300,7,0.6875,0.2890625,0.76953125,0.6640625,1,1
300,7,0.6875,0.2890625,0.76953125,0.6640625,5,1
300,7,0.7734375,0.296875,0.8671875,0.625,1,1
300,7,0.7734375,0.296875,0.8671875,0.625,5,1
300,7,0.8515625,0.3203125,0.91796875,0.625,1,1
300,7,0.8515625,0.3203125,0.91796875,0.625,5,1
300,7,0.30078125,0.19140625,0.3671875,0.38671875,1,1
300,7,0.125,0.34375,0.26953125,0.54296875,1,1
300,7,0.0546875,0.37890625,0.171875,0.53515625,1,1
300,7,0.6953125,0.17578125,0.7578125,0.3203125,1,1
300,7,0.6953125,0.17578125,0.7578125,0.3203125,4,1
300,7,0.40234375,0.19140625,0.46484375,0.28125,2,1
301,2,0.171875,0.3203125,0.24609375,0.66015625,1,1
301,2,0.171875,0.3203125,0.24609375,0.66015625,5,1
301,2,0.3359375,0.27734375,0.46875,0.578125,1,1
301,2,0.3359375,0.27734375,0.46875,0.578125,5,1
301,2,0.51953125,0.28515625,0.59765625,0.66796875,1,1
301,2,0.51953125,0.28515625,0.59765625,0.66796875,5,1
301,2,0.60546875,0.29296875,0.7890625,0.6640625,1,1
301,2,0.60546875,0.29296875,0.7890625,0.6640625,5,1
301,2,0.7578125,0.3046875,0.87109375,0.64453125,1,1
301,2,0.7578125,0.3046875,0.87109375,0.64453125,5,1
301,2,0.828125,0.3046875,0.8984375,0.578125,1,1
301,2,0.828125,0.3046875,0.8984375,0.578125,5,1
301,2,0.75,0.19140625,0.8671875,0.3515625,1,1
301,2,0.75,0.19140625,0.8671875,0.3515625,4,1
301,2,0.6484375,0.21484375,0.71484375,0.35546875,1,1
301,2,0.390625,0.19921875,0.4609375,0.26171875,2,1
301,3,0.171875,0.3203125,0.24609375,0.66015625,1,1
301,3,0.171875,0.3203125,0.24609375,0.66015625,5,1
301,3,0.32421875,0.2890625,0.4609375,0.6171875,1,1
301,3,0.32421875,0.2890625,0.4609375,0.6171875,5,1
301,3,0.51953125,0.28515625,0.59765625,0.66796875,1,1
301,3,0.51953125,0.28515625,0.59765625,0.66796875,5,1
301,3,0.60546875,0.29296875,0.7890625,0.6640625,1,1
301,3,0.60546875,0.29296875,0.7890625,0.6640625,5,1
301,3,0.7578125,0.3046875,0.87109375,0.64453125,1,1
301,3,0.7578125,0.3046875,0.87109375,0.64453125,5,1
301,3,0.828125,0.3046875,0.8984375,0.578125,1,1
301,3,0.828125,0.3046875,0.8984375,0.578125,5,1
301,3,0.75,0.19140625,0.8671875,0.3515625,1,1
301,3,0.75,0.19140625,0.8671875,0.3515625,4,1
301,3,0.6484375,0.21484375,0.71484375,0.35546875,1,1
301,3,0.390625,0.19921875,0.4609375,0.26171875,2,1
301,4,0.171875,0.3203125,0.24609375,0.66015625,1,1
301,4,0.171875,0.3203125,0.24609375,0.66015625,5,1
301,4,0.328125,0.28515625,0.45703125,0.6640625,1,1
301,4,0.328125,0.28515625,0.45703125,0.6640625,5,1
301,4,0.51953125,0.28515625,0.59765625,0.66796875,1,1
301,4,0.51953125,0.28515625,0.59765625,0.66796875,5,1
301,4,0.60546875,0.29296875,0.7890625,0.6640625,1,1
301,4,0.60546875,0.29296875,0.7890625,0.6640625,5,1
301,4,0.7578125,0.3046875,0.87109375,0.64453125,1,1
301,4,0.7578125,0.3046875,0.87109375,0.64453125,5,1
301,4,0.828125,0.3046875,0.8984375,0.578125,1,1
301,4,0.828125,0.3046875,0.8984375,0.578125,5,1
301,4,0.75,0.19140625,0.8671875,0.3515625,1,1
301,4,0.75,0.19140625,0.8671875,0.3515625,4,1
301,4,0.6484375,0.21484375,0.71484375,0.35546875,1,1
301,4,0.390625,0.19921875,0.4609375,0.26171875,2,1
301,5,0.171875,0.3203125,0.24609375,0.66015625,1,1
301,5,0.171875,0.3203125,0.24609375,0.66015625,5,1
301,5,0.3203125,0.28125,0.45703125,0.62890625,1,1
301,5,0.3203125,0.28125,0.45703125,0.62890625,5,1
301,5,0.51953125,0.28515625,0.59765625,0.66796875,1,1
301,5,0.51953125,0.28515625,0.59765625,0.66796875,5,1
301,5,0.60546875,0.29296875,0.7890625,0.6640625,1,1
301,5,0.60546875,0.29296875,0.7890625,0.6640625,5,1
301,5,0.7578125,0.3046875,0.87109375,0.64453125,1,1
301,5,0.7578125,0.3046875,0.87109375,0.64453125,5,1
301,5,0.83203125,0.30078125,0.91015625,0.546875,1,1
301,5,0.83203125,0.30078125,0.91015625,0.546875,5,1
301,5,0.75,0.19140625,0.8671875,0.3515625,1,1
301,5,0.75,0.19140625,0.8671875,0.3515625,4,1
301,5,0.6484375,0.21484375,0.71484375,0.35546875,1,1
301,5,0.390625,0.19921875,0.4609375,0.26171875,2,1
301,6,0.171875,0.3203125,0.24609375,0.66015625,1,1
301,6,0.171875,0.3203125,0.24609375,0.66015625,5,1
301,6,0.31640625,0.28515625,0.45703125,0.66015625,1,1
301,6,0.31640625,0.28515625,0.45703125,0.66015625,5,1
301,6,0.51953125,0.28515625,0.59765625,0.64453125,1,1
301,6,0.51953125,0.28515625,0.59765625,0.64453125,5,1
301,6,0.60546875,0.29296875,0.7890625,0.6640625,1,1
301,6,0.60546875,0.29296875,0.7890625,0.6640625,5,1
301,6,0.7578125,0.3046875,0.87109375,0.64453125,1,1
301,6,0.7578125,0.3046875,0.87109375,0.64453125,5,1
301,6,0.828125,0.3046875,0.8984375,0.578125,1,1
301,6,0.828125,0.3046875,0.8984375,0.578125,5,1
301,6,0.75,0.19140625,0.8671875,0.3515625,1,1
301,6,0.75,0.19140625,0.8671875,0.3515625,4,1
301,6,0.6484375,0.21484375,0.71484375,0.35546875,1,1
301,6,0.390625,0.19921875,0.4609375,0.26171875,2,1
301,7,0.1640625,0.29296875,0.265625,0.62890625,1,1
301,7,0.1640625,0.29296875,0.265625,0.62890625,5,1
301,7,0.3359375,0.27734375,0.46875,0.578125,1,1
301,7,0.3359375,0.27734375,0.46875,0.578125,5,1
301,7,0.51953125,0.28515625,0.59765625,0.609375,1,1
301,7,0.51953125,0.28515625,0.59765625,0.609375,5,1
301,7,0.60546875,0.29296875,0.7890625,0.6640625,1,1
301,7,0.60546875,0.29296875,0.7890625,0.6640625,5,1
301,7,0.7578125,0.3046875,0.87109375,0.64453125,1,1
301,7,0.7578125,0.3046875,0.87109375,0.64453125,5,1
301,7,0.828125,0.3046875,0.90625,0.57421875,1,1
301,7,0.828125,0.3046875,0.90625,0.57421875,5,1
301,7,0.76171875,0.19140625,0.87109375,0.33203125,1,1
301,7,0.76171875,0.19140625,0.87109375,0.33203125,4,1
301,7,0.6484375,0.21484375,0.71484375,0.35546875,1,1
301,7,0.390625,0.19921875,0.4609375,0.26171875,2,1
302,2,0.046875,0.3515625,0.109375,0.64453125,1,1
302,2,0.046875,0.3515625,0.109375,0.64453125,5,1
302,2,0.2265625,0.30078125,0.296875,0.6640625,1,1
302,2,0.2265625,0.30078125,0.296875,0.6640625,5,1
302,2,0.3828125,0.28515625,0.5,0.6796875,1,1
302,2,0.3828125,0.28515625,0.5,0.6796875,5,1
302,2,0.5703125,0.28125,0.65234375,0.66015625,1,1
302,2,0.5703125,0.28125,0.65234375,0.66015625,5,1
302,2,0.63671875,0.2578125,0.69921875,0.4921875,1,1
302,2,0.69921875,0.171875,0.7890625,0.34375,1,1
302,2,0.69921875,0.171875,0.7890625,0.34375,4,1
302,2,0.83203125,0.296875,0.90625,0.5703125,1,1
302,2,0.83203125,0.296875,0.90625,0.5703125,5,1
302,2,0.921875,0.3203125,0.984375,0.609375,1,1
302,2,0.921875,0.3203125,0.984375,0.609375,5,1
302,2,0.67578125,0.328125,0.796875,0.5625,1,1
302,2,0.41015625,0.1875,0.4609375,0.265625,2,1
302,2,0.3203125,0.21875,0.36328125,0.28515625,2,1
302,2,0.12109375,0.2734375,0.20703125,0.3828125,2,1
302,3,0.046875,0.3515625,0.109375,0.64453125,1,1
302,3,0.046875,0.3515625,0.109375,0.64453125,5,1
302,3,0.2265625,0.30078125,0.296875,0.6640625,1,1
302,3,0.2265625,0.30078125,0.296875,0.6640625,5,1
302,3,0.3828125,0.28515625,0.5,0.6796875,1,1
302,3,0.3828125,0.28515625,0.5,0.6796875,5,1
302,3,0.5703125,0.28125,0.65234375,0.66015625,1,1
302,3,0.5703125,0.28125,0.65234375,0.66015625,5,1
302,3,0.63671875,0.2578125,0.69921875,0.4921875,1,1
302,3,0.69921875,0.171875,0.7890625,0.34375,1,1
302,3,0.69921875,0.171875,0.7890625,0.34375,4,1
302,3,0.83203125,0.296875,0.90625,0.5703125,1,1
302,3,0.83203125,0.296875,0.90625,0.5703125,5,1
302,3,0.921875,0.3203125,0.984375,0.609375,1,1
302,3,0.921875,0.3203125,0.984375,0.609375,5,1
302,3,0.67578125,0.328125,0.796875,0.5625,1,1
302,3,0.41015625,0.1875,0.4609375,0.265625,2,1
302,3,0.3203125,0.21875,0.36328125,0.28515625,2,1
302,3,0.12109375,0.2734375,0.20703125,0.3828125,2,1
302,4,0.046875,0.3515625,0.109375,0.64453125,1,1
302,4,0.046875,0.3515625,0.109375,0.64453125,5,1
302,4,0.2265625,0.30078125,0.296875,0.6640625,1,1
302,4,0.2265625,0.30078125,0.296875,0.6640625,5,1
302,4,0.3828125,0.28515625,0.5,0.6796875,1,1
302,4,0.3828125,0.28515625,0.5,0.6796875,5,1
302,4,0.5703125,0.28125,0.65234375,0.66015625,1,1
302,4,0.5703125,0.28125,0.65234375,0.66015625,5,1
302,4,0.63671875,0.2578125,0.69921875,0.4921875,1,1
302,4,0.69140625,0.1640625,0.79296875,0.34375,1,1
302,4,0.69140625,0.1640625,0.79296875,0.34375,4,1
302,4,0.83203125,0.296875,0.90625,0.5703125,1,1
302,4,0.83203125,0.296875,0.90625,0.5703125,5,1
302,4,0.921875,0.3203125,0.984375,0.609375,1,1
302,4,0.921875,0.3203125,0.984375,0.609375,5,1
302,4,0.67578125,0.328125,0.796875,0.5625,1,1
302,4,0.41015625,0.1875,0.46484375,0.265625,2,1
302,4,0.3203125,0.21875,0.36328125,0.28515625,2,1
302,4,0.12109375,0.2734375,0.20703125,0.3828125,2,1
302,5,0.046875,0.3515625,0.109375,0.64453125,1,1
302,5,0.046875,0.3515625,0.109375,0.64453125,5,1
302,5,0.2265625,0.30078125,0.296875,0.6640625,1,1
302,5,0.2265625,0.30078125,0.296875,0.6640625,5,1
302,5,0.3828125,0.28515625,0.5,0.6796875,1,1
302,5,0.3828125,0.28515625,0.5,0.6796875,5,1
302,5,0.5703125,0.28125,0.65234375,0.66015625,1,1
302,5,0.5703125,0.28125,0.65234375,0.66015625,5,1
302,5,0.63671875,0.2578125,0.69921875,0.4921875,1,1
302,5,0.68359375,0.1640625,0.7890625,0.34375,1,1
302,5,0.68359375,0.1640625,0.7890625,0.34375,4,1
302,5,0.83203125,0.296875,0.90625,0.5703125,1,1
302,5,0.83203125,0.296875,0.90625,0.5703125,5,1
302,5,0.921875,0.3203125,0.9921875,0.609375,1,1
302,5,0.921875,0.3203125,0.9921875,0.609375,5,1
302,5,0.67578125,0.328125,0.796875,0.5625,1,1
302,5,0.41015625,0.1875,0.46484375,0.265625,2,1
302,5,0.3203125,0.21875,0.36328125,0.28515625,2,1
302,5,0.12109375,0.2734375,0.20703125,0.3828125,2,1
302,6,0.046875,0.3515625,0.109375,0.64453125,1,1
302,6,0.046875,0.3515625,0.109375,0.64453125,5,1
302,6,0.2265625,0.30078125,0.296875,0.6640625,1,1
302,6,0.2265625,0.30078125,0.296875,0.6640625,5,1
302,6,0.3828125,0.28515625,0.5,0.6796875,1,1
302,6,0.3828125,0.28515625,0.5,0.6796875,5,1
302,6,0.5703125,0.28125,0.65625,0.65234375,1,1
302,6,0.5703125,0.28125,0.65625,0.65234375,5,1
302,6,0.63671875,0.2578125,0.69921875,0.4921875,1,1
302,6,0.68359375,0.1640625,0.7890625,0.34375,1,1
302,6,0.68359375,0.1640625,0.7890625,0.34375,4,1
302,6,0.83203125,0.296875,0.90625,0.5703125,1,1
302,6,0.83203125,0.296875,0.90625,0.5703125,5,1
302,6,0.921875,0.3203125,0.984375,0.609375,1,1
302,6,0.921875,0.3203125,0.984375,0.609375,5,1
302,6,0.66796875,0.328125,0.796875,0.52734375,1,1
302,6,0.41015625,0.1875,0.46484375,0.265625,2,1
302,6,0.3203125,0.21875,0.36328125,0.28515625,2,1
302,6,0.12109375,0.2734375,0.20703125,0.3828125,2,1
302,7,0.046875,0.3515625,0.109375,0.64453125,1,1
302,7,0.046875,0.3515625,0.109375,0.64453125,5,1
302,7,0.2265625,0.30078125,0.296875,0.6640625,1,1
302,7,0.2265625,0.30078125,0.296875,0.6640625,5,1
302,7,0.3828125,0.28515625,0.5,0.6796875,1,1
302,7,0.3828125,0.28515625,0.5,0.6796875,5,1
302,7,0.5703125,0.28125,0.65234375,0.66015625,1,1
302,7,0.5703125,0.28125,0.65234375,0.66015625,5,1
302,7,0.63671875,0.2578125,0.69921875,0.4921875,1,1
302,7,0.68359375,0.16015625,0.7890625,0.33984375,1,1
302,7,0.68359375,0.16015625,0.7890625,0.33984375,4,1
302,7,0.83203125,0.296875,0.90625,0.5703125,1,1
302,7,0.83203125,0.296875,0.90625,0.5703125,5,1
302,7,0.921875,0.3203125,0.984375,0.609375,1,1
302,7,0.921875,0.3203125,0.984375,0.609375,5,1
302,7,0.66796875,0.328125,0.796875,0.53125,1,1
302,7,0.41015625,0.1875,0.46484375,0.265625,2,1
302,7,0.3203125,0.21875,0.36328125,0.28515625,2,1
302,7,0.12109375,0.2734375,0.20703125,0.3828125,2,1
303,2,0.70703125,0.28515625,0.77734375,0.67578125,1,1
303,2,0.70703125,0.28515625,0.77734375,0.67578125,5,1
303,2,0.51171875,0.21875,0.56640625,0.34375,2,1
303,2,0.328125,0.234375,0.3984375,0.36328125,2,1
303,2,0.40625,0.19140625,0.453125,0.2734375,2,1
303,2,0.06640625,0.296875,0.13671875,0.40234375,2,1
303,3,0.70703125,0.28515625,0.77734375,0.67578125,1,1
303,3,0.70703125,0.28515625,0.77734375,0.67578125,5,1
303,3,0.51171875,0.21875,0.56640625,0.34375,2,1
303,3,0.328125,0.234375,0.3984375,0.36328125,2,1
303,3,0.40625,0.19140625,0.453125,0.2734375,2,1
303,3,0.06640625,0.296875,0.13671875,0.40234375,2,1
303,4,0.70703125,0.28515625,0.77734375,0.67578125,1,1
303,4,0.70703125,0.28515625,0.77734375,0.67578125,5,1
303,4,0.51171875,0.21875,0.56640625,0.34375,2,1
303,4,0.328125,0.234375,0.3984375,0.36328125,2,1
303,4,0.40625,0.19140625,0.453125,0.2734375,2,1
303,4,0.06640625,0.296875,0.13671875,0.40234375,2,1
303,5,0.70703125,0.28515625,0.77734375,0.67578125,1,1
303,5,0.70703125,0.28515625,0.77734375,0.67578125,5,1
303,5,0.51171875,0.21875,0.56640625,0.34375,2,1
303,5,0.328125,0.234375,0.3984375,0.36328125,2,1
303,5,0.40625,0.19140625,0.453125,0.2734375,2,1
303,5,0.06640625,0.296875,0.13671875,0.40234375,2,1
303,6,0.70703125,0.28515625,0.77734375,0.67578125,1,1
303,6,0.70703125,0.28515625,0.77734375,0.67578125,5,1
303,6,0.51171875,0.21875,0.5703125,0.34375,2,1
303,6,0.328125,0.234375,0.3984375,0.36328125,2,1
303,6,0.40625,0.19140625,0.453125,0.2734375,2,1
303,6,0.06640625,0.296875,0.13671875,0.40234375,2,1
303,7,0.70703125,0.28515625,0.77734375,0.67578125,1,1
303,7,0.70703125,0.28515625,0.77734375,0.67578125,5,1
303,7,0.51171875,0.21875,0.5703125,0.34375,2,1
303,7,0.328125,0.234375,0.3984375,0.36328125,2,1
303,7,0.40625,0.19140625,0.453125,0.2734375,2,1
303,7,0.06640625,0.296875,0.13671875,0.40234375,2,1
305,2,0.21875,0.25,0.3125,0.375,2,1
305,2,0.328125,0.23828125,0.3984375,0.35546875,2,1
305,2,0.40625,0.19921875,0.44921875,0.26953125,2,1
305,3,0.21875,0.25,0.3125,0.375,2,1
305,3,0.328125,0.23828125,0.3984375,0.35546875,2,1
305,3,0.40625,0.19921875,0.44921875,0.26953125,2,1
305,4,0.21875,0.25,0.3125,0.375,2,1
305,4,0.328125,0.23828125,0.3984375,0.35546875,2,1
305,4,0.40625,0.19921875,0.44921875,0.26953125,2,1
305,5,0.21875,0.25,0.3125,0.375,2,1
305,5,0.328125,0.23828125,0.3984375,0.35546875,2,1
305,5,0.40625,0.19921875,0.44921875,0.26953125,2,1
305,6,0.21875,0.25,0.3125,0.375,2,1
305,6,0.328125,0.23828125,0.3984375,0.35546875,2,1
305,6,0.40625,0.19921875,0.44921875,0.26953125,2,1
305,7,0.21875,0.25,0.3125,0.375,2,1
305,7,0.328125,0.23828125,0.3984375,0.35546875,2,1
305,7,0.40625,0.19921875,0.44921875,0.26953125,2,1
304,2,0.32421875,0.234375,0.40234375,0.3671875,2,1
304,2,0.51171875,0.21484375,0.5703125,0.3515625,2,1
304,2,0.40234375,0.19921875,0.44921875,0.27734375,2,1
304,2,0.0625,0.29296875,0.13671875,0.41015625,2,1
304,2,0.16015625,0.2421875,0.21875,0.3125,2,1
304,3,0.32421875,0.234375,0.40234375,0.3671875,2,1
304,3,0.51171875,0.21484375,0.5703125,0.3515625,2,1
304,3,0.40234375,0.19921875,0.44921875,0.27734375,2,1
304,3,0.0625,0.29296875,0.13671875,0.41015625,2,1
304,3,0.16015625,0.2421875,0.21875,0.3125,2,1
304,4,0.32421875,0.234375,0.40234375,0.3671875,2,1
304,4,0.51171875,0.21484375,0.5703125,0.3515625,2,1
304,4,0.40234375,0.19921875,0.44921875,0.27734375,2,1
304,4,0.0625,0.29296875,0.13671875,0.41015625,2,1
304,4,0.16015625,0.2421875,0.21875,0.3125,2,1
304,5,0.32421875,0.234375,0.40234375,0.3671875,2,1
304,5,0.51171875,0.21484375,0.5703125,0.3515625,2,1
304,5,0.40234375,0.19921875,0.44921875,0.27734375,2,1
304,5,0.0625,0.29296875,0.13671875,0.41015625,2,1
304,5,0.16015625,0.2421875,0.21875,0.3125,2,1
304,6,0.32421875,0.234375,0.40234375,0.3671875,2,1
304,6,0.51171875,0.21484375,0.5703125,0.3515625,2,1
304,6,0.40234375,0.19921875,0.44921875,0.27734375,2,1
304,6,0.0625,0.29296875,0.13671875,0.41015625,2,1
304,6,0.16015625,0.2421875,0.21875,0.3125,2,1
304,7,0.32421875,0.234375,0.40234375,0.3671875,2,1
304,7,0.51171875,0.21484375,0.5703125,0.3515625,2,1
304,7,0.40234375,0.19921875,0.44921875,0.27734375,2,1
304,7,0.0625,0.29296875,0.13671875,0.41015625,2,1
304,7,0.16015625,0.2421875,0.21875,0.3125,2,1
305,2,0.16015625,0.24609375,0.21875,0.31640625,2,1
305,3,0.16015625,0.24609375,0.21875,0.31640625,2,1
305,4,0.16015625,0.24609375,0.21875,0.31640625,2,1
305,5,0.16015625,0.24609375,0.21875,0.31640625,2,1
305,6,0.16015625,0.24609375,0.21875,0.31640625,2,1
305,7,0.16015625,0.24609375,0.21875,0.31640625,2,1
306,2,0.44140625,0.28125,0.52734375,0.68359375,1,1
306,2,0.44140625,0.28125,0.52734375,0.68359375,5,1
306,2,0.28125,0.30859375,0.4375,0.671875,1,1
306,2,0.28125,0.30859375,0.4375,0.671875,5,1
306,2,0.10546875,0.32421875,0.24609375,0.64453125,1,1
306,2,0.10546875,0.32421875,0.24609375,0.64453125,5,1
306,2,0.19921875,0.3203125,0.328125,0.6171875,1,1
306,2,0.19921875,0.3203125,0.328125,0.6171875,5,1
306,2,0.21875,0.2421875,0.31640625,0.36328125,1,1
306,2,0.21875,0.2421875,0.31640625,0.36328125,5,1
306,3,0.44140625,0.28125,0.52734375,0.68359375,1,1
306,3,0.44140625,0.28125,0.52734375,0.68359375,5,1
306,3,0.28125,0.30859375,0.4375,0.671875,1,1
306,3,0.28125,0.30859375,0.4375,0.671875,5,1
306,3,0.0859375,0.3203125,0.2421875,0.6484375,1,1
306,3,0.0859375,0.3203125,0.2421875,0.6484375,5,1
306,3,0.1953125,0.3203125,0.33203125,0.6484375,1,1
306,3,0.1953125,0.3203125,0.33203125,0.6484375,5,1
306,3,0.21875,0.2421875,0.31640625,0.36328125,1,1
306,3,0.21875,0.2421875,0.31640625,0.36328125,5,1
306,4,0.44140625,0.28125,0.52734375,0.68359375,1,1
306,4,0.44140625,0.28125,0.52734375,0.68359375,5,1
306,4,0.28125,0.30859375,0.4375,0.671875,1,1
306,4,0.28125,0.30859375,0.4375,0.671875,5,1
306,4,0.09765625,0.3203125,0.23828125,0.640625,1,1
306,4,0.09765625,0.3203125,0.23828125,0.640625,5,1
306,4,0.19921875,0.3203125,0.328125,0.65625,1,1
306,4,0.19921875,0.3203125,0.328125,0.65625,5,1
306,4,0.21875,0.2421875,0.31640625,0.36328125,1,1
306,4,0.21875,0.2421875,0.31640625,0.36328125,5,1
306,5,0.44140625,0.28125,0.52734375,0.68359375,1,1
306,5,0.44140625,0.28125,0.52734375,0.68359375,5,1
306,5,0.28125,0.30859375,0.4375,0.671875,1,1
306,5,0.28125,0.30859375,0.4375,0.671875,5,1
306,5,0.10546875,0.32421875,0.24609375,0.64453125,1,1
306,5,0.10546875,0.32421875,0.24609375,0.64453125,5,1
306,5,0.203125,0.328125,0.33203125,0.671875,1,1
306,5,0.203125,0.328125,0.33203125,0.671875,5,1
306,5,0.21875,0.2421875,0.31640625,0.36328125,1,1
306,5,0.21875,0.2421875,0.31640625,0.36328125,5,1
306,6,0.44140625,0.28125,0.52734375,0.68359375,1,1
306,6,0.44140625,0.28125,0.52734375,0.68359375,5,1
306,6,0.2734375,0.30078125,0.4375,0.66796875,1,1
306,6,0.2734375,0.30078125,0.4375,0.66796875,5,1
306,6,0.10546875,0.32421875,0.24609375,0.64453125,1,1
306,6,0.10546875,0.32421875,0.24609375,0.64453125,5,1
306,6,0.19921875,0.328125,0.32421875,0.671875,1,1
306,6,0.19921875,0.328125,0.32421875,0.671875,5,1
306,6,0.21875,0.2421875,0.31640625,0.36328125,1,1
306,6,0.21875,0.2421875,0.31640625,0.36328125,5,1
306,7,0.44140625,0.28125,0.52734375,0.68359375,1,1
306,7,0.44140625,0.28125,0.52734375,0.68359375,5,1
306,7,0.28125,0.30859375,0.4375,0.671875,1,1
306,7,0.28125,0.30859375,0.4375,0.671875,5,1
306,7,0.10546875,0.3203125,0.23828125,0.6484375,1,1
306,7,0.10546875,0.3203125,0.23828125,0.6484375,5,1
306,7,0.1953125,0.32421875,0.32421875,0.67578125,1,1
306,7,0.1953125,0.32421875,0.32421875,0.67578125,5,1
306,7,0.21875,0.2421875,0.31640625,0.36328125,1,1
306,7,0.21875,0.2421875,0.31640625,0.36328125,5,1
307,2,0.8828125,0.3125,0.9765625,0.625,1,1
307,2,0.8828125,0.3125,0.9765625,0.625,5,1
307,2,0.7734375,0.29296875,0.85546875,0.55859375,1,1
307,2,0.7734375,0.29296875,0.85546875,0.55859375,5,1
307,2,0.6015625,0.30078125,0.7265625,0.66796875,1,1
307,2,0.6015625,0.30078125,0.7265625,0.66796875,5,1
307,2,0.47265625,0.296875,0.57421875,0.6796875,1,1
307,2,0.47265625,0.296875,0.57421875,0.6796875,5,1
307,2,0.28515625,0.3125,0.44140625,0.65625,1,1
307,2,0.28515625,0.3125,0.44140625,0.65625,5,1
307,2,0.2265625,0.3046875,0.296875,0.69140625,1,1
307,2,0.2265625,0.3046875,0.296875,0.69140625,5,1
307,2,0.1328125,0.3359375,0.21875,0.6640625,1,1
307,2,0.1328125,0.3359375,0.21875,0.6640625,5,1
307,2,0.015625,0.37890625,0.0703125,0.5859375,1,1
307,2,0.015625,0.37890625,0.0703125,0.5859375,5,1
307,2,0.31640625,0.2421875,0.40625,0.3515625,2,1
307,2,0.21484375,0.25,0.296875,0.359375,2,1
307,2,0.125,0.28515625,0.1875,0.375,2,1
307,3,0.890625,0.3125,0.984375,0.625,1,1
307,3,0.890625,0.3125,0.984375,0.625,5,1
307,3,0.7734375,0.29296875,0.8515625,0.58984375,1,1
307,3,0.6015625,0.30078125,0.7265625,0.66796875,1,1
307,3,0.6015625,0.30078125,0.7265625,0.66796875,5,1
307,3,0.46484375,0.296875,0.57421875,0.68359375,1,1
307,3,0.46484375,0.296875,0.57421875,0.68359375,5,1
307,3,0.28515625,0.3125,0.44140625,0.65625,1,1
307,3,0.28515625,0.3125,0.44140625,0.65625,5,1
307,3,0.2265625,0.3046875,0.296875,0.69140625,1,1
307,3,0.2265625,0.3046875,0.296875,0.69140625,5,1
307,3,0.1328125,0.3359375,0.21875,0.6640625,1,1
307,3,0.1328125,0.3359375,0.21875,0.6640625,5,1
307,3,0.015625,0.37890625,0.0703125,0.5859375,1,1
307,3,0.015625,0.37890625,0.0703125,0.5859375,5,1
307,3,0.31640625,0.2421875,0.40625,0.3515625,2,1
307,3,0.21484375,0.25,0.296875,0.359375,2,1
307,3,0.125,0.28515625,0.1875,0.375,2,1
307,4,0.8828125,0.3125,0.9765625,0.625,1,1
307,4,0.8828125,0.3125,0.9765625,0.625,5,1
307,4,0.7734375,0.29296875,0.86328125,0.62890625,1,1
307,4,0.7734375,0.29296875,0.86328125,0.62890625,5,1
307,4,0.6015625,0.30078125,0.7265625,0.66796875,1,1
307,4,0.6015625,0.30078125,0.7265625,0.66796875,5,1
307,4,0.46484375,0.296875,0.56640625,0.6796875,1,1
307,4,0.46484375,0.296875,0.56640625,0.6796875,5,1
307,4,0.28515625,0.3125,0.44140625,0.66015625,1,1
307,4,0.28515625,0.3125,0.44140625,0.66015625,5,1
307,4,0.2265625,0.3046875,0.296875,0.69140625,1,1
307,4,0.2265625,0.3046875,0.296875,0.69140625,5,1
307,4,0.1328125,0.3359375,0.21875,0.6640625,1,1
307,4,0.1328125,0.3359375,0.21875,0.6640625,5,1
307,4,0.015625,0.37890625,0.0703125,0.5859375,1,1
307,4,0.015625,0.37890625,0.0703125,0.5859375,5,1
307,4,0.31640625,0.2421875,0.40625,0.3515625,2,1
307,4,0.21484375,0.25,0.296875,0.359375,2,1
307,4,0.125,0.28515625,0.1875,0.375,2,1
307,5,0.890625,0.31640625,0.98828125,0.625,1,1
307,5,0.890625,0.31640625,0.98828125,0.625,5,1
307,5,0.7734375,0.29296875,0.86328125,0.6640625,1,1
307,5,0.7734375,0.29296875,0.86328125,0.6640625,5,1
307,5,0.6015625,0.30078125,0.7265625,0.66796875,1,1
307,5,0.6015625,0.30078125,0.7265625,0.66796875,5,1
307,5,0.46875,0.296875,0.57421875,0.6875,1,1
307,5,0.46875,0.296875,0.57421875,0.6875,5,1
307,5,0.28515625,0.3125,0.44140625,0.6640625,1,1
307,5,0.28515625,0.3125,0.44140625,0.6640625,5,1
307,5,0.2265625,0.3046875,0.296875,0.69140625,1,1
307,5,0.2265625,0.3046875,0.296875,0.69140625,5,1
307,5,0.1328125,0.3359375,0.21875,0.6640625,1,1
307,5,0.1328125,0.3359375,0.21875,0.6640625,5,1
307,5,0.015625,0.37890625,0.0703125,0.5859375,1,1
307,5,0.015625,0.37890625,0.0703125,0.5859375,5,1
307,5,0.31640625,0.2421875,0.40625,0.3515625,2,1
307,5,0.21484375,0.25,0.296875,0.359375,2,1
307,5,0.125,0.28515625,0.1875,0.375,2,1
307,6,0.890625,0.3125,0.984375,0.625,1,1
307,6,0.890625,0.3125,0.984375,0.625,5,1
307,6,0.7734375,0.29296875,0.86328125,0.66015625,1,1
307,6,0.7734375,0.29296875,0.86328125,0.66015625,5,1
307,6,0.6015625,0.30078125,0.7265625,0.66796875,1,1
307,6,0.6015625,0.30078125,0.7265625,0.66796875,5,1
307,6,0.4609375,0.30078125,0.5625,0.6796875,1,1
307,6,0.4609375,0.30078125,0.5625,0.6796875,5,1
307,6,0.28515625,0.3125,0.44140625,0.671875,1,1
307,6,0.28515625,0.3125,0.44140625,0.671875,5,1
307,6,0.2265625,0.3046875,0.296875,0.69140625,1,1
307,6,0.2265625,0.3046875,0.296875,0.69140625,5,1
307,6,0.1328125,0.3359375,0.21875,0.6640625,1,1
307,6,0.1328125,0.3359375,0.21875,0.6640625,5,1
307,6,0.015625,0.37890625,0.0703125,0.5859375,1,1
307,6,0.015625,0.37890625,0.0703125,0.5859375,5,1
307,6,0.31640625,0.2421875,0.40625,0.3515625,2,1
307,6,0.21484375,0.25,0.296875,0.359375,2,1
307,6,0.125,0.28515625,0.1875,0.375,2,1
307,7,0.89453125,0.3125,0.98828125,0.625,1,1
307,7,0.89453125,0.3125,0.98828125,0.625,5,1
307,7,0.7734375,0.29296875,0.87109375,0.66796875,1,1
307,7,0.7734375,0.29296875,0.87109375,0.66796875,5,1
307,7,0.59375,0.30078125,0.7265625,0.6796875,1,1
307,7,0.59375,0.30078125,0.7265625,0.6796875,5,1
307,7,0.4609375,0.296875,0.57421875,0.69140625,1,1
307,7,0.4609375,0.296875,0.57421875,0.69140625,5,1
307,7,0.28515625,0.3125,0.44140625,0.65625,1,1
307,7,0.28515625,0.3125,0.44140625,0.65625,5,1
307,7,0.2265625,0.3046875,0.296875,0.69140625,1,1
307,7,0.2265625,0.3046875,0.296875,0.69140625,5,1
307,7,0.1328125,0.3359375,0.21875,0.6640625,1,1
307,7,0.1328125,0.3359375,0.21875,0.6640625,5,1
307,7,0.015625,0.37890625,0.0703125,0.5859375,1,1
307,7,0.015625,0.37890625,0.0703125,0.5859375,5,1
307,7,0.31640625,0.2421875,0.40625,0.3515625,2,1
307,7,0.21484375,0.25,0.296875,0.359375,2,1
307,7,0.125,0.28515625,0.1875,0.375,2,1
308,2,0.625,0.28125,0.76953125,0.6640625,1,1
308,2,0.625,0.28125,0.76953125,0.6640625,5,1
308,2,0.328125,0.23046875,0.40234375,0.36328125,2,1
308,2,0.2265625,0.25,0.296875,0.3671875,2,1
308,2,0.078125,0.3515625,0.203125,0.6328125,1,1
308,2,0.078125,0.3515625,0.203125,0.6328125,5,1
308,2,0.01953125,0.37109375,0.07421875,0.63671875,1,1
308,2,0.01953125,0.37109375,0.07421875,0.63671875,5,1
308,2,0.125,0.28515625,0.19140625,0.39453125,2,1
308,3,0.625,0.28125,0.76953125,0.6640625,1,1
308,3,0.625,0.28125,0.76953125,0.6640625,5,1
308,3,0.328125,0.23046875,0.40234375,0.36328125,2,1
308,3,0.2265625,0.25,0.296875,0.3671875,2,1
308,3,0.078125,0.3515625,0.203125,0.6328125,1,1
308,3,0.078125,0.3515625,0.203125,0.6328125,5,1
308,3,0.01953125,0.37109375,0.07421875,0.63671875,1,1
308,3,0.01953125,0.37109375,0.07421875,0.63671875,5,1
308,3,0.125,0.28515625,0.19140625,0.39453125,2,1
308,4,0.625,0.28125,0.76953125,0.6640625,1,1
308,4,0.625,0.28125,0.76953125,0.6640625,5,1
308,4,0.328125,0.23046875,0.40234375,0.36328125,2,1
308,4,0.2265625,0.25,0.296875,0.3671875,2,1
308,4,0.078125,0.3515625,0.203125,0.6328125,1,1
308,4,0.078125,0.3515625,0.203125,0.6328125,5,1
308,4,0.01953125,0.37109375,0.07421875,0.63671875,1,1
308,4,0.01953125,0.37109375,0.07421875,0.63671875,5,1
308,4,0.125,0.28515625,0.19140625,0.39453125,2,1
308,5,0.625,0.28125,0.76953125,0.6640625,1,1
308,5,0.625,0.28125,0.76953125,0.6640625,5,1
308,5,0.328125,0.23046875,0.40234375,0.36328125,2,1
308,5,0.2265625,0.25,0.296875,0.3671875,2,1
308,5,0.078125,0.3515625,0.203125,0.6328125,1,1
308,5,0.078125,0.3515625,0.203125,0.6328125,5,1
308,5,0.01953125,0.37109375,0.07421875,0.63671875,1,1
308,5,0.01953125,0.37109375,0.07421875,0.63671875,5,1
308,5,0.125,0.28515625,0.19140625,0.39453125,2,1
308,6,0.625,0.28125,0.76953125,0.6640625,1,1
308,6,0.625,0.28125,0.76953125,0.6640625,5,1
308,6,0.328125,0.23046875,0.40234375,0.36328125,2,1
308,6,0.2265625,0.25,0.296875,0.3671875,2,1
308,6,0.078125,0.3515625,0.203125,0.6328125,1,1
308,6,0.078125,0.3515625,0.203125,0.6328125,5,1
308,6,0.01953125,0.37109375,0.07421875,0.63671875,1,1
308,6,0.01953125,0.37109375,0.07421875,0.63671875,5,1
308,6,0.125,0.28515625,0.19140625,0.39453125,2,1
308,7,0.625,0.28125,0.76953125,0.6640625,1,1
308,7,0.625,0.28125,0.76953125,0.6640625,5,1
308,7,0.328125,0.23046875,0.40234375,0.36328125,2,1
308,7,0.2265625,0.25,0.296875,0.3671875,2,1
308,7,0.078125,0.3515625,0.203125,0.6328125,1,1
308,7,0.078125,0.3515625,0.203125,0.6328125,5,1
308,7,0.01953125,0.37109375,0.07421875,0.63671875,1,1
308,7,0.01953125,0.37109375,0.07421875,0.63671875,5,1
308,7,0.125,0.28515625,0.19140625,0.39453125,2,1
310,2,0.48828125,0.2109375,0.578125,0.34765625,2,1
310,2,0.31640625,0.23046875,0.39453125,0.359375,2,1
310,2,0.3984375,0.1953125,0.45703125,0.26953125,2,1
310,2,0.08984375,0.26171875,0.1796875,0.421875,1,1
310,2,0.03515625,0.3125,0.0859375,0.41015625,2,1
310,2,0.2265625,0.22265625,0.28125,0.29296875,2,1
310,3,0.48828125,0.2109375,0.578125,0.34765625,2,1
310,3,0.31640625,0.23046875,0.39453125,0.359375,2,1
310,3,0.3984375,0.1953125,0.45703125,0.26953125,2,1
310,3,0.08984375,0.26171875,0.1796875,0.421875,1,1
310,3,0.03515625,0.3125,0.0859375,0.41015625,2,1
310,3,0.2265625,0.22265625,0.28125,0.29296875,2,1
310,4,0.48828125,0.2109375,0.578125,0.34765625,2,1
310,4,0.31640625,0.23046875,0.39453125,0.359375,2,1
310,4,0.3984375,0.1953125,0.45703125,0.26953125,2,1
310,4,0.08984375,0.26171875,0.1796875,0.421875,1,1
310,4,0.03515625,0.3125,0.0859375,0.41015625,2,1
310,4,0.2265625,0.22265625,0.28125,0.29296875,2,1
310,5,0.48828125,0.2109375,0.578125,0.34765625,2,1
310,5,0.31640625,0.23046875,0.39453125,0.359375,2,1
310,5,0.3984375,0.1953125,0.45703125,0.26953125,2,1
310,5,0.08984375,0.26171875,0.1796875,0.421875,1,1
310,5,0.03515625,0.3125,0.0859375,0.41015625,2,1
310,5,0.2265625,0.22265625,0.28125,0.29296875,2,1
310,6,0.48828125,0.2109375,0.578125,0.34765625,2,1
310,6,0.31640625,0.23046875,0.39453125,0.359375,2,1
310,6,0.3984375,0.1953125,0.45703125,0.26953125,2,1
310,6,0.08984375,0.26171875,0.1796875,0.421875,1,1
310,6,0.03515625,0.3125,0.0859375,0.41015625,2,1
310,6,0.2265625,0.22265625,0.28125,0.29296875,2,1
310,7,0.48828125,0.2109375,0.578125,0.34765625,2,1
310,7,0.31640625,0.23046875,0.39453125,0.359375,2,1
310,7,0.3984375,0.1953125,0.45703125,0.26953125,2,1
310,7,0.08984375,0.26171875,0.1796875,0.421875,1,1
310,7,0.03515625,0.3125,0.0859375,0.41015625,2,1
310,7,0.2265625,0.22265625,0.28125,0.29296875,2,1
311,2,0.46484375,0.296875,0.66015625,0.65625,1,1
311,2,0.46484375,0.296875,0.66015625,0.65625,5,1
311,2,0.21484375,0.3046875,0.390625,0.58984375,1,1
311,2,0.21484375,0.3046875,0.390625,0.58984375,5,1
311,2,0.40234375,0.19140625,0.453125,0.27734375,2,1
311,2,0.3203125,0.25,0.3984375,0.35546875,2,1
311,2,0.86328125,0.2578125,0.921875,0.3671875,2,1
311,2,0.56640625,0.26953125,0.734375,0.625,1,1
311,2,0.56640625,0.26953125,0.734375,0.625,5,1
311,3,0.46484375,0.296875,0.66015625,0.65625,1,1
311,3,0.46484375,0.296875,0.66015625,0.65625,5,1
311,3,0.21484375,0.3046875,0.390625,0.58984375,1,1
311,3,0.21484375,0.3046875,0.390625,0.58984375,5,1
311,3,0.40234375,0.19140625,0.453125,0.27734375,2,1
311,3,0.3203125,0.25,0.3984375,0.35546875,2,1
311,3,0.86328125,0.2578125,0.921875,0.3671875,2,1
311,3,0.56640625,0.26953125,0.734375,0.625,1,1
311,3,0.56640625,0.26953125,0.734375,0.625,5,1
311,4,0.46484375,0.296875,0.66015625,0.65625,1,1
311,4,0.46484375,0.296875,0.66015625,0.65625,5,1
311,4,0.20703125,0.3046875,0.390625,0.5859375,1,1
311,4,0.20703125,0.3046875,0.390625,0.5859375,5,1
311,4,0.40234375,0.19140625,0.453125,0.27734375,2,1
311,4,0.3203125,0.25,0.3984375,0.35546875,2,1
311,4,0.86328125,0.2578125,0.921875,0.3671875,2,1
311,4,0.56640625,0.26953125,0.734375,0.625,1,1
311,4,0.56640625,0.26953125,0.734375,0.625,5,1
311,5,0.46484375,0.296875,0.66015625,0.65625,1,1
311,5,0.46484375,0.296875,0.66015625,0.65625,5,1
311,5,0.21484375,0.3046875,0.390625,0.58984375,1,1
311,5,0.21484375,0.3046875,0.390625,0.58984375,5,1
311,5,0.40234375,0.19140625,0.453125,0.27734375,2,1
311,5,0.3203125,0.25,0.3984375,0.35546875,2,1
311,5,0.86328125,0.2578125,0.921875,0.3671875,2,1
311,5,0.56640625,0.26953125,0.734375,0.625,1,1
311,5,0.56640625,0.26953125,0.734375,0.625,5,1
311,6,0.46484375,0.296875,0.6796875,0.66015625,1,1
311,6,0.46484375,0.296875,0.6796875,0.66015625,5,1
311,6,0.21484375,0.3046875,0.390625,0.58984375,1,1
311,6,0.21484375,0.3046875,0.390625,0.58984375,5,1
311,6,0.40234375,0.19140625,0.453125,0.27734375,2,1
311,6,0.3203125,0.25,0.3984375,0.35546875,2,1
311,6,0.86328125,0.2578125,0.921875,0.3671875,2,1
311,6,0.56640625,0.26953125,0.734375,0.625,1,1
311,6,0.56640625,0.26953125,0.734375,0.625,5,1
311,7,0.46484375,0.296875,0.6640625,0.66015625,1,1
311,7,0.46484375,0.296875,0.6640625,0.66015625,5,1
311,7,0.21484375,0.3046875,0.390625,0.58984375,1,1
311,7,0.21484375,0.3046875,0.390625,0.58984375,5,1
311,7,0.40234375,0.19140625,0.453125,0.27734375,2,1
311,7,0.3203125,0.25,0.3984375,0.35546875,2,1
311,7,0.86328125,0.2578125,0.921875,0.3671875,2,1
311,7,0.56640625,0.26953125,0.734375,0.625,1,1
311,7,0.56640625,0.26953125,0.734375,0.625,5,1
312,2,0.52734375,0.2890625,0.6640625,0.69140625,1,1
312,2,0.52734375,0.2890625,0.6640625,0.69140625,5,1
312,2,0.32421875,0.2421875,0.42578125,0.359375,2,1
312,2,0.859375,0.25390625,0.9296875,0.375,2,1
312,2,0.16015625,0.25390625,0.2109375,0.3125,2,1
312,3,0.52734375,0.2890625,0.6640625,0.69140625,1,1
312,3,0.52734375,0.2890625,0.6640625,0.69140625,5,1
312,3,0.32421875,0.2421875,0.42578125,0.359375,2,1
312,3,0.859375,0.25390625,0.9296875,0.375,2,1
312,3,0.16015625,0.25390625,0.2109375,0.3125,2,1
312,4,0.52734375,0.2890625,0.6640625,0.69140625,1,1
312,4,0.52734375,0.2890625,0.6640625,0.69140625,5,1
312,4,0.32421875,0.2421875,0.42578125,0.359375,2,1
312,4,0.859375,0.25390625,0.9296875,0.375,2,1
312,4,0.16015625,0.25390625,0.2109375,0.3125,2,1
312,5,0.52734375,0.2890625,0.6640625,0.69140625,1,1
312,5,0.52734375,0.2890625,0.6640625,0.69140625,5,1
312,5,0.32421875,0.2421875,0.42578125,0.359375,2,1
312,5,0.859375,0.25390625,0.9296875,0.375,2,1
312,5,0.16015625,0.25390625,0.2109375,0.3125,2,1
312,6,0.52734375,0.2890625,0.6640625,0.69140625,1,1
312,6,0.52734375,0.2890625,0.6640625,0.69140625,5,1
312,6,0.32421875,0.2421875,0.42578125,0.359375,2,1
312,6,0.859375,0.25390625,0.9296875,0.375,2,1
312,6,0.16015625,0.25390625,0.2109375,0.3125,2,1
312,7,0.52734375,0.2890625,0.6640625,0.69140625,1,1
312,7,0.52734375,0.2890625,0.6640625,0.69140625,5,1
312,7,0.32421875,0.2421875,0.42578125,0.359375,2,1
312,7,0.859375,0.25390625,0.9296875,0.375,2,1
312,7,0.16015625,0.25390625,0.2109375,0.3125,2,1
313,2,0.1328125,0.27734375,0.1875,0.3828125,2,1
313,2,0.3125,0.21484375,0.37109375,0.28515625,2,1
313,2,0.03515625,0.32421875,0.09765625,0.41015625,2,1
313,2,0.859375,0.2578125,0.921875,0.37109375,2,1
313,3,0.1328125,0.27734375,0.1875,0.3828125,2,1
313,3,0.3125,0.21484375,0.37109375,0.28515625,2,1
313,3,0.03515625,0.32421875,0.09765625,0.41015625,2,1
313,3,0.859375,0.2578125,0.921875,0.37109375,2,1
313,4,0.1328125,0.27734375,0.1875,0.3828125,2,1
313,4,0.3125,0.21484375,0.37109375,0.28515625,2,1
313,4,0.03515625,0.32421875,0.09765625,0.41015625,2,1
313,4,0.859375,0.2578125,0.921875,0.37109375,2,1
313,5,0.1328125,0.27734375,0.1875,0.3828125,2,1
313,5,0.3125,0.21484375,0.37109375,0.28515625,2,1
313,5,0.03515625,0.32421875,0.09765625,0.41015625,2,1
313,5,0.859375,0.2578125,0.921875,0.37109375,2,1
313,6,0.1328125,0.27734375,0.1875,0.3828125,2,1
313,6,0.3125,0.21484375,0.37109375,0.28515625,2,1
313,6,0.03515625,0.32421875,0.09765625,0.41015625,2,1
313,6,0.859375,0.2578125,0.921875,0.37109375,2,1
313,7,0.1328125,0.27734375,0.1875,0.3828125,2,1
313,7,0.3125,0.21484375,0.37109375,0.28515625,2,1
313,7,0.03515625,0.32421875,0.09765625,0.41015625,2,1
313,7,0.859375,0.2578125,0.921875,0.37109375,2,1
314,2,0.30859375,0.203125,0.40234375,0.3828125,1,1
314,2,0.12890625,0.28125,0.1875,0.3828125,2,1
314,2,0.03515625,0.30859375,0.1015625,0.41015625,2,1
314,2,0.14453125,0.1953125,0.22265625,0.2890625,1,1
314,3,0.30859375,0.203125,0.40234375,0.3828125,1,1
314,3,0.12890625,0.28125,0.1875,0.3828125,2,1
314,3,0.03515625,0.30859375,0.1015625,0.41015625,2,1
314,3,0.14453125,0.1953125,0.22265625,0.2890625,1,1
314,4,0.30859375,0.203125,0.40234375,0.3828125,1,1
314,4,0.12890625,0.28125,0.1875,0.3828125,2,1
314,4,0.03515625,0.30859375,0.1015625,0.41015625,2,1
314,4,0.14453125,0.1953125,0.22265625,0.2890625,1,1
314,5,0.30859375,0.203125,0.40234375,0.3828125,1,1
314,5,0.12890625,0.28125,0.1875,0.3828125,2,1
314,5,0.03515625,0.30859375,0.1015625,0.41015625,2,1
314,5,0.14453125,0.1953125,0.22265625,0.2890625,1,1
314,6,0.30859375,0.203125,0.40234375,0.3828125,1,1
314,6,0.12890625,0.28125,0.1875,0.3828125,2,1
314,6,0.03515625,0.30859375,0.1015625,0.41015625,2,1
314,6,0.14453125,0.1953125,0.22265625,0.2890625,1,1
314,7,0.30859375,0.203125,0.40234375,0.3828125,1,1
314,7,0.12890625,0.28125,0.1875,0.3828125,2,1
314,7,0.03515625,0.30859375,0.1015625,0.41015625,2,1
314,7,0.14453125,0.1953125,0.22265625,0.2890625,1,1
315,2,0.12890625,0.2890625,0.18359375,0.38671875,2,1
315,2,0.03125,0.31640625,0.10546875,0.41015625,2,1
315,3,0.12890625,0.2890625,0.18359375,0.38671875,2,1
315,3,0.03125,0.31640625,0.10546875,0.41015625,2,1
315,4,0.12890625,0.2890625,0.18359375,0.38671875,2,1
315,4,0.03125,0.31640625,0.10546875,0.41015625,2,1
315,5,0.12890625,0.2890625,0.18359375,0.38671875,2,1
315,5,0.03125,0.31640625,0.10546875,0.41015625,2,1
315,6,0.12890625,0.2890625,0.18359375,0.38671875,2,1
315,6,0.03125,0.31640625,0.10546875,0.41015625,2,1
315,7,0.12890625,0.2890625,0.18359375,0.38671875,2,1
315,7,0.03125,0.31640625,0.10546875,0.41015625,2,1
316,2,0.0234375,0.35546875,0.10546875,0.62890625,1,1
316,2,0.0234375,0.35546875,0.10546875,0.62890625,5,1
316,2,0.09765625,0.328125,0.171875,0.6484375,1,1
316,2,0.09765625,0.328125,0.171875,0.6484375,5,1
316,2,0.203125,0.328125,0.29296875,0.61328125,1,1
316,2,0.203125,0.328125,0.29296875,0.61328125,5,1
316,2,0.30859375,0.3125,0.3984375,0.68359375,1,1
316,2,0.30859375,0.3125,0.3984375,0.68359375,5,1
316,2,0.421875,0.27734375,0.51953125,0.66796875,1,1
316,2,0.421875,0.27734375,0.51953125,0.66796875,5,1
316,2,0.53125,0.27734375,0.64453125,0.6015625,1,1
316,2,0.53125,0.27734375,0.64453125,0.6015625,5,1
316,2,0.6328125,0.29296875,0.703125,0.578125,1,1
316,2,0.6328125,0.29296875,0.703125,0.578125,5,1
316,2,0.79296875,0.28515625,0.91015625,0.625,1,1
316,2,0.79296875,0.28515625,0.91015625,0.625,5,1
316,2,0.62890625,0.1328125,0.7421875,0.26953125,1,1
316,2,0.62890625,0.1328125,0.7421875,0.26953125,4,1
316,2,0.23046875,0.23828125,0.296875,0.33984375,2,1
316,2,0.11328125,0.25390625,0.18359375,0.3203125,2,1
316,3,0.0234375,0.35546875,0.10546875,0.62890625,1,1
316,3,0.0234375,0.35546875,0.10546875,0.62890625,5,1
316,3,0.09765625,0.328125,0.171875,0.6484375,1,1
316,3,0.09765625,0.328125,0.171875,0.6484375,5,1
316,3,0.18359375,0.328125,0.296875,0.58203125,1,1
316,3,0.18359375,0.328125,0.296875,0.58203125,5,1
316,3,0.30859375,0.3125,0.3984375,0.68359375,1,1
316,3,0.30859375,0.3125,0.3984375,0.68359375,5,1
316,3,0.421875,0.27734375,0.51953125,0.66796875,1,1
316,3,0.421875,0.27734375,0.51953125,0.66796875,5,1
316,3,0.53125,0.27734375,0.64453125,0.6015625,1,1
316,3,0.53125,0.27734375,0.64453125,0.6015625,5,1
316,3,0.6328125,0.29296875,0.703125,0.578125,1,1
316,3,0.6328125,0.29296875,0.703125,0.578125,5,1
316,3,0.79296875,0.28515625,0.91015625,0.625,1,1
316,3,0.79296875,0.28515625,0.91015625,0.625,5,1
316,3,0.62890625,0.1328125,0.7421875,0.26953125,1,1
316,3,0.62890625,0.1328125,0.7421875,0.26953125,4,1
316,3,0.23046875,0.23828125,0.296875,0.33984375,2,1
316,3,0.11328125,0.25390625,0.18359375,0.3203125,2,1
316,4,0.0234375,0.35546875,0.09765625,0.62890625,1,1
316,4,0.0234375,0.35546875,0.09765625,0.62890625,5,1
316,4,0.0859375,0.328125,0.171875,0.63671875,1,1
316,4,0.0859375,0.328125,0.171875,0.63671875,5,1
316,4,0.1875,0.328125,0.29296875,0.5859375,1,1
316,4,0.1875,0.328125,0.29296875,0.5859375,5,1
316,4,0.30859375,0.3125,0.3984375,0.68359375,1,1
316,4,0.30859375,0.3125,0.3984375,0.68359375,5,1
316,4,0.421875,0.27734375,0.51953125,0.66796875,1,1
316,4,0.421875,0.27734375,0.51953125,0.66796875,5,1
316,4,0.53125,0.27734375,0.64453125,0.6015625,1,1
316,4,0.53125,0.27734375,0.64453125,0.6015625,5,1
316,4,0.6328125,0.29296875,0.703125,0.578125,1,1
316,4,0.6328125,0.29296875,0.703125,0.578125,5,1
316,4,0.79296875,0.28515625,0.91015625,0.625,1,1
316,4,0.79296875,0.28515625,0.91015625,0.625,5,1
316,4,0.62890625,0.1328125,0.7421875,0.26953125,1,1
316,4,0.62890625,0.1328125,0.7421875,0.26953125,4,1
316,4,0.23046875,0.23828125,0.296875,0.33984375,2,1
316,4,0.11328125,0.25390625,0.18359375,0.3203125,2,1
316,5,0.0234375,0.35546875,0.09765625,0.62890625,1,1
316,5,0.0234375,0.35546875,0.09765625,0.62890625,5,1
316,5,0.08984375,0.328125,0.171875,0.63671875,1,1
316,5,0.08984375,0.328125,0.171875,0.63671875,5,1
316,5,0.1953125,0.328125,0.29296875,0.57421875,1,1
316,5,0.1953125,0.328125,0.29296875,0.57421875,5,1
316,5,0.30859375,0.3125,0.3984375,0.68359375,1,1
316,5,0.30859375,0.3125,0.3984375,0.68359375,5,1
316,5,0.421875,0.27734375,0.51953125,0.66796875,1,1
316,5,0.421875,0.27734375,0.51953125,0.66796875,5,1
316,5,0.52734375,0.2734375,0.609375,0.66015625,1,1
316,5,0.52734375,0.2734375,0.609375,0.66015625,5,1
316,5,0.6328125,0.29296875,0.703125,0.578125,1,1
316,5,0.6328125,0.29296875,0.703125,0.578125,5,1
316,5,0.79296875,0.28515625,0.91015625,0.625,1,1
316,5,0.79296875,0.28515625,0.91015625,0.625,5,1
316,5,0.62890625,0.1328125,0.7421875,0.26953125,1,1
316,5,0.62890625,0.1328125,0.7421875,0.26953125,4,1
316,5,0.23046875,0.23828125,0.296875,0.33984375,2,1
316,5,0.11328125,0.25390625,0.18359375,0.3203125,2,1
316,6,0.0234375,0.35546875,0.09375,0.62890625,1,1
316,6,0.0234375,0.35546875,0.09375,0.62890625,5,1
316,6,0.09765625,0.328125,0.171875,0.6484375,1,1
316,6,0.09765625,0.328125,0.171875,0.6484375,5,1
316,6,0.19140625,0.328125,0.296875,0.5859375,1,1
316,6,0.19140625,0.328125,0.296875,0.5859375,5,1
316,6,0.30859375,0.3125,0.3984375,0.68359375,1,1
316,6,0.30859375,0.3125,0.3984375,0.68359375,5,1
316,6,0.421875,0.27734375,0.51953125,0.66796875,1,1
316,6,0.421875,0.27734375,0.51953125,0.66796875,5,1
316,6,0.5078125,0.27734375,0.61328125,0.65625,1,1
316,6,0.5078125,0.27734375,0.61328125,0.65625,5,1
316,6,0.6328125,0.29296875,0.703125,0.578125,1,1
316,6,0.6328125,0.29296875,0.703125,0.578125,5,1
316,6,0.79296875,0.28515625,0.91015625,0.625,1,1
316,6,0.79296875,0.28515625,0.91015625,0.625,5,1
316,6,0.62890625,0.1328125,0.7421875,0.26953125,1,1
316,6,0.62890625,0.1328125,0.7421875,0.26953125,4,1
316,6,0.23046875,0.23828125,0.296875,0.33984375,2,1
316,6,0.11328125,0.25390625,0.18359375,0.3203125,2,1
316,7,0.0234375,0.35546875,0.10546875,0.62890625,1,1
316,7,0.0234375,0.35546875,0.10546875,0.62890625,5,1
316,7,0.09765625,0.328125,0.171875,0.6484375,1,1
316,7,0.09765625,0.328125,0.171875,0.6484375,5,1
316,7,0.1953125,0.328125,0.296875,0.5859375,1,1
316,7,0.1953125,0.328125,0.296875,0.5859375,5,1
316,7,0.30859375,0.3125,0.3984375,0.68359375,1,1
316,7,0.30859375,0.3125,0.3984375,0.68359375,5,1
316,7,0.421875,0.27734375,0.51953125,0.66796875,1,1
316,7,0.421875,0.27734375,0.51953125,0.66796875,5,1
316,7,0.50390625,0.27734375,0.64453125,0.6484375,1,1
316,7,0.50390625,0.27734375,0.64453125,0.6484375,5,1
316,7,0.6328125,0.29296875,0.703125,0.578125,1,1
316,7,0.6328125,0.29296875,0.703125,0.578125,5,1
316,7,0.79296875,0.28515625,0.91015625,0.625,1,1
316,7,0.79296875,0.28515625,0.91015625,0.625,5,1
316,7,0.62890625,0.1328125,0.7421875,0.26953125,1,1
316,7,0.62890625,0.1328125,0.7421875,0.26953125,4,1
316,7,0.23046875,0.23828125,0.296875,0.33984375,2,1
316,7,0.11328125,0.25390625,0.18359375,0.3203125,2,1
317,2,0.6875,0.27734375,0.7734375,0.69140625,1,1
317,2,0.6875,0.27734375,0.7734375,0.69140625,5,1
317,2,0.86328125,0.30859375,0.96875,0.63671875,1,1
317,2,0.86328125,0.30859375,0.96875,0.63671875,5,1
317,2,0.76953125,0.1953125,0.85546875,0.390625,1,1
317,2,0.76953125,0.1953125,0.85546875,0.390625,4,1
317,2,0.2890625,0.3046875,0.41796875,0.66015625,1,1
317,2,0.2890625,0.3046875,0.41796875,0.66015625,5,1
317,2,0.21875,0.3125,0.30078125,0.66015625,1,1
317,2,0.21875,0.3125,0.30078125,0.66015625,5,1
317,2,0.14453125,0.29296875,0.25,0.55859375,1,1
317,2,0.14453125,0.29296875,0.25,0.55859375,5,1
317,2,0.0390625,0.34765625,0.15234375,0.640625,1,1
317,2,0.0390625,0.34765625,0.15234375,0.640625,5,1
317,2,0.24609375,0.23828125,0.3984375,0.359375,1,1
317,3,0.6875,0.27734375,0.7734375,0.69140625,1,1
317,3,0.6875,0.27734375,0.7734375,0.69140625,5,1
317,3,0.86328125,0.30859375,0.96875,0.63671875,1,1
317,3,0.86328125,0.30859375,0.96875,0.63671875,5,1
317,3,0.76953125,0.1953125,0.85546875,0.390625,1,1
317,3,0.76953125,0.1953125,0.85546875,0.390625,4,1
317,3,0.2890625,0.3046875,0.41796875,0.66015625,1,1
317,3,0.2890625,0.3046875,0.41796875,0.66015625,5,1
317,3,0.21875,0.3125,0.30078125,0.66015625,1,1
317,3,0.21875,0.3125,0.30078125,0.66015625,5,1
317,3,0.14453125,0.29296875,0.25,0.55859375,1,1
317,3,0.14453125,0.29296875,0.25,0.55859375,5,1
317,3,0.0390625,0.34765625,0.15234375,0.640625,1,1
317,3,0.0390625,0.34765625,0.15234375,0.640625,5,1
317,3,0.2734375,0.2421875,0.42578125,0.36328125,1,1
317,4,0.6875,0.27734375,0.7734375,0.69140625,1,1
317,4,0.6875,0.27734375,0.7734375,0.69140625,5,1
317,4,0.86328125,0.30859375,0.96875,0.63671875,1,1
317,4,0.86328125,0.30859375,0.96875,0.63671875,5,1
317,4,0.76953125,0.1953125,0.85546875,0.390625,1,1
317,4,0.76953125,0.1953125,0.85546875,0.390625,4,1
317,4,0.2890625,0.3046875,0.41796875,0.66015625,1,1
317,4,0.2890625,0.3046875,0.41796875,0.66015625,5,1
317,4,0.21875,0.3125,0.30078125,0.66015625,1,1
317,4,0.21875,0.3125,0.30078125,0.66015625,5,1
317,4,0.14453125,0.29296875,0.25,0.55859375,1,1
317,4,0.14453125,0.29296875,0.25,0.55859375,5,1
317,4,0.0390625,0.34765625,0.15234375,0.640625,1,1
317,4,0.0390625,0.34765625,0.15234375,0.640625,5,1
317,4,0.30078125,0.25390625,0.453125,0.375,1,1
317,5,0.6875,0.27734375,0.7734375,0.69140625,1,1
317,5,0.6875,0.27734375,0.7734375,0.69140625,5,1
317,5,0.86328125,0.30859375,0.96875,0.63671875,1,1
317,5,0.86328125,0.30859375,0.96875,0.63671875,5,1
317,5,0.76953125,0.1953125,0.85546875,0.390625,1,1
317,5,0.76953125,0.1953125,0.85546875,0.390625,4,1
317,5,0.2890625,0.3046875,0.41796875,0.66015625,1,1
317,5,0.2890625,0.3046875,0.41796875,0.66015625,5,1
317,5,0.21875,0.3125,0.30078125,0.66015625,1,1
317,5,0.21875,0.3125,0.30078125,0.66015625,5,1
317,5,0.14453125,0.29296875,0.25,0.55859375,1,1
317,5,0.14453125,0.29296875,0.25,0.55859375,5,1
317,5,0.0390625,0.34765625,0.15234375,0.640625,1,1
317,5,0.0390625,0.34765625,0.15234375,0.640625,5,1
317,5,0.33203125,0.2578125,0.484375,0.41796875,1,1
317,6,0.6875,0.27734375,0.7734375,0.69140625,1,1
317,6,0.6875,0.27734375,0.7734375,0.69140625,5,1
317,6,0.86328125,0.30859375,0.96875,0.63671875,1,1
317,6,0.86328125,0.30859375,0.96875,0.63671875,5,1
317,6,0.76953125,0.1953125,0.85546875,0.390625,1,1
317,6,0.76953125,0.1953125,0.85546875,0.390625,4,1
317,6,0.2890625,0.3046875,0.41796875,0.66015625,1,1
317,6,0.2890625,0.3046875,0.41796875,0.66015625,5,1
317,6,0.21875,0.3125,0.30078125,0.66015625,1,1
317,6,0.21875,0.3125,0.30078125,0.66015625,5,1
317,6,0.14453125,0.29296875,0.25,0.55859375,1,1
317,6,0.14453125,0.29296875,0.25,0.55859375,5,1
317,6,0.0390625,0.34765625,0.15234375,0.640625,1,1
317,6,0.0390625,0.34765625,0.15234375,0.640625,5,1
317,6,0.34375,0.24609375,0.48828125,0.50390625,1,1
317,7,0.6875,0.27734375,0.7734375,0.66015625,1,1
317,7,0.6875,0.27734375,0.7734375,0.66015625,5,1
317,7,0.86328125,0.30859375,0.96875,0.63671875,1,1
317,7,0.86328125,0.30859375,0.96875,0.63671875,5,1
317,7,0.76953125,0.1953125,0.85546875,0.390625,1,1
317,7,0.76953125,0.1953125,0.85546875,0.390625,4,1
317,7,0.28125,0.3046875,0.4140625,0.66015625,1,1
317,7,0.28125,0.3046875,0.4140625,0.66015625,5,1
317,7,0.21484375,0.3125,0.30078125,0.6640625,1,1
317,7,0.21484375,0.3125,0.30078125,0.6640625,5,1
317,7,0.14453125,0.29296875,0.25,0.55859375,1,1
317,7,0.14453125,0.29296875,0.25,0.55859375,5,1
317,7,0.0390625,0.34765625,0.15234375,0.640625,1,1
317,7,0.0390625,0.34765625,0.15234375,0.640625,5,1
317,7,0.3828125,0.23828125,0.484375,0.53125,1,1
318,2,0.3671875,0.296875,0.46875,0.6953125,1,1
318,2,0.3671875,0.296875,0.46875,0.6953125,5,1
318,2,0.22265625,0.30078125,0.3046875,0.5859375,1,1
318,2,0.22265625,0.30078125,0.3046875,0.5859375,5,1
318,2,0.171875,0.328125,0.234375,0.66796875,1,1
318,2,0.171875,0.328125,0.234375,0.66796875,5,1
318,2,0.09765625,0.32421875,0.1796875,0.58203125,1,1
318,2,0.09765625,0.32421875,0.1796875,0.58203125,5,1
318,2,0.046875,0.3203125,0.12890625,0.640625,1,1
318,2,0.046875,0.3203125,0.12890625,0.640625,5,1
318,2,0.6171875,0.15234375,0.6796875,0.30859375,1,1
318,2,0.7734375,0.19921875,0.88671875,0.3984375,1,1
318,2,0.7734375,0.19921875,0.88671875,0.3984375,4,1
318,2,0.578125,0.1171875,0.6328125,0.21875,1,1
318,2,0.4375,0.2421875,0.57421875,0.51171875,1,1
318,2,0.89453125,0.28125,0.9921875,0.4375,1,1
318,3,0.3671875,0.296875,0.46875,0.6953125,1,1
318,3,0.3671875,0.296875,0.46875,0.6953125,5,1
318,3,0.22265625,0.30078125,0.3046875,0.5859375,1,1
318,3,0.22265625,0.30078125,0.3046875,0.5859375,5,1
318,3,0.171875,0.328125,0.234375,0.66796875,1,1
318,3,0.171875,0.328125,0.234375,0.66796875,5,1
318,3,0.09765625,0.32421875,0.1796875,0.58203125,1,1
318,3,0.09765625,0.32421875,0.1796875,0.58203125,5,1
318,3,0.046875,0.3203125,0.12890625,0.640625,1,1
318,3,0.046875,0.3203125,0.12890625,0.640625,5,1
318,3,0.6171875,0.15234375,0.6796875,0.30859375,1,1
318,3,0.7734375,0.19921875,0.88671875,0.3984375,1,1
318,3,0.7734375,0.19921875,0.88671875,0.3984375,4,1
318,3,0.578125,0.1171875,0.6328125,0.21875,1,1
318,3,0.4375,0.2421875,0.57421875,0.51171875,1,1
318,3,0.89453125,0.28125,0.9921875,0.4375,1,1
318,4,0.3671875,0.296875,0.46875,0.6953125,1,1
318,4,0.3671875,0.296875,0.46875,0.6953125,5,1
318,4,0.22265625,0.30078125,0.3046875,0.5859375,1,1
318,4,0.22265625,0.30078125,0.3046875,0.5859375,5,1
318,4,0.171875,0.328125,0.234375,0.66796875,1,1
318,4,0.171875,0.328125,0.234375,0.66796875,5,1
318,4,0.09765625,0.32421875,0.1796875,0.58203125,1,1
318,4,0.09765625,0.32421875,0.1796875,0.58203125,5,1
318,4,0.046875,0.3203125,0.12890625,0.640625,1,1
318,4,0.046875,0.3203125,0.12890625,0.640625,5,1
318,4,0.6171875,0.15234375,0.6796875,0.30859375,1,1
318,4,0.76953125,0.19921875,0.88671875,0.3984375,1,1
318,4,0.76953125,0.19921875,0.88671875,0.3984375,4,1
318,4,0.578125,0.1171875,0.6328125,0.21875,1,1
318,4,0.4375,0.2421875,0.57421875,0.51171875,1,1
318,4,0.89453125,0.28125,0.9921875,0.4375,1,1
318,5,0.3671875,0.296875,0.46875,0.6953125,1,1
318,5,0.3671875,0.296875,0.46875,0.6953125,5,1
318,5,0.22265625,0.30078125,0.3046875,0.5859375,1,1
318,5,0.22265625,0.30078125,0.3046875,0.5859375,5,1
318,5,0.171875,0.328125,0.234375,0.66796875,1,1
318,5,0.171875,0.328125,0.234375,0.66796875,5,1
318,5,0.09765625,0.32421875,0.1796875,0.58203125,1,1
318,5,0.09765625,0.32421875,0.1796875,0.58203125,5,1
318,5,0.046875,0.3203125,0.12890625,0.640625,1,1
318,5,0.046875,0.3203125,0.12890625,0.640625,5,1
318,5,0.6171875,0.15234375,0.6796875,0.30859375,1,1
318,5,0.7734375,0.19921875,0.88671875,0.3984375,1,1
318,5,0.7734375,0.19921875,0.88671875,0.3984375,4,1
318,5,0.578125,0.1171875,0.6328125,0.21875,1,1
318,5,0.4375,0.2421875,0.57421875,0.51171875,1,1
318,5,0.89453125,0.28125,0.9921875,0.4375,1,1
318,6,0.3671875,0.296875,0.46875,0.6953125,1,1
318,6,0.3671875,0.296875,0.46875,0.6953125,5,1
318,6,0.22265625,0.30078125,0.3046875,0.5859375,1,1
318,6,0.22265625,0.30078125,0.3046875,0.5859375,5,1
318,6,0.171875,0.328125,0.234375,0.66796875,1,1
318,6,0.171875,0.328125,0.234375,0.66796875,5,1
318,6,0.09765625,0.32421875,0.1796875,0.58203125,1,1
318,6,0.09765625,0.32421875,0.1796875,0.58203125,5,1
318,6,0.046875,0.3203125,0.12890625,0.640625,1,1
318,6,0.046875,0.3203125,0.12890625,0.640625,5,1
318,6,0.6171875,0.15234375,0.6796875,0.30859375,1,1
318,6,0.76171875,0.19921875,0.88671875,0.3984375,1,1
318,6,0.76171875,0.19921875,0.88671875,0.3984375,4,1
318,6,0.578125,0.1171875,0.6328125,0.21875,1,1
318,6,0.4375,0.2421875,0.58984375,0.49609375,1,1
318,6,0.89453125,0.28125,0.9921875,0.4375,1,1
318,7,0.3671875,0.296875,0.46875,0.6953125,1,1
318,7,0.3671875,0.296875,0.46875,0.6953125,5,1
318,7,0.22265625,0.30078125,0.3046875,0.5859375,1,1
318,7,0.22265625,0.30078125,0.3046875,0.5859375,5,1
318,7,0.171875,0.328125,0.234375,0.66796875,1,1
318,7,0.171875,0.328125,0.234375,0.66796875,5,1
318,7,0.09765625,0.32421875,0.1796875,0.58203125,1,1
318,7,0.09765625,0.32421875,0.1796875,0.58203125,5,1
318,7,0.046875,0.3203125,0.12890625,0.640625,1,1
318,7,0.046875,0.3203125,0.12890625,0.640625,5,1
318,7,0.6171875,0.15234375,0.6796875,0.30859375,1,1
318,7,0.7734375,0.19921875,0.88671875,0.3984375,1,1
318,7,0.7734375,0.19921875,0.88671875,0.3984375,4,1
318,7,0.578125,0.1171875,0.6328125,0.21875,1,1
318,7,0.4375,0.2421875,0.57421875,0.51171875,1,1
318,7,0.89453125,0.28125,0.9921875,0.4375,1,1
319,2,0.1328125,0.34375,0.203125,0.6640625,1,1
319,2,0.1328125,0.34375,0.203125,0.6640625,5,1
319,2,0.62109375,0.25390625,0.76953125,0.5703125,1,1
319,2,0.62109375,0.25390625,0.76953125,0.5703125,5,1
319,2,0.86328125,0.3203125,0.984375,0.625,1,1
319,2,0.86328125,0.3203125,0.984375,0.625,5,1
319,2,0.37109375,0.125,0.47265625,0.21875,1,1
319,2,0.31640625,0.2109375,0.3671875,0.2890625,2,1
319,2,0.21875,0.234375,0.29296875,0.37109375,2,1
319,3,0.1328125,0.34375,0.203125,0.6640625,1,1
319,3,0.1328125,0.34375,0.203125,0.6640625,5,1
319,3,0.63671875,0.25390625,0.76953125,0.546875,1,1
319,3,0.63671875,0.25390625,0.76953125,0.546875,5,1
319,3,0.86328125,0.3203125,0.984375,0.625,1,1
319,3,0.86328125,0.3203125,0.984375,0.625,5,1
319,3,0.37109375,0.125,0.47265625,0.21875,1,1
319,3,0.31640625,0.2109375,0.3671875,0.2890625,2,1
319,3,0.21875,0.234375,0.29296875,0.37109375,2,1
319,4,0.1328125,0.34375,0.203125,0.6640625,1,1
319,4,0.1328125,0.34375,0.203125,0.6640625,5,1
319,4,0.63671875,0.25390625,0.76953125,0.53125,1,1
319,4,0.63671875,0.25390625,0.76953125,0.53125,5,1
319,4,0.86328125,0.3203125,0.984375,0.625,1,1
319,4,0.86328125,0.3203125,0.984375,0.625,5,1
319,4,0.37109375,0.125,0.47265625,0.21875,1,1
319,4,0.31640625,0.2109375,0.3671875,0.2890625,2,1
319,4,0.21875,0.234375,0.29296875,0.37109375,2,1
319,5,0.1328125,0.34375,0.203125,0.6640625,1,1
319,5,0.1328125,0.34375,0.203125,0.6640625,5,1
319,5,0.63671875,0.25390625,0.76953125,0.5703125,1,1
319,5,0.63671875,0.25390625,0.76953125,0.5703125,5,1
319,5,0.86328125,0.3203125,0.984375,0.625,1,1
319,5,0.86328125,0.3203125,0.984375,0.625,5,1
319,5,0.37109375,0.125,0.47265625,0.21875,1,1
319,5,0.31640625,0.2109375,0.3671875,0.2890625,2,1
319,5,0.21875,0.234375,0.29296875,0.37109375,2,1
319,6,0.1328125,0.34375,0.203125,0.6640625,1,1
319,6,0.1328125,0.34375,0.203125,0.6640625,5,1
319,6,0.62109375,0.25390625,0.76953125,0.51171875,1,1
319,6,0.62109375,0.25390625,0.76953125,0.51171875,5,1
319,6,0.86328125,0.3203125,0.984375,0.625,1,1
319,6,0.86328125,0.3203125,0.984375,0.625,5,1
319,6,0.37109375,0.125,0.47265625,0.21875,1,1
319,6,0.31640625,0.2109375,0.3671875,0.2890625,2,1
319,6,0.21875,0.234375,0.29296875,0.37109375,2,1
319,7,0.1328125,0.34375,0.203125,0.6640625,1,1
319,7,0.1328125,0.34375,0.203125,0.6640625,5,1
319,7,0.63671875,0.25390625,0.76953125,0.5234375,1,1
319,7,0.63671875,0.25390625,0.76953125,0.5234375,5,1
319,7,0.86328125,0.3203125,0.984375,0.625,1,1
319,7,0.86328125,0.3203125,0.984375,0.625,5,1
319,7,0.37109375,0.125,0.47265625,0.21875,1,1
319,7,0.31640625,0.2109375,0.3671875,0.2890625,2,1
319,7,0.21875,0.234375,0.29296875,0.37109375,2,1
320,2,0.20703125,0.3125,0.30078125,0.671875,1,1
320,2,0.20703125,0.3125,0.30078125,0.671875,5,1
320,2,0.37890625,0.29296875,0.55859375,0.69140625,1,1
320,2,0.37890625,0.29296875,0.55859375,0.69140625,5,1
320,2,0.68359375,0.14453125,0.734375,0.3046875,1,1
320,2,0.68359375,0.14453125,0.734375,0.3046875,4,1
320,2,0.77734375,0.203125,0.84765625,0.36328125,1,1
320,2,0.0390625,0.31640625,0.09765625,0.4140625,2,1
320,3,0.20703125,0.3125,0.30078125,0.671875,1,1
320,3,0.20703125,0.3125,0.30078125,0.671875,5,1
320,3,0.37890625,0.29296875,0.55859375,0.69140625,1,1
320,3,0.37890625,0.29296875,0.55859375,0.69140625,5,1
320,3,0.68359375,0.14453125,0.734375,0.3046875,1,1
320,3,0.68359375,0.14453125,0.734375,0.3046875,4,1
320,3,0.77734375,0.203125,0.84765625,0.36328125,1,1
320,3,0.0390625,0.31640625,0.09765625,0.4140625,2,1
320,4,0.20703125,0.3125,0.30078125,0.671875,1,1
320,4,0.20703125,0.3125,0.30078125,0.671875,5,1
320,4,0.37890625,0.29296875,0.55859375,0.69140625,1,1
320,4,0.37890625,0.29296875,0.55859375,0.69140625,5,1
320,4,0.68359375,0.14453125,0.734375,0.3046875,1,1
320,4,0.68359375,0.14453125,0.734375,0.3046875,4,1
320,4,0.77734375,0.203125,0.84765625,0.36328125,1,1
320,4,0.0390625,0.31640625,0.09765625,0.4140625,2,1
320,5,0.20703125,0.3125,0.30078125,0.671875,1,1
320,5,0.20703125,0.3125,0.30078125,0.671875,5,1
320,5,0.37890625,0.29296875,0.55859375,0.69140625,1,1
320,5,0.37890625,0.29296875,0.55859375,0.69140625,5,1
320,5,0.68359375,0.14453125,0.734375,0.3046875,1,1
320,5,0.68359375,0.14453125,0.734375,0.3046875,4,1
320,5,0.77734375,0.203125,0.84765625,0.36328125,1,1
320,5,0.0390625,0.31640625,0.09765625,0.4140625,2,1
320,6,0.20703125,0.3125,0.30078125,0.671875,1,1
320,6,0.20703125,0.3125,0.30078125,0.671875,5,1
320,6,0.37890625,0.29296875,0.55859375,0.69140625,1,1
320,6,0.37890625,0.29296875,0.55859375,0.69140625,5,1
320,6,0.68359375,0.14453125,0.734375,0.3046875,1,1
320,6,0.68359375,0.14453125,0.734375,0.3046875,4,1
320,6,0.77734375,0.203125,0.84765625,0.36328125,1,1
320,6,0.0390625,0.31640625,0.09765625,0.4140625,2,1
320,7,0.20703125,0.3125,0.30078125,0.671875,1,1
320,7,0.20703125,0.3125,0.30078125,0.671875,5,1
320,7,0.37890625,0.29296875,0.55859375,0.69140625,1,1
320,7,0.37890625,0.29296875,0.55859375,0.69140625,5,1
320,7,0.68359375,0.14453125,0.734375,0.3046875,1,1
320,7,0.68359375,0.14453125,0.734375,0.3046875,4,1
320,7,0.77734375,0.203125,0.84765625,0.36328125,1,1
320,7,0.0390625,0.31640625,0.09765625,0.4140625,2,1
321,2,0.12890625,0.3359375,0.19921875,0.66015625,1,1
321,2,0.12890625,0.3359375,0.19921875,0.66015625,5,1
321,2,0.21875,0.234375,0.2890625,0.3671875,2,1
321,2,0.21875,0.234375,0.2890625,0.3671875,3,1
321,2,0.3203125,0.23046875,0.40234375,0.36328125,2,1
321,2,0.16015625,0.1796875,0.23828125,0.2578125,1,1
321,3,0.12890625,0.3359375,0.19921875,0.66015625,1,1
321,3,0.12890625,0.3359375,0.19921875,0.66015625,5,1
321,3,0.21875,0.234375,0.2890625,0.3671875,2,1
321,3,0.21875,0.234375,0.2890625,0.3671875,3,1
321,3,0.3203125,0.23046875,0.40234375,0.36328125,2,1
321,3,0.16015625,0.1796875,0.23828125,0.2578125,1,1
321,4,0.12890625,0.3359375,0.19921875,0.66015625,1,1
321,4,0.12890625,0.3359375,0.19921875,0.66015625,5,1
321,4,0.21875,0.234375,0.2890625,0.3671875,2,1
321,4,0.21875,0.234375,0.2890625,0.3671875,3,1
321,4,0.3203125,0.23046875,0.40234375,0.36328125,2,1
321,4,0.16015625,0.1796875,0.23828125,0.2578125,1,1
321,5,0.12890625,0.3359375,0.19921875,0.66015625,1,1
321,5,0.12890625,0.3359375,0.19921875,0.66015625,5,1
321,5,0.21875,0.234375,0.2890625,0.3671875,2,1
321,5,0.21875,0.234375,0.2890625,0.3671875,3,1
321,5,0.3203125,0.23046875,0.40234375,0.36328125,2,1
321,5,0.16015625,0.1796875,0.23828125,0.2578125,1,1
321,6,0.12890625,0.3359375,0.19921875,0.66015625,1,1
321,6,0.12890625,0.3359375,0.19921875,0.66015625,5,1
321,6,0.21875,0.234375,0.2890625,0.3671875,2,1
321,6,0.21875,0.234375,0.2890625,0.3671875,3,1
321,6,0.3203125,0.23046875,0.40234375,0.36328125,2,1
321,6,0.16015625,0.1796875,0.23828125,0.2578125,1,1
321,7,0.12890625,0.3359375,0.19921875,0.66015625,1,1
321,7,0.12890625,0.3359375,0.19921875,0.66015625,5,1
321,7,0.21875,0.234375,0.2890625,0.3671875,2,1
321,7,0.21875,0.234375,0.2890625,0.3671875,3,1
321,7,0.3203125,0.23046875,0.40234375,0.36328125,2,1
321,7,0.16015625,0.1796875,0.23828125,0.2578125,1,1
322,2,0.0625,0.359375,0.13671875,0.640625,1,1
322,2,0.0625,0.359375,0.13671875,0.640625,5,1
322,2,0.44921875,0.27734375,0.59765625,0.68359375,1,1
322,2,0.44921875,0.27734375,0.59765625,0.68359375,5,1
322,2,0.55859375,0.26953125,0.69921875,0.6875,1,1
322,2,0.55859375,0.26953125,0.69921875,0.6875,5,1
322,2,0.7578125,0.29296875,0.92578125,0.57421875,1,1
322,2,0.7578125,0.29296875,0.92578125,0.57421875,5,1
322,2,0.68359375,0.16015625,0.734375,0.3046875,1,1
322,2,0.68359375,0.16015625,0.734375,0.3046875,4,1
322,2,0.5859375,0.13671875,0.65625,0.28125,1,1
322,2,0.31640625,0.23828125,0.41015625,0.35546875,2,1
322,2,0.22265625,0.25,0.30078125,0.3671875,2,1
322,2,0.10546875,0.24609375,0.21484375,0.390625,1,1
322,2,0.3984375,0.1875,0.4609375,0.2734375,2,1
322,2,0.3046875,0.203125,0.37890625,0.28125,2,1
322,2,0.50390625,0.19921875,0.5703125,0.3515625,2,1
322,3,0.0625,0.359375,0.13671875,0.640625,1,1
322,3,0.0625,0.359375,0.13671875,0.640625,5,1
322,3,0.44921875,0.27734375,0.59765625,0.68359375,1,1
322,3,0.44921875,0.27734375,0.59765625,0.68359375,5,1
322,3,0.55859375,0.26953125,0.69921875,0.6875,1,1
322,3,0.55859375,0.26953125,0.69921875,0.6875,5,1
322,3,0.7578125,0.29296875,0.92578125,0.57421875,1,1
322,3,0.7578125,0.29296875,0.92578125,0.57421875,5,1
322,3,0.68359375,0.16015625,0.734375,0.3046875,1,1
322,3,0.68359375,0.16015625,0.734375,0.3046875,4,1
322,3,0.5859375,0.13671875,0.65625,0.28125,1,1
322,3,0.31640625,0.23828125,0.41015625,0.35546875,2,1
322,3,0.22265625,0.25,0.30078125,0.3671875,2,1
322,3,0.10546875,0.24609375,0.21484375,0.390625,1,1
322,3,0.3984375,0.1875,0.4609375,0.2734375,2,1
322,3,0.3046875,0.203125,0.37890625,0.28125,2,1
322,3,0.50390625,0.19921875,0.5703125,0.3515625,2,1
322,4,0.0625,0.359375,0.13671875,0.640625,1,1
322,4,0.0625,0.359375,0.13671875,0.640625,5,1
322,4,0.44921875,0.27734375,0.59765625,0.68359375,1,1
322,4,0.44921875,0.27734375,0.59765625,0.68359375,5,1
322,4,0.55859375,0.26953125,0.72265625,0.61328125,1,1
322,4,0.55859375,0.26953125,0.72265625,0.61328125,5,1
322,4,0.7578125,0.29296875,0.92578125,0.57421875,1,1
322,4,0.7578125,0.29296875,0.92578125,0.57421875,5,1
322,4,0.68359375,0.16015625,0.734375,0.3046875,1,1
322,4,0.68359375,0.16015625,0.734375,0.3046875,4,1
322,4,0.5859375,0.13671875,0.65625,0.28125,1,1
322,4,0.31640625,0.23828125,0.41015625,0.35546875,2,1
322,4,0.22265625,0.25,0.30078125,0.3671875,2,1
322,4,0.10546875,0.24609375,0.21484375,0.390625,1,1
322,4,0.3984375,0.1875,0.4609375,0.2734375,2,1
322,4,0.3046875,0.203125,0.37890625,0.28125,2,1
322,4,0.50390625,0.19921875,0.5703125,0.3515625,2,1
322,5,0.0625,0.359375,0.13671875,0.640625,1,1
322,5,0.0625,0.359375,0.13671875,0.640625,5,1
322,5,0.44921875,0.27734375,0.59765625,0.68359375,1,1
322,5,0.44921875,0.27734375,0.59765625,0.68359375,5,1
322,5,0.55859375,0.26953125,0.7265625,0.60546875,1,1
322,5,0.55859375,0.26953125,0.7265625,0.60546875,5,1
322,5,0.7578125,0.29296875,0.92578125,0.57421875,1,1
322,5,0.7578125,0.29296875,0.92578125,0.57421875,5,1
322,5,0.68359375,0.16015625,0.734375,0.3046875,1,1
322,5,0.68359375,0.16015625,0.734375,0.3046875,4,1
322,5,0.5859375,0.13671875,0.65625,0.28125,1,1
322,5,0.31640625,0.23828125,0.41015625,0.35546875,2,1
322,5,0.22265625,0.25,0.30078125,0.3671875,2,1
322,5,0.10546875,0.24609375,0.21484375,0.390625,1,1
322,5,0.3984375,0.1875,0.4609375,0.2734375,2,1
322,5,0.3046875,0.203125,0.37890625,0.28125,2,1
322,5,0.50390625,0.203125,0.5703125,0.35546875,2,1
322,6,0.0625,0.359375,0.13671875,0.640625,1,1
322,6,0.0625,0.359375,0.13671875,0.640625,5,1
322,6,0.44921875,0.27734375,0.59765625,0.68359375,1,1
322,6,0.44921875,0.27734375,0.59765625,0.68359375,5,1
322,6,0.55859375,0.26953125,0.73046875,0.60546875,1,1
322,6,0.55859375,0.26953125,0.73046875,0.60546875,5,1
322,6,0.7578125,0.29296875,0.92578125,0.57421875,1,1
322,6,0.7578125,0.29296875,0.92578125,0.57421875,5,1
322,6,0.68359375,0.16015625,0.734375,0.3046875,1,1
322,6,0.68359375,0.16015625,0.734375,0.3046875,4,1
322,6,0.5859375,0.13671875,0.65625,0.28125,1,1
322,6,0.31640625,0.23828125,0.41015625,0.35546875,2,1
322,6,0.22265625,0.25,0.30078125,0.3671875,2,1
322,6,0.10546875,0.24609375,0.21484375,0.390625,1,1
322,6,0.3984375,0.1875,0.4609375,0.2734375,2,1
322,6,0.3046875,0.203125,0.37890625,0.28125,2,1
322,6,0.50390625,0.203125,0.5703125,0.35546875,2,1
322,7,0.0625,0.359375,0.13671875,0.640625,1,1
322,7,0.0625,0.359375,0.13671875,0.640625,5,1
322,7,0.44921875,0.27734375,0.59765625,0.68359375,1,1
322,7,0.44921875,0.27734375,0.59765625,0.68359375,5,1
322,7,0.55859375,0.26953125,0.73828125,0.6171875,1,1
322,7,0.55859375,0.26953125,0.73828125,0.6171875,5,1
322,7,0.7578125,0.29296875,0.92578125,0.57421875,1,1
322,7,0.7578125,0.29296875,0.92578125,0.57421875,5,1
322,7,0.68359375,0.16015625,0.734375,0.3046875,1,1
322,7,0.68359375,0.16015625,0.734375,0.3046875,4,1
322,7,0.5859375,0.13671875,0.65625,0.28125,1,1
322,7,0.31640625,0.23828125,0.41015625,0.35546875,2,1
322,7,0.22265625,0.25,0.30078125,0.3671875,2,1
322,7,0.10546875,0.24609375,0.21484375,0.390625,1,1
322,7,0.3984375,0.1875,0.4609375,0.2734375,2,1
322,7,0.3046875,0.203125,0.37890625,0.28125,2,1
322,7,0.50390625,0.203125,0.5703125,0.35546875,2,1
323,2,0.45703125,0.2890625,0.59765625,0.66796875,1,1
323,2,0.45703125,0.2890625,0.59765625,0.66796875,5,1
323,2,0.24609375,0.296875,0.40234375,0.6171875,1,1
323,2,0.24609375,0.296875,0.40234375,0.6171875,5,1
323,2,0.64453125,0.29296875,0.7890625,0.5234375,1,1
323,2,0.83203125,0.2890625,0.94140625,0.63671875,1,1
323,2,0.83203125,0.2890625,0.94140625,0.63671875,5,1
323,2,0.2109375,0.21875,0.2578125,0.3984375,1,1
323,2,0.265625,0.16015625,0.33203125,0.27734375,1,1
323,2,0.37890625,0.1875,0.46875,0.2734375,2,1
323,2,0.328125,0.22265625,0.3984375,0.36328125,2,1
323,2,0.87890625,0.29296875,0.9921875,0.60546875,1,1
323,2,0.87890625,0.29296875,0.9921875,0.60546875,5,1
323,2,0.125,0.27734375,0.203125,0.390625,2,1
323,2,0.08984375,0.203125,0.1640625,0.2734375,1,1
323,2,0.0625,0.3046875,0.12109375,0.4140625,2,1
323,2,0.48828125,0.21875,0.6328125,0.4140625,1,1
323,3,0.45703125,0.2890625,0.59765625,0.66796875,1,1
323,3,0.45703125,0.2890625,0.59765625,0.66796875,5,1
323,3,0.24609375,0.296875,0.40234375,0.6171875,1,1
323,3,0.24609375,0.296875,0.40234375,0.6171875,5,1
323,3,0.6484375,0.29296875,0.78515625,0.5234375,1,1
323,3,0.83203125,0.2890625,0.94140625,0.63671875,1,1
323,3,0.83203125,0.2890625,0.94140625,0.63671875,5,1
323,3,0.2109375,0.21875,0.2578125,0.3984375,1,1
323,3,0.265625,0.16015625,0.33203125,0.27734375,1,1
323,3,0.37890625,0.1875,0.46875,0.2734375,2,1
323,3,0.328125,0.22265625,0.3984375,0.36328125,2,1
323,3,0.87890625,0.29296875,0.9921875,0.60546875,1,1
323,3,0.87890625,0.29296875,0.9921875,0.60546875,5,1
323,3,0.125,0.27734375,0.203125,0.390625,2,1
323,3,0.08984375,0.20703125,0.1640625,0.27734375,1,1
323,3,0.0625,0.3046875,0.12109375,0.4140625,2,1
323,3,0.421875,0.22265625,0.59765625,0.44140625,1,1
323,4,0.45703125,0.2890625,0.59765625,0.66796875,1,1
323,4,0.45703125,0.2890625,0.59765625,0.66796875,5,1
323,4,0.24609375,0.296875,0.40234375,0.6015625,1,1
323,4,0.24609375,0.296875,0.40234375,0.6015625,5,1
323,4,0.64453125,0.29296875,0.7890625,0.5234375,1,1
323,4,0.83203125,0.2890625,0.94140625,0.63671875,1,1
323,4,0.83203125,0.2890625,0.94140625,0.63671875,5,1
323,4,0.2109375,0.21875,0.2578125,0.3984375,1,1
323,4,0.265625,0.16015625,0.33203125,0.27734375,1,1
323,4,0.37890625,0.1875,0.46875,0.2734375,2,1
323,4,0.328125,0.22265625,0.3984375,0.36328125,2,1
323,4,0.87890625,0.29296875,0.9921875,0.60546875,1,1
323,4,0.87890625,0.29296875,0.9921875,0.60546875,5,1
323,4,0.125,0.27734375,0.203125,0.390625,2,1
323,4,0.08984375,0.20703125,0.1640625,0.27734375,1,1
323,4,0.0625,0.3046875,0.12109375,0.4140625,2,1
323,4,0.40234375,0.2421875,0.5546875,0.484375,1,1
323,5,0.45703125,0.2890625,0.59765625,0.66796875,1,1
323,5,0.45703125,0.2890625,0.59765625,0.66796875,5,1
323,5,0.24609375,0.296875,0.3984375,0.6015625,1,1
323,5,0.24609375,0.296875,0.3984375,0.6015625,5,1
323,5,0.64453125,0.29296875,0.7890625,0.5234375,1,1
323,5,0.83203125,0.2890625,0.94140625,0.63671875,1,1
323,5,0.83203125,0.2890625,0.94140625,0.63671875,5,1
323,5,0.2109375,0.21875,0.2578125,0.3984375,1,1
323,5,0.265625,0.16015625,0.33203125,0.27734375,1,1
323,5,0.37890625,0.1875,0.46875,0.2734375,2,1
323,5,0.328125,0.22265625,0.3984375,0.36328125,2,1
323,5,0.87890625,0.29296875,0.9921875,0.60546875,1,1
323,5,0.87890625,0.29296875,0.9921875,0.60546875,5,1
323,5,0.125,0.27734375,0.203125,0.390625,2,1
323,5,0.08984375,0.20703125,0.1640625,0.27734375,1,1
323,5,0.0625,0.3046875,0.12109375,0.4140625,2,1
323,5,0.34765625,0.2421875,0.5,0.51171875,1,1
323,6,0.45703125,0.2890625,0.59765625,0.66796875,1,1
323,6,0.45703125,0.2890625,0.59765625,0.66796875,5,1
323,6,0.24609375,0.296875,0.40234375,0.6171875,1,1
323,6,0.24609375,0.296875,0.40234375,0.6171875,5,1
323,6,0.61328125,0.30859375,0.77734375,0.55078125,1,1
323,6,0.83203125,0.2890625,0.94140625,0.63671875,1,1
323,6,0.83203125,0.2890625,0.94140625,0.63671875,5,1
323,6,0.2109375,0.21875,0.2578125,0.3984375,1,1
323,6,0.265625,0.16015625,0.33203125,0.27734375,1,1
323,6,0.37890625,0.1875,0.46875,0.2734375,2,1
323,6,0.328125,0.22265625,0.3984375,0.36328125,2,1
323,6,0.87890625,0.29296875,0.9921875,0.60546875,1,1
323,6,0.87890625,0.29296875,0.9921875,0.60546875,5,1
323,6,0.125,0.27734375,0.203125,0.390625,2,1
323,6,0.08984375,0.20703125,0.1640625,0.27734375,1,1
323,6,0.0625,0.3046875,0.12109375,0.4140625,2,1
323,6,0.32421875,0.2578125,0.49609375,0.53515625,1,1
323,7,0.48046875,0.2890625,0.59765625,0.64453125,1,1
323,7,0.48046875,0.2890625,0.59765625,0.64453125,5,1
323,7,0.26171875,0.28515625,0.41015625,0.53515625,1,1
323,7,0.26171875,0.28515625,0.41015625,0.53515625,5,1
323,7,0.609375,0.30859375,0.7578125,0.5625,1,1
323,7,0.83203125,0.2890625,0.94140625,0.63671875,1,1
323,7,0.83203125,0.2890625,0.94140625,0.63671875,5,1
323,7,0.2109375,0.21875,0.2578125,0.3984375,1,1
323,7,0.265625,0.16015625,0.33203125,0.27734375,1,1
323,7,0.37890625,0.1875,0.46875,0.2734375,2,1
323,7,0.328125,0.22265625,0.3984375,0.36328125,2,1
323,7,0.87890625,0.29296875,0.9921875,0.60546875,1,1
323,7,0.87890625,0.29296875,0.9921875,0.60546875,5,1
323,7,0.125,0.27734375,0.203125,0.390625,2,1
323,7,0.08984375,0.2109375,0.1640625,0.28125,1,1
323,7,0.0625,0.3046875,0.12109375,0.4140625,2,1
323,7,0.3046875,0.2578125,0.5,0.54296875,1,1
324,2,0.5078125,0.26171875,0.59375,0.70703125,1,1
324,2,0.5078125,0.26171875,0.59375,0.70703125,5,1
324,2,0.73828125,0.265625,0.8671875,0.5625,1,1
324,2,0.2421875,0.3046875,0.41015625,0.63671875,1,1
324,2,0.2421875,0.3046875,0.41015625,0.63671875,5,1
324,2,0.171875,0.3125,0.2578125,0.65234375,1,1
324,2,0.171875,0.3125,0.2578125,0.65234375,5,1
324,2,0.1015625,0.34765625,0.17578125,0.65625,1,1
324,2,0.1015625,0.34765625,0.17578125,0.65625,5,1
324,2,0.06640625,0.359375,0.1171875,0.62890625,1,1
324,2,0.06640625,0.359375,0.1171875,0.62890625,5,1
324,2,0.6796875,0.12890625,0.71875,0.2890625,1,1
324,2,0.51171875,0.17578125,0.56640625,0.25390625,2,1
324,2,0.26953125,0.25,0.33203125,0.36328125,2,1
324,2,0.73828125,0.14453125,0.79296875,0.24609375,1,1
324,2,0.07421875,0.29296875,0.1328125,0.375,2,1
324,2,0.21484375,0.25,0.296875,0.34765625,2,1
324,3,0.5078125,0.26171875,0.59375,0.70703125,1,1
324,3,0.5078125,0.26171875,0.59375,0.70703125,5,1
324,3,0.73828125,0.265625,0.8671875,0.5625,1,1
324,3,0.2421875,0.3046875,0.41015625,0.63671875,1,1
324,3,0.2421875,0.3046875,0.41015625,0.63671875,5,1
324,3,0.171875,0.3125,0.2578125,0.65234375,1,1
324,3,0.171875,0.3125,0.2578125,0.65234375,5,1
324,3,0.1015625,0.34765625,0.17578125,0.65625,1,1
324,3,0.1015625,0.34765625,0.17578125,0.65625,5,1
324,3,0.06640625,0.359375,0.1171875,0.62890625,1,1
324,3,0.06640625,0.359375,0.1171875,0.62890625,5,1
324,3,0.6796875,0.12890625,0.71875,0.2890625,1,1
324,3,0.51171875,0.17578125,0.56640625,0.25390625,2,1
324,3,0.26953125,0.25,0.33203125,0.36328125,2,1
324,3,0.73828125,0.14453125,0.79296875,0.24609375,1,1
324,3,0.07421875,0.29296875,0.1328125,0.375,2,1
324,3,0.21484375,0.25,0.296875,0.34765625,2,1
324,4,0.5078125,0.26171875,0.59375,0.70703125,1,1
324,4,0.5078125,0.26171875,0.59375,0.70703125,5,1
324,4,0.73828125,0.28125,0.8671875,0.6015625,1,1
324,4,0.2421875,0.3046875,0.41015625,0.63671875,1,1
324,4,0.2421875,0.3046875,0.41015625,0.63671875,5,1
324,4,0.171875,0.3125,0.2578125,0.65234375,1,1
324,4,0.171875,0.3125,0.2578125,0.65234375,5,1
324,4,0.1015625,0.34765625,0.17578125,0.65625,1,1
324,4,0.1015625,0.34765625,0.17578125,0.65625,5,1
324,4,0.06640625,0.359375,0.1171875,0.62890625,1,1
324,4,0.06640625,0.359375,0.1171875,0.62890625,5,1
324,4,0.6796875,0.12890625,0.71875,0.2890625,1,1
324,4,0.51171875,0.17578125,0.56640625,0.25390625,2,1
324,4,0.26953125,0.25,0.33203125,0.36328125,2,1
324,4,0.73828125,0.14453125,0.79296875,0.24609375,1,1
324,4,0.07421875,0.29296875,0.1328125,0.375,2,1
324,4,0.21484375,0.25,0.296875,0.34765625,2,1
324,5,0.5078125,0.26171875,0.59375,0.70703125,1,1
324,5,0.5078125,0.26171875,0.59375,0.70703125,5,1
324,5,0.75,0.28515625,0.875,0.59765625,1,1
324,5,0.2421875,0.3125,0.41015625,0.64453125,1,1
324,5,0.2421875,0.3125,0.41015625,0.64453125,5,1
324,5,0.171875,0.3125,0.2578125,0.65234375,1,1
324,5,0.171875,0.3125,0.2578125,0.65234375,5,1
324,5,0.1015625,0.34765625,0.17578125,0.65625,1,1
324,5,0.1015625,0.34765625,0.17578125,0.65625,5,1
324,5,0.06640625,0.359375,0.1171875,0.62890625,1,1
324,5,0.06640625,0.359375,0.1171875,0.62890625,5,1
324,5,0.6796875,0.12890625,0.71875,0.2890625,1,1
324,5,0.51171875,0.17578125,0.56640625,0.25390625,2,1
324,5,0.26953125,0.25,0.33203125,0.36328125,2,1
324,5,0.73828125,0.14453125,0.79296875,0.24609375,1,1
324,5,0.07421875,0.29296875,0.1328125,0.375,2,1
324,5,0.21484375,0.25,0.296875,0.34765625,2,1
324,6,0.5078125,0.26171875,0.59375,0.70703125,1,1
324,6,0.5078125,0.26171875,0.59375,0.70703125,5,1
324,6,0.75,0.28515625,0.875,0.59765625,1,1
324,6,0.2421875,0.3046875,0.41015625,0.6484375,1,1
324,6,0.2421875,0.3046875,0.41015625,0.6484375,5,1
324,6,0.171875,0.3125,0.2578125,0.66796875,1,1
324,6,0.171875,0.3125,0.2578125,0.66796875,5,1
324,6,0.1015625,0.34765625,0.17578125,0.65625,1,1
324,6,0.1015625,0.34765625,0.17578125,0.65625,5,1
324,6,0.06640625,0.359375,0.1171875,0.62890625,1,1
324,6,0.06640625,0.359375,0.1171875,0.62890625,5,1
324,6,0.6796875,0.12890625,0.71875,0.2890625,1,1
324,6,0.51171875,0.17578125,0.56640625,0.25390625,2,1
324,6,0.26953125,0.25,0.33203125,0.36328125,2,1
324,6,0.73828125,0.14453125,0.79296875,0.24609375,1,1
324,6,0.07421875,0.29296875,0.1328125,0.375,2,1
324,6,0.21484375,0.25,0.296875,0.34765625,2,1
324,7,0.5078125,0.26171875,0.59375,0.70703125,1,1
324,7,0.5078125,0.26171875,0.59375,0.70703125,5,1
324,7,0.73828125,0.265625,0.8671875,0.5625,1,1
324,7,0.25390625,0.30859375,0.41015625,0.65234375,1,1
324,7,0.25390625,0.30859375,0.41015625,0.65234375,5,1
324,7,0.171875,0.3125,0.2578125,0.65234375,1,1
324,7,0.171875,0.3125,0.2578125,0.65234375,5,1
324,7,0.1015625,0.34765625,0.17578125,0.65625,1,1
324,7,0.1015625,0.34765625,0.17578125,0.65625,5,1
324,7,0.06640625,0.359375,0.1171875,0.62890625,1,1
324,7,0.06640625,0.359375,0.1171875,0.62890625,5,1
324,7,0.6796875,0.12890625,0.71875,0.2890625,1,1
324,7,0.51171875,0.17578125,0.56640625,0.25390625,2,1
324,7,0.26953125,0.25,0.33203125,0.36328125,2,1
324,7,0.73828125,0.14453125,0.79296875,0.24609375,1,1
324,7,0.07421875,0.29296875,0.1328125,0.375,2,1
324,7,0.21484375,0.25,0.296875,0.34765625,2,1
325,2,0.53125,0.2734375,0.6171875,0.66796875,1,1
325,2,0.53125,0.2734375,0.6171875,0.66796875,5,1
325,2,0.6796875,0.27734375,0.7578125,0.65234375,1,1
325,2,0.6796875,0.27734375,0.7578125,0.65234375,5,1
325,2,0.73828125,0.28125,0.80859375,0.66796875,1,1
325,2,0.73828125,0.28125,0.80859375,0.66796875,5,1
325,2,0.78125,0.203125,0.89453125,0.359375,1,1
325,2,0.39453125,0.2890625,0.5,0.671875,1,1
325,2,0.39453125,0.2890625,0.5,0.671875,5,1
325,2,0.3125,0.29296875,0.40625,0.67578125,1,1
325,2,0.3125,0.29296875,0.40625,0.67578125,5,1
325,2,0.21484375,0.25,0.27734375,0.38671875,2,1
325,2,0.26171875,0.1953125,0.32421875,0.359375,1,1
325,2,0.33984375,0.21875,0.42578125,0.34765625,2,1
325,2,0.78515625,0.26953125,0.92578125,0.51953125,1,1
325,2,0.0703125,0.28125,0.12890625,0.3984375,2,1
325,2,0.1328125,0.26953125,0.19921875,0.38671875,2,1
325,3,0.53125,0.2734375,0.6171875,0.66796875,1,1
325,3,0.53125,0.2734375,0.6171875,0.66796875,5,1
325,3,0.6796875,0.27734375,0.7578125,0.65234375,1,1
325,3,0.6796875,0.27734375,0.7578125,0.65234375,5,1
325,3,0.73828125,0.28125,0.80859375,0.66796875,1,1
325,3,0.73828125,0.28125,0.80859375,0.66796875,5,1
325,3,0.78125,0.203125,0.89453125,0.359375,1,1
325,3,0.39453125,0.2890625,0.5,0.671875,1,1
325,3,0.39453125,0.2890625,0.5,0.671875,5,1
325,3,0.3125,0.29296875,0.40625,0.67578125,1,1
325,3,0.3125,0.29296875,0.40625,0.67578125,5,1
325,3,0.21484375,0.25,0.27734375,0.38671875,2,1
325,3,0.26171875,0.1953125,0.32421875,0.359375,1,1
325,3,0.33984375,0.21875,0.42578125,0.34765625,2,1
325,3,0.78515625,0.26953125,0.92578125,0.51953125,1,1
325,3,0.0703125,0.28125,0.12890625,0.3984375,2,1
325,3,0.1328125,0.26953125,0.19921875,0.38671875,2,1
325,4,0.53125,0.2734375,0.6171875,0.66796875,1,1
325,4,0.53125,0.2734375,0.6171875,0.66796875,5,1
325,4,0.6796875,0.27734375,0.7578125,0.65234375,1,1
325,4,0.6796875,0.27734375,0.7578125,0.65234375,5,1
325,4,0.73828125,0.28125,0.80859375,0.66796875,1,1
325,4,0.73828125,0.28125,0.80859375,0.66796875,5,1
325,4,0.78125,0.203125,0.89453125,0.359375,1,1
325,4,0.39453125,0.2890625,0.5,0.671875,1,1
325,4,0.39453125,0.2890625,0.5,0.671875,5,1
325,4,0.3125,0.29296875,0.40625,0.67578125,1,1
325,4,0.3125,0.29296875,0.40625,0.67578125,5,1
325,4,0.21484375,0.25,0.27734375,0.38671875,2,1
325,4,0.26171875,0.1953125,0.32421875,0.359375,1,1
325,4,0.33984375,0.21875,0.42578125,0.34765625,2,1
325,4,0.78515625,0.26953125,0.92578125,0.51953125,1,1
325,4,0.0703125,0.28125,0.12890625,0.3984375,2,1
325,4,0.1328125,0.26953125,0.19921875,0.38671875,2,1
325,5,0.53125,0.2734375,0.6171875,0.66796875,1,1
325,5,0.53125,0.2734375,0.6171875,0.66796875,5,1
325,5,0.6796875,0.27734375,0.7578125,0.65234375,1,1
325,5,0.6796875,0.27734375,0.7578125,0.65234375,5,1
325,5,0.73828125,0.28125,0.80859375,0.66796875,1,1
325,5,0.73828125,0.28125,0.80859375,0.66796875,5,1
325,5,0.78125,0.203125,0.89453125,0.359375,1,1
325,5,0.39453125,0.2890625,0.5,0.671875,1,1
325,5,0.39453125,0.2890625,0.5,0.671875,5,1
325,5,0.3125,0.29296875,0.40625,0.67578125,1,1
325,5,0.3125,0.29296875,0.40625,0.67578125,5,1
325,5,0.21484375,0.25,0.27734375,0.38671875,2,1
325,5,0.26171875,0.1953125,0.32421875,0.359375,1,1
325,5,0.33984375,0.21875,0.42578125,0.34765625,2,1
325,5,0.78515625,0.26953125,0.92578125,0.51953125,1,1
325,5,0.0703125,0.28125,0.12890625,0.3984375,2,1
325,5,0.1328125,0.26953125,0.19921875,0.38671875,2,1
325,6,0.53125,0.2734375,0.6171875,0.66796875,1,1
325,6,0.53125,0.2734375,0.6171875,0.66796875,5,1
325,6,0.6796875,0.27734375,0.7578125,0.65234375,1,1
325,6,0.6796875,0.27734375,0.7578125,0.65234375,5,1
325,6,0.73828125,0.28125,0.80859375,0.66796875,1,1
325,6,0.73828125,0.28125,0.80859375,0.66796875,5,1
325,6,0.76953125,0.19921875,0.8828125,0.35546875,1,1
325,6,0.39453125,0.2890625,0.5,0.671875,1,1
325,6,0.39453125,0.2890625,0.5,0.671875,5,1
325,6,0.3125,0.29296875,0.40625,0.67578125,1,1
325,6,0.3125,0.29296875,0.40625,0.67578125,5,1
325,6,0.21484375,0.25,0.27734375,0.38671875,2,1
325,6,0.26171875,0.1953125,0.32421875,0.359375,1,1
325,6,0.33984375,0.21875,0.42578125,0.34765625,2,1
325,6,0.78515625,0.26953125,0.92578125,0.51953125,1,1
325,6,0.0703125,0.28125,0.12890625,0.3984375,2,1
325,6,0.1328125,0.26953125,0.19921875,0.38671875,2,1
325,7,0.53125,0.2734375,0.6171875,0.66796875,1,1
325,7,0.53125,0.2734375,0.6171875,0.66796875,5,1
325,7,0.6796875,0.27734375,0.7578125,0.65234375,1,1
325,7,0.6796875,0.27734375,0.7578125,0.65234375,5,1
325,7,0.73828125,0.28125,0.80859375,0.66796875,1,1
325,7,0.73828125,0.28125,0.80859375,0.66796875,5,1
325,7,0.765625,0.19921875,0.87890625,0.35546875,1,1
325,7,0.39453125,0.2890625,0.5,0.671875,1,1
325,7,0.39453125,0.2890625,0.5,0.671875,5,1
325,7,0.3125,0.29296875,0.40625,0.67578125,1,1
325,7,0.3125,0.29296875,0.40625,0.67578125,5,1
325,7,0.21484375,0.25,0.27734375,0.38671875,2,1
325,7,0.26171875,0.1953125,0.32421875,0.359375,1,1
325,7,0.33984375,0.21875,0.42578125,0.34765625,2,1
325,7,0.78515625,0.26953125,0.92578125,0.51953125,1,1
325,7,0.0703125,0.28125,0.12890625,0.3984375,2,1
325,7,0.1328125,0.26953125,0.19921875,0.38671875,2,1
326,2,0.640625,0.140625,0.703125,0.26953125,1,1
326,2,0.828125,0.30859375,0.9453125,0.640625,1,1
326,2,0.828125,0.30859375,0.9453125,0.640625,5,1
326,2,0.31640625,0.203125,0.375,0.28125,2,1
326,2,0.10546875,0.3359375,0.2890625,0.578125,1,1
326,2,0.0390625,0.3515625,0.140625,0.64453125,1,1
326,2,0.0390625,0.3515625,0.140625,0.64453125,5,1
326,2,0.01953125,0.3515625,0.08203125,0.6328125,1,1
326,2,0.01953125,0.3515625,0.08203125,0.6328125,5,1
326,3,0.640625,0.140625,0.703125,0.26953125,1,1
326,3,0.828125,0.30859375,0.9453125,0.640625,1,1
326,3,0.828125,0.30859375,0.9453125,0.640625,5,1
326,3,0.31640625,0.203125,0.375,0.28125,2,1
326,3,0.09765625,0.3359375,0.2890625,0.578125,1,1
326,3,0.0390625,0.3515625,0.140625,0.64453125,1,1
326,3,0.0390625,0.3515625,0.140625,0.64453125,5,1
326,3,0.01953125,0.3515625,0.08203125,0.6328125,1,1
326,3,0.01953125,0.3515625,0.08203125,0.6328125,5,1
326,4,0.640625,0.140625,0.703125,0.26953125,1,1
326,4,0.828125,0.30859375,0.9453125,0.640625,1,1
326,4,0.828125,0.30859375,0.9453125,0.640625,5,1
326,4,0.31640625,0.203125,0.375,0.28125,2,1
326,4,0.0859375,0.3359375,0.2890625,0.578125,1,1
326,4,0.0390625,0.3515625,0.140625,0.64453125,1,1
326,4,0.0390625,0.3515625,0.140625,0.64453125,5,1
326,4,0.01953125,0.3515625,0.08203125,0.6328125,1,1
326,4,0.01953125,0.3515625,0.08203125,0.6328125,5,1
326,5,0.640625,0.140625,0.703125,0.26953125,1,1
326,5,0.828125,0.30859375,0.9453125,0.640625,1,1
326,5,0.828125,0.30859375,0.9453125,0.640625,5,1
326,5,0.31640625,0.203125,0.375,0.28125,2,1
326,5,0.08984375,0.3359375,0.265625,0.578125,1,1
326,5,0.0390625,0.3515625,0.140625,0.64453125,1,1
326,5,0.0390625,0.3515625,0.140625,0.64453125,5,1
326,5,0.01953125,0.3515625,0.08203125,0.6328125,1,1
326,5,0.01953125,0.3515625,0.08203125,0.6328125,5,1
326,6,0.640625,0.140625,0.703125,0.26953125,1,1
326,6,0.828125,0.30859375,0.9453125,0.640625,1,1
326,6,0.828125,0.30859375,0.9453125,0.640625,5,1
326,6,0.31640625,0.203125,0.375,0.28125,2,1
326,6,0.07421875,0.3359375,0.2578125,0.578125,1,1
326,6,0.0390625,0.3515625,0.140625,0.64453125,1,1
326,6,0.0390625,0.3515625,0.140625,0.64453125,5,1
326,6,0.01953125,0.3515625,0.08203125,0.6328125,1,1
326,6,0.01953125,0.3515625,0.08203125,0.6328125,5,1
326,7,0.640625,0.140625,0.703125,0.26953125,1,1
326,7,0.828125,0.30859375,0.9453125,0.640625,1,1
326,7,0.828125,0.30859375,0.9453125,0.640625,5,1
326,7,0.31640625,0.203125,0.375,0.28125,2,1
326,7,0.07421875,0.33984375,0.25,0.58203125,1,1
326,7,0.0390625,0.3515625,0.140625,0.64453125,1,1
326,7,0.0390625,0.3515625,0.140625,0.64453125,5,1
326,7,0.01953125,0.3515625,0.08203125,0.6328125,1,1
326,7,0.01953125,0.3515625,0.08203125,0.6328125,5,1
327,2,0.43359375,0.27734375,0.53125,0.68359375,1,1
327,2,0.43359375,0.27734375,0.53125,0.68359375,5,1
327,2,0.8984375,0.328125,0.96875,0.62890625,1,1
327,2,0.8984375,0.328125,0.96875,0.62890625,5,1
327,3,0.43359375,0.27734375,0.53125,0.68359375,1,1
327,3,0.43359375,0.27734375,0.53125,0.68359375,5,1
327,3,0.8984375,0.328125,0.96875,0.62890625,1,1
327,3,0.8984375,0.328125,0.96875,0.62890625,5,1
327,4,0.43359375,0.27734375,0.53125,0.68359375,1,1
327,4,0.43359375,0.27734375,0.53125,0.68359375,5,1
327,4,0.8984375,0.328125,0.96875,0.62890625,1,1
327,4,0.8984375,0.328125,0.96875,0.62890625,5,1
327,5,0.43359375,0.27734375,0.53125,0.68359375,1,1
327,5,0.43359375,0.27734375,0.53125,0.68359375,5,1
327,5,0.8984375,0.328125,0.96875,0.62890625,1,1
327,5,0.8984375,0.328125,0.96875,0.62890625,5,1
327,6,0.43359375,0.27734375,0.53125,0.68359375,1,1
327,6,0.43359375,0.27734375,0.53125,0.68359375,5,1
327,6,0.8984375,0.328125,0.96875,0.62890625,1,1
327,6,0.8984375,0.328125,0.96875,0.62890625,5,1
327,7,0.43359375,0.27734375,0.53125,0.68359375,1,1
327,7,0.43359375,0.27734375,0.53125,0.68359375,5,1
327,7,0.8984375,0.328125,0.96875,0.62890625,1,1
327,7,0.8984375,0.328125,0.96875,0.62890625,5,1
328,2,0.0859375,0.25390625,0.2265625,0.4296875,1,1
328,2,0.6875,0.14453125,0.76171875,0.23046875,1,1
328,2,0.80859375,0.20703125,0.859375,0.296875,2,1
328,2,0.86328125,0.21875,0.90625,0.30078125,2,1
328,2,0.21484375,0.2265625,0.28515625,0.296875,2,1
328,3,0.0859375,0.25390625,0.2265625,0.4296875,1,1
328,3,0.6875,0.14453125,0.76171875,0.23046875,1,1
328,3,0.80859375,0.20703125,0.859375,0.296875,2,1
328,3,0.86328125,0.21875,0.90625,0.30078125,2,1
328,3,0.21484375,0.2265625,0.28515625,0.296875,2,1
328,4,0.0859375,0.25390625,0.2265625,0.4296875,1,1
328,4,0.6875,0.14453125,0.76171875,0.23046875,1,1
328,4,0.80859375,0.20703125,0.859375,0.296875,2,1
328,4,0.86328125,0.21875,0.90625,0.30078125,2,1
328,4,0.21484375,0.2265625,0.28515625,0.296875,2,1
328,5,0.0859375,0.25390625,0.2265625,0.4296875,1,1
328,5,0.6875,0.14453125,0.76171875,0.23046875,1,1
328,5,0.80859375,0.20703125,0.859375,0.296875,2,1
328,5,0.86328125,0.21875,0.90625,0.30078125,2,1
328,5,0.21484375,0.2265625,0.28515625,0.296875,2,1
328,6,0.0859375,0.25390625,0.2265625,0.4296875,1,1
328,6,0.6875,0.14453125,0.76171875,0.23046875,1,1
328,6,0.80859375,0.20703125,0.859375,0.296875,2,1
328,6,0.86328125,0.21875,0.90625,0.30078125,2,1
328,6,0.21484375,0.2265625,0.28515625,0.296875,2,1
328,7,0.0859375,0.25390625,0.2265625,0.4296875,1,1
328,7,0.6875,0.14453125,0.76171875,0.23046875,1,1
328,7,0.80859375,0.20703125,0.859375,0.296875,2,1
328,7,0.86328125,0.21875,0.90625,0.30078125,2,1
328,7,0.21484375,0.2265625,0.28515625,0.296875,2,1
329,2,0.6640625,0.30078125,0.83984375,0.62109375,1,1
329,2,0.6640625,0.30078125,0.83984375,0.62109375,5,1
329,2,0.08984375,0.33203125,0.25,0.63671875,1,1
329,2,0.08984375,0.33203125,0.25,0.63671875,5,1
329,2,0.01171875,0.37109375,0.078125,0.59375,1,1
329,2,0.01171875,0.37109375,0.078125,0.59375,5,1
329,2,0.80859375,0.2109375,0.86328125,0.296875,2,1
329,2,0.8984375,0.234375,0.94921875,0.3125,2,1
329,3,0.6640625,0.30078125,0.83984375,0.62109375,1,1
329,3,0.6640625,0.30078125,0.83984375,0.62109375,5,1
329,3,0.08984375,0.33203125,0.25,0.63671875,1,1
329,3,0.08984375,0.33203125,0.25,0.63671875,5,1
329,3,0.01171875,0.37109375,0.078125,0.59375,1,1
329,3,0.01171875,0.37109375,0.078125,0.59375,5,1
329,3,0.80859375,0.2109375,0.86328125,0.296875,2,1
329,3,0.8984375,0.234375,0.94921875,0.3125,2,1
329,4,0.6640625,0.30078125,0.83984375,0.62109375,1,1
329,4,0.6640625,0.30078125,0.83984375,0.62109375,5,1
329,4,0.08984375,0.33203125,0.25,0.63671875,1,1
329,4,0.08984375,0.33203125,0.25,0.63671875,5,1
329,4,0.01171875,0.37109375,0.078125,0.59375,1,1
329,4,0.01171875,0.37109375,0.078125,0.59375,5,1
329,4,0.80859375,0.2109375,0.86328125,0.296875,2,1
329,4,0.8984375,0.234375,0.94921875,0.3125,2,1
329,5,0.6640625,0.30078125,0.83984375,0.62109375,1,1
329,5,0.6640625,0.30078125,0.83984375,0.62109375,5,1
329,5,0.08984375,0.33203125,0.25,0.63671875,1,1
329,5,0.08984375,0.33203125,0.25,0.63671875,5,1
329,5,0.01171875,0.37109375,0.078125,0.59375,1,1
329,5,0.01171875,0.37109375,0.078125,0.59375,5,1
329,5,0.80859375,0.2109375,0.86328125,0.296875,2,1
329,5,0.8984375,0.234375,0.94921875,0.3125,2,1
329,6,0.6640625,0.30078125,0.83984375,0.62109375,1,1
329,6,0.6640625,0.30078125,0.83984375,0.62109375,5,1
329,6,0.08984375,0.33203125,0.25,0.63671875,1,1
329,6,0.08984375,0.33203125,0.25,0.63671875,5,1
329,6,0.01171875,0.37109375,0.078125,0.59375,1,1
329,6,0.01171875,0.37109375,0.078125,0.59375,5,1
329,6,0.80859375,0.2109375,0.86328125,0.296875,2,1
329,6,0.8984375,0.234375,0.94921875,0.3125,2,1
329,7,0.6640625,0.30078125,0.83984375,0.62109375,1,1
329,7,0.6640625,0.30078125,0.83984375,0.62109375,5,1
329,7,0.08984375,0.33203125,0.25,0.63671875,1,1
329,7,0.08984375,0.33203125,0.25,0.63671875,5,1
329,7,0.01171875,0.37109375,0.078125,0.59375,1,1
329,7,0.01171875,0.37109375,0.078125,0.59375,5,1
329,7,0.80859375,0.2109375,0.86328125,0.296875,2,1
329,7,0.8984375,0.234375,0.94921875,0.3125,2,1
330,2,0.33203125,0.234375,0.41015625,0.35546875,2,1
330,2,0.125,0.2890625,0.1953125,0.390625,2,1
330,2,0.31640625,0.19921875,0.375,0.27734375,2,1
330,2,0.890625,0.23828125,0.94921875,0.31640625,2,1
330,3,0.33203125,0.234375,0.41015625,0.35546875,2,1
330,3,0.125,0.2890625,0.1953125,0.390625,2,1
330,3,0.31640625,0.19921875,0.375,0.27734375,2,1
330,3,0.890625,0.23828125,0.94921875,0.31640625,2,1
330,4,0.33203125,0.234375,0.41015625,0.35546875,2,1
330,4,0.125,0.2890625,0.1953125,0.390625,2,1
330,4,0.31640625,0.19921875,0.375,0.27734375,2,1
330,4,0.890625,0.23828125,0.94921875,0.31640625,2,1
330,5,0.33203125,0.234375,0.41015625,0.35546875,2,1
330,5,0.125,0.2890625,0.1953125,0.390625,2,1
330,5,0.31640625,0.19921875,0.375,0.27734375,2,1
330,5,0.890625,0.23828125,0.94921875,0.31640625,2,1
330,6,0.33203125,0.234375,0.41015625,0.35546875,2,1
330,6,0.125,0.2890625,0.1953125,0.390625,2,1
330,6,0.31640625,0.19921875,0.375,0.27734375,2,1
330,6,0.890625,0.23828125,0.94921875,0.31640625,2,1
330,7,0.33203125,0.234375,0.41015625,0.35546875,2,1
330,7,0.125,0.2890625,0.1953125,0.390625,2,1
330,7,0.31640625,0.19921875,0.375,0.27734375,2,1
330,7,0.890625,0.23828125,0.94921875,0.31640625,2,1
331,2,0.203125,0.328125,0.328125,0.6640625,1,1
331,2,0.203125,0.328125,0.328125,0.6640625,5,1
331,2,0.76171875,0.26953125,0.8671875,0.5703125,1,1
331,2,0.3359375,0.30078125,0.421875,0.63671875,1,1
331,2,0.3359375,0.30078125,0.421875,0.63671875,5,1
331,2,0.33203125,0.2265625,0.3984375,0.34765625,2,1
331,2,0.125,0.2734375,0.203125,0.3828125,2,1
331,2,0.9140625,0.27734375,0.98828125,0.41015625,1,1
331,3,0.203125,0.328125,0.328125,0.6640625,1,1
331,3,0.203125,0.328125,0.328125,0.6640625,5,1
331,3,0.75,0.26171875,0.87890625,0.546875,1,1
331,3,0.3359375,0.30078125,0.421875,0.63671875,1,1
331,3,0.3359375,0.30078125,0.421875,0.63671875,5,1
331,3,0.33203125,0.2265625,0.3984375,0.34765625,2,1
331,3,0.125,0.2734375,0.203125,0.3828125,2,1
331,3,0.90625,0.27734375,0.98046875,0.41015625,1,1
331,4,0.203125,0.328125,0.328125,0.6640625,1,1
331,4,0.203125,0.328125,0.328125,0.6640625,5,1
331,4,0.76171875,0.26953125,0.9296875,0.5546875,1,1
331,4,0.3359375,0.30078125,0.421875,0.63671875,1,1
331,4,0.3359375,0.30078125,0.421875,0.63671875,5,1
331,4,0.33203125,0.2265625,0.3984375,0.34765625,2,1
331,4,0.125,0.2734375,0.203125,0.3828125,2,1
331,4,0.89453125,0.2734375,0.96875,0.40625,1,1
331,5,0.203125,0.328125,0.328125,0.6640625,1,1
331,5,0.203125,0.328125,0.328125,0.6640625,5,1
331,5,0.7890625,0.28515625,0.94921875,0.54296875,1,1
331,5,0.3359375,0.30078125,0.421875,0.67578125,1,1
331,5,0.3359375,0.30078125,0.421875,0.67578125,5,1
331,5,0.33203125,0.2265625,0.3984375,0.34765625,2,1
331,5,0.125,0.2734375,0.203125,0.3828125,2,1
331,5,0.87890625,0.2734375,0.953125,0.40625,1,1
331,6,0.203125,0.328125,0.328125,0.6640625,1,1
331,6,0.203125,0.328125,0.328125,0.6640625,5,1
331,6,0.83203125,0.31640625,0.98046875,0.5390625,1,1
331,6,0.3359375,0.30078125,0.421875,0.67578125,1,1
331,6,0.3359375,0.30078125,0.421875,0.67578125,5,1
331,6,0.33203125,0.2265625,0.3984375,0.34765625,2,1
331,6,0.125,0.2734375,0.203125,0.3828125,2,1
331,6,0.87109375,0.265625,0.9453125,0.3984375,1,1
331,7,0.203125,0.328125,0.328125,0.6640625,1,1
331,7,0.203125,0.328125,0.328125,0.6640625,5,1
331,7,0.875,0.34375,0.9921875,0.53515625,1,1
331,7,0.3359375,0.30078125,0.421875,0.6796875,1,1
331,7,0.3359375,0.30078125,0.421875,0.6796875,5,1
331,7,0.33203125,0.2265625,0.3984375,0.34765625,2,1
331,7,0.125,0.2734375,0.203125,0.3828125,2,1
331,7,0.85546875,0.26171875,0.9453125,0.3984375,1,1
332,2,0.0,0.3671875,0.09375,0.640625,1,1
332,2,0.0,0.3671875,0.09375,0.640625,5,1
332,2,0.22265625,0.25390625,0.29296875,0.375,2,1
332,2,0.33203125,0.23046875,0.4140625,0.36328125,2,1
332,2,0.8203125,0.32421875,0.9609375,0.625,1,1
332,2,0.8203125,0.32421875,0.9609375,0.625,5,1
332,2,0.76953125,0.19921875,0.86328125,0.3671875,1,1
332,2,0.8671875,0.2421875,0.91796875,0.375,2,1
332,2,0.30078125,0.2109375,0.3671875,0.28515625,2,1
332,2,0.109375,0.26171875,0.17578125,0.32421875,2,1
332,3,0.0,0.3671875,0.09375,0.640625,1,1
332,3,0.0,0.3671875,0.09375,0.640625,5,1
332,3,0.22265625,0.25390625,0.29296875,0.375,2,1
332,3,0.33203125,0.23046875,0.4140625,0.36328125,2,1
332,3,0.8203125,0.32421875,0.9609375,0.625,1,1
332,3,0.8203125,0.32421875,0.9609375,0.625,5,1
332,3,0.76953125,0.19921875,0.86328125,0.3671875,1,1
332,3,0.8671875,0.2421875,0.91796875,0.375,2,1
332,3,0.30078125,0.2109375,0.3671875,0.28515625,2,1
332,3,0.109375,0.26171875,0.17578125,0.32421875,2,1
332,4,0.0,0.3671875,0.09375,0.640625,1,1
332,4,0.0,0.3671875,0.09375,0.640625,5,1
332,4,0.22265625,0.25390625,0.29296875,0.375,2,1
332,4,0.33203125,0.23046875,0.4140625,0.36328125,2,1
332,4,0.8203125,0.32421875,0.9609375,0.625,1,1
332,4,0.8203125,0.32421875,0.9609375,0.625,5,1
332,4,0.76953125,0.19921875,0.86328125,0.3671875,1,1
332,4,0.8671875,0.2421875,0.91796875,0.375,2,1
332,4,0.30078125,0.2109375,0.3671875,0.28515625,2,1
332,4,0.109375,0.26171875,0.17578125,0.32421875,2,1
332,5,0.0,0.3671875,0.09375,0.640625,1,1
332,5,0.0,0.3671875,0.09375,0.640625,5,1
332,5,0.22265625,0.25390625,0.29296875,0.375,2,1
332,5,0.33203125,0.23046875,0.4140625,0.36328125,2,1
332,5,0.8203125,0.32421875,0.9609375,0.625,1,1
332,5,0.8203125,0.32421875,0.9609375,0.625,5,1
332,5,0.76953125,0.19921875,0.86328125,0.3671875,1,1
332,5,0.8671875,0.2421875,0.91796875,0.375,2,1
332,5,0.30078125,0.2109375,0.3671875,0.28515625,2,1
332,5,0.109375,0.26171875,0.17578125,0.32421875,2,1
332,6,0.0,0.3671875,0.09375,0.640625,1,1
332,6,0.0,0.3671875,0.09375,0.640625,5,1
332,6,0.22265625,0.25390625,0.29296875,0.375,2,1
332,6,0.33203125,0.23046875,0.4140625,0.36328125,2,1
332,6,0.8203125,0.32421875,0.9609375,0.625,1,1
332,6,0.8203125,0.32421875,0.9609375,0.625,5,1
332,6,0.76953125,0.19921875,0.86328125,0.3671875,1,1
332,6,0.8671875,0.2421875,0.91796875,0.375,2,1
332,6,0.30078125,0.2109375,0.3671875,0.28515625,2,1
332,6,0.109375,0.26171875,0.17578125,0.32421875,2,1
332,7,0.0,0.3671875,0.09375,0.640625,1,1
332,7,0.0,0.3671875,0.09375,0.640625,5,1
332,7,0.22265625,0.25390625,0.29296875,0.375,2,1
332,7,0.33203125,0.23046875,0.4140625,0.36328125,2,1
332,7,0.8203125,0.32421875,0.9609375,0.625,1,1
332,7,0.8203125,0.32421875,0.9609375,0.625,5,1
332,7,0.76953125,0.19921875,0.86328125,0.3671875,1,1
332,7,0.8671875,0.2421875,0.91796875,0.375,2,1
332,7,0.30078125,0.2109375,0.3671875,0.28515625,2,1
332,7,0.109375,0.26171875,0.17578125,0.32421875,2,1
333,2,0.5703125,0.30859375,0.75,0.65234375,1,1
333,2,0.5703125,0.30859375,0.75,0.65234375,5,1
333,2,0.77734375,0.2890625,0.8984375,0.62890625,1,1
333,2,0.77734375,0.2890625,0.8984375,0.62890625,5,1
333,2,0.84375,0.30078125,0.921875,0.62109375,1,1
333,2,0.84375,0.30078125,0.921875,0.62109375,5,1
333,2,0.875,0.3046875,0.9921875,0.625,1,1
333,2,0.875,0.3046875,0.9921875,0.625,5,1
333,2,0.40625,0.12109375,0.48046875,0.23828125,1,1
333,2,0.33203125,0.23046875,0.4140625,0.3671875,2,1
333,2,0.24609375,0.1484375,0.30859375,0.25,1,1
333,2,0.22265625,0.265625,0.30078125,0.37890625,2,1
333,2,0.046875,0.33984375,0.171875,0.6484375,1,1
333,2,0.046875,0.33984375,0.171875,0.6484375,5,1
333,2,0.0625,0.296875,0.140625,0.4296875,2,1
333,2,0.13671875,0.28125,0.2109375,0.37890625,2,1
333,3,0.56640625,0.30859375,0.75,0.65234375,1,1
333,3,0.56640625,0.30859375,0.75,0.65234375,5,1
333,3,0.77734375,0.2890625,0.8984375,0.62890625,1,1
333,3,0.77734375,0.2890625,0.8984375,0.62890625,5,1
333,3,0.84375,0.30078125,0.921875,0.62109375,1,1
333,3,0.84375,0.30078125,0.921875,0.62109375,5,1
333,3,0.875,0.3046875,0.9921875,0.625,1,1
333,3,0.875,0.3046875,0.9921875,0.625,5,1
333,3,0.40625,0.12109375,0.48046875,0.23828125,1,1
333,3,0.33203125,0.23046875,0.4140625,0.3671875,2,1
333,3,0.24609375,0.1484375,0.30859375,0.25,1,1
333,3,0.22265625,0.265625,0.30078125,0.37890625,2,1
333,3,0.046875,0.33984375,0.171875,0.6484375,1,1
333,3,0.046875,0.33984375,0.171875,0.6484375,5,1
333,3,0.0625,0.296875,0.140625,0.4296875,2,1
333,3,0.13671875,0.28125,0.2109375,0.37890625,2,1
333,4,0.5703125,0.30859375,0.75,0.66796875,1,1
333,4,0.5703125,0.30859375,0.75,0.66796875,5,1
333,4,0.77734375,0.2890625,0.8984375,0.62890625,1,1
333,4,0.77734375,0.2890625,0.8984375,0.62890625,5,1
333,4,0.84375,0.30078125,0.9375,0.58203125,1,1
333,4,0.84375,0.30078125,0.9375,0.58203125,5,1
333,4,0.875,0.3046875,0.9921875,0.625,1,1
333,4,0.875,0.3046875,0.9921875,0.625,5,1
333,4,0.40625,0.12109375,0.48046875,0.23828125,1,1
333,4,0.33203125,0.23046875,0.4140625,0.3671875,2,1
333,4,0.24609375,0.1484375,0.30859375,0.25,1,1
333,4,0.22265625,0.265625,0.30078125,0.37890625,2,1
333,4,0.0390625,0.33984375,0.1640625,0.6484375,1,1
333,4,0.0390625,0.33984375,0.1640625,0.6484375,5,1
333,4,0.0625,0.296875,0.140625,0.4296875,2,1
333,4,0.13671875,0.28125,0.2109375,0.37890625,2,1
333,5,0.5703125,0.30859375,0.75,0.66015625,1,1
333,5,0.5703125,0.30859375,0.75,0.66015625,5,1
333,5,0.77734375,0.2890625,0.8984375,0.62890625,1,1
333,5,0.77734375,0.2890625,0.8984375,0.62890625,5,1
333,5,0.84375,0.30078125,0.9296875,0.5546875,1,1
333,5,0.84375,0.30078125,0.9296875,0.5546875,5,1
333,5,0.875,0.3046875,0.9921875,0.625,1,1
333,5,0.875,0.3046875,0.9921875,0.625,5,1
333,5,0.40625,0.12109375,0.48046875,0.23828125,1,1
333,5,0.33203125,0.23046875,0.4140625,0.3671875,2,1
333,5,0.24609375,0.1484375,0.30859375,0.25,1,1
333,5,0.22265625,0.265625,0.30078125,0.37890625,2,1
333,5,0.02734375,0.3359375,0.1640625,0.59765625,1,1
333,5,0.02734375,0.3359375,0.1640625,0.59765625,5,1
333,5,0.0625,0.296875,0.140625,0.4296875,2,1
333,5,0.13671875,0.28125,0.2109375,0.37890625,2,1
333,6,0.57421875,0.30859375,0.75,0.6328125,1,1
333,6,0.57421875,0.30859375,0.75,0.6328125,5,1
333,6,0.78515625,0.2890625,0.90625,0.62890625,1,1
333,6,0.78515625,0.2890625,0.90625,0.62890625,5,1
333,6,0.84375,0.30078125,0.92578125,0.5078125,1,1
333,6,0.84375,0.30078125,0.92578125,0.5078125,5,1
333,6,0.88671875,0.3046875,0.9921875,0.625,1,1
333,6,0.88671875,0.3046875,0.9921875,0.625,5,1
333,6,0.40625,0.12109375,0.48046875,0.23828125,1,1
333,6,0.33203125,0.23046875,0.4140625,0.3671875,2,1
333,6,0.24609375,0.1484375,0.30859375,0.25,1,1
333,6,0.22265625,0.265625,0.30078125,0.37890625,2,1
333,6,0.02734375,0.3359375,0.1796875,0.58984375,1,1
333,6,0.02734375,0.3359375,0.1796875,0.58984375,5,1
333,6,0.0625,0.296875,0.140625,0.4296875,2,1
333,6,0.13671875,0.28125,0.2109375,0.37890625,2,1
333,7,0.58203125,0.30859375,0.73046875,0.68359375,1,1
333,7,0.58203125,0.30859375,0.73046875,0.68359375,5,1
333,7,0.77734375,0.2890625,0.8984375,0.62890625,1,1
333,7,0.77734375,0.2890625,0.8984375,0.62890625,5,1
333,7,0.84375,0.30078125,0.921875,0.62109375,1,1
333,7,0.84375,0.30078125,0.921875,0.62109375,5,1
333,7,0.875,0.3046875,0.9921875,0.625,1,1
333,7,0.875,0.3046875,0.9921875,0.625,5,1
333,7,0.40625,0.12109375,0.48046875,0.23828125,1,1
333,7,0.33203125,0.23046875,0.4140625,0.3671875,2,1
333,7,0.24609375,0.1484375,0.30859375,0.25,1,1
333,7,0.22265625,0.265625,0.30078125,0.37890625,2,1
333,7,0.03125,0.33203125,0.1796875,0.59375,1,1
333,7,0.03125,0.33203125,0.1796875,0.59375,5,1
333,7,0.0625,0.296875,0.140625,0.4296875,2,1
333,7,0.13671875,0.28125,0.2109375,0.37890625,2,1
334,2,0.38671875,0.21484375,0.45703125,0.35546875,2,1
334,2,0.76953125,0.19921875,0.85546875,0.3984375,1,1
334,2,0.859375,0.2578125,0.921875,0.39453125,2,1
334,2,0.31640625,0.2109375,0.37109375,0.28125,2,1
334,2,0.21875,0.25,0.29296875,0.37109375,2,1
334,2,0.12109375,0.265625,0.1953125,0.3828125,2,1
334,2,0.06640625,0.29296875,0.140625,0.41796875,2,1
334,3,0.38671875,0.21484375,0.45703125,0.35546875,2,1
334,3,0.76953125,0.19921875,0.85546875,0.3984375,1,1
334,3,0.859375,0.2578125,0.921875,0.39453125,2,1
334,3,0.31640625,0.2109375,0.37109375,0.28125,2,1
334,3,0.21875,0.25,0.29296875,0.37109375,2,1
334,3,0.12109375,0.265625,0.1953125,0.3828125,2,1
334,3,0.06640625,0.29296875,0.140625,0.41796875,2,1
334,4,0.38671875,0.21484375,0.45703125,0.35546875,2,1
334,4,0.76953125,0.19921875,0.85546875,0.3984375,1,1
334,4,0.859375,0.2578125,0.921875,0.39453125,2,1
334,4,0.31640625,0.2109375,0.37109375,0.28125,2,1
334,4,0.21875,0.25,0.29296875,0.37109375,2,1
334,4,0.12109375,0.265625,0.1953125,0.3828125,2,1
334,4,0.06640625,0.29296875,0.140625,0.41796875,2,1
334,5,0.38671875,0.21484375,0.45703125,0.35546875,2,1
334,5,0.76953125,0.19921875,0.85546875,0.3984375,1,1
334,5,0.859375,0.2578125,0.921875,0.39453125,2,1
334,5,0.31640625,0.2109375,0.37109375,0.28125,2,1
334,5,0.21875,0.25,0.29296875,0.37109375,2,1
334,5,0.12109375,0.265625,0.1953125,0.3828125,2,1
334,5,0.06640625,0.29296875,0.140625,0.41796875,2,1
334,6,0.38671875,0.21484375,0.45703125,0.35546875,2,1
334,6,0.76953125,0.19921875,0.85546875,0.3984375,1,1
334,6,0.859375,0.2578125,0.921875,0.39453125,2,1
334,6,0.31640625,0.2109375,0.37109375,0.28125,2,1
334,6,0.21875,0.25,0.29296875,0.37109375,2,1
334,6,0.12109375,0.265625,0.1953125,0.3828125,2,1
334,6,0.06640625,0.29296875,0.140625,0.41796875,2,1
334,7,0.38671875,0.21484375,0.45703125,0.35546875,2,1
334,7,0.76953125,0.19921875,0.85546875,0.3984375,1,1
334,7,0.859375,0.2578125,0.921875,0.39453125,2,1
334,7,0.31640625,0.2109375,0.37109375,0.28125,2,1
334,7,0.21875,0.25,0.29296875,0.37109375,2,1
334,7,0.12109375,0.265625,0.1953125,0.3828125,2,1
334,7,0.06640625,0.29296875,0.140625,0.41796875,2,1
335,2,0.12109375,0.29296875,0.1875,0.390625,2,1
335,2,0.22265625,0.25390625,0.3046875,0.3671875,2,1
335,2,0.328125,0.234375,0.3984375,0.36328125,2,1
335,2,0.85546875,0.24609375,0.91796875,0.3671875,2,1
335,2,0.1171875,0.26171875,0.1796875,0.32421875,2,1
335,3,0.12109375,0.29296875,0.1875,0.390625,2,1
335,3,0.22265625,0.25390625,0.3046875,0.3671875,2,1
335,3,0.328125,0.234375,0.3984375,0.36328125,2,1
335,3,0.85546875,0.24609375,0.91796875,0.3671875,2,1
335,3,0.1171875,0.26171875,0.1796875,0.32421875,2,1
335,4,0.12109375,0.29296875,0.1875,0.390625,2,1
335,4,0.22265625,0.25390625,0.3046875,0.3671875,2,1
335,4,0.328125,0.234375,0.3984375,0.36328125,2,1
335,4,0.85546875,0.24609375,0.91796875,0.3671875,2,1
335,4,0.1171875,0.26171875,0.1796875,0.32421875,2,1
335,5,0.12109375,0.29296875,0.1875,0.390625,2,1
335,5,0.22265625,0.25390625,0.3046875,0.3671875,2,1
335,5,0.328125,0.234375,0.3984375,0.36328125,2,1
335,5,0.85546875,0.24609375,0.91796875,0.3671875,2,1
335,5,0.1171875,0.26171875,0.1796875,0.32421875,2,1
335,6,0.12109375,0.29296875,0.1875,0.390625,2,1
335,6,0.22265625,0.25390625,0.3046875,0.3671875,2,1
335,6,0.328125,0.234375,0.3984375,0.36328125,2,1
335,6,0.85546875,0.24609375,0.91796875,0.3671875,2,1
335,6,0.1171875,0.26171875,0.1796875,0.32421875,2,1
335,7,0.12109375,0.29296875,0.1875,0.390625,2,1
335,7,0.22265625,0.25390625,0.3046875,0.3671875,2,1
335,7,0.328125,0.234375,0.3984375,0.36328125,2,1
335,7,0.85546875,0.24609375,0.91796875,0.3671875,2,1
335,7,0.1171875,0.26171875,0.1796875,0.32421875,2,1
336,2,0.12109375,0.28515625,0.1796875,0.38671875,2,1
336,2,0.00390625,0.33203125,0.0546875,0.421875,2,1
336,2,0.328125,0.23046875,0.40234375,0.359375,2,1
336,2,0.80859375,0.2109375,0.85546875,0.28515625,2,1
336,2,0.85546875,0.22265625,0.90234375,0.3125,2,1
336,2,0.1015625,0.265625,0.15234375,0.3359375,2,1
336,3,0.12109375,0.28515625,0.1796875,0.38671875,2,1
336,3,0.00390625,0.33203125,0.0546875,0.421875,2,1
336,3,0.328125,0.23046875,0.40234375,0.359375,2,1
336,3,0.80859375,0.2109375,0.85546875,0.28515625,2,1
336,3,0.85546875,0.22265625,0.90234375,0.3125,2,1
336,3,0.1015625,0.265625,0.15234375,0.3359375,2,1
336,4,0.12109375,0.28515625,0.1796875,0.38671875,2,1
336,4,0.00390625,0.33203125,0.0546875,0.421875,2,1
336,4,0.328125,0.23046875,0.40234375,0.359375,2,1
336,4,0.80859375,0.2109375,0.85546875,0.28515625,2,1
336,4,0.85546875,0.22265625,0.90234375,0.3125,2,1
336,4,0.1015625,0.265625,0.15234375,0.3359375,2,1
336,5,0.12109375,0.28515625,0.1796875,0.38671875,2,1
336,5,0.00390625,0.33203125,0.0546875,0.421875,2,1
336,5,0.328125,0.23046875,0.40234375,0.359375,2,1
336,5,0.80859375,0.2109375,0.85546875,0.28515625,2,1
336,5,0.85546875,0.22265625,0.90234375,0.3125,2,1
336,5,0.1015625,0.265625,0.15234375,0.3359375,2,1
336,6,0.12109375,0.28515625,0.1796875,0.38671875,2,1
336,6,0.00390625,0.33203125,0.0546875,0.421875,2,1
336,6,0.328125,0.23046875,0.40234375,0.359375,2,1
336,6,0.80859375,0.2109375,0.85546875,0.28515625,2,1
336,6,0.85546875,0.22265625,0.90234375,0.3125,2,1
336,6,0.1015625,0.265625,0.15234375,0.3359375,2,1
336,7,0.12109375,0.28515625,0.1796875,0.38671875,2,1
336,7,0.00390625,0.33203125,0.0546875,0.421875,2,1
336,7,0.328125,0.23046875,0.40234375,0.359375,2,1
336,7,0.80859375,0.2109375,0.85546875,0.28515625,2,1
336,7,0.85546875,0.22265625,0.90234375,0.3125,2,1
336,7,0.1015625,0.265625,0.15234375,0.3359375,2,1
337,2,0.328125,0.23046875,0.40625,0.3671875,2,1
337,2,0.328125,0.23046875,0.40625,0.3671875,3,1
337,2,0.21875,0.2421875,0.3046875,0.375,2,1
337,2,0.21875,0.2421875,0.3046875,0.375,3,1
337,2,0.00390625,0.3359375,0.05078125,0.4296875,2,1
337,2,0.1484375,0.24609375,0.20703125,0.31640625,2,1
337,2,0.09765625,0.26953125,0.1484375,0.3359375,2,1
337,2,0.80859375,0.21875,0.8515625,0.2890625,2,1
337,3,0.328125,0.23046875,0.40625,0.3671875,2,1
337,3,0.328125,0.23046875,0.40625,0.3671875,3,1
337,3,0.21875,0.2421875,0.3046875,0.375,2,1
337,3,0.21875,0.2421875,0.3046875,0.375,3,1
337,3,0.00390625,0.3359375,0.05078125,0.4296875,2,1
337,3,0.1484375,0.24609375,0.20703125,0.31640625,2,1
337,3,0.09765625,0.26953125,0.1484375,0.3359375,2,1
337,3,0.80859375,0.21875,0.8515625,0.2890625,2,1
337,4,0.328125,0.23046875,0.40625,0.3671875,2,1
337,4,0.328125,0.23046875,0.40625,0.3671875,3,1
337,4,0.21875,0.2421875,0.3046875,0.375,2,1
337,4,0.21875,0.2421875,0.3046875,0.375,3,1
337,4,0.00390625,0.3359375,0.05078125,0.4296875,2,1
337,4,0.1484375,0.24609375,0.20703125,0.31640625,2,1
337,4,0.09765625,0.26953125,0.1484375,0.3359375,2,1
337,4,0.80859375,0.21875,0.8515625,0.2890625,2,1
337,5,0.328125,0.23046875,0.40625,0.3671875,2,1
337,5,0.328125,0.23046875,0.40625,0.3671875,3,1
337,5,0.21875,0.2421875,0.3046875,0.375,2,1
337,5,0.21875,0.2421875,0.3046875,0.375,3,1
337,5,0.00390625,0.3359375,0.05078125,0.4296875,2,1
337,5,0.1484375,0.24609375,0.20703125,0.31640625,2,1
337,5,0.09765625,0.26953125,0.1484375,0.3359375,2,1
337,5,0.80859375,0.21875,0.8515625,0.2890625,2,1
337,6,0.328125,0.23046875,0.40625,0.3671875,2,1
337,6,0.328125,0.23046875,0.40625,0.3671875,3,1
337,6,0.21875,0.2421875,0.3046875,0.375,2,1
337,6,0.21875,0.2421875,0.3046875,0.375,3,1
337,6,0.00390625,0.3359375,0.05078125,0.4296875,2,1
337,6,0.1484375,0.24609375,0.20703125,0.31640625,2,1
337,6,0.09765625,0.26953125,0.1484375,0.3359375,2,1
337,6,0.80859375,0.21875,0.8515625,0.2890625,2,1
337,7,0.328125,0.23046875,0.40625,0.3671875,2,1
337,7,0.328125,0.23046875,0.40625,0.3671875,3,1
337,7,0.21875,0.2421875,0.3046875,0.375,2,1
337,7,0.21875,0.2421875,0.3046875,0.375,3,1
337,7,0.00390625,0.3359375,0.05078125,0.4296875,2,1
337,7,0.1484375,0.24609375,0.20703125,0.31640625,2,1
337,7,0.09765625,0.26953125,0.1484375,0.3359375,2,1
337,7,0.80859375,0.21875,0.8515625,0.2890625,2,1
338,2,0.328125,0.23046875,0.41015625,0.36328125,2,1
338,2,0.21484375,0.2421875,0.31640625,0.3671875,2,1
338,2,0.15234375,0.25,0.21484375,0.32421875,2,1
338,2,0.8125,0.22265625,0.8515625,0.27734375,2,1
338,2,0.91015625,0.26171875,0.97265625,0.37890625,2,1
338,3,0.328125,0.23046875,0.41015625,0.36328125,2,1
338,3,0.21484375,0.2421875,0.31640625,0.3671875,2,1
338,3,0.15234375,0.25,0.21484375,0.32421875,2,1
338,3,0.8125,0.22265625,0.8515625,0.27734375,2,1
338,3,0.91015625,0.26171875,0.97265625,0.37890625,2,1
338,4,0.328125,0.23046875,0.41015625,0.36328125,2,1
338,4,0.21484375,0.2421875,0.31640625,0.3671875,2,1
338,4,0.15234375,0.25,0.21484375,0.32421875,2,1
338,4,0.8125,0.22265625,0.8515625,0.27734375,2,1
338,4,0.91015625,0.26171875,0.97265625,0.37890625,2,1
338,5,0.328125,0.23046875,0.41015625,0.36328125,2,1
338,5,0.21484375,0.2421875,0.31640625,0.3671875,2,1
338,5,0.15234375,0.25,0.21484375,0.32421875,2,1
338,5,0.8125,0.22265625,0.8515625,0.27734375,2,1
338,5,0.91015625,0.26171875,0.97265625,0.37890625,2,1
338,6,0.328125,0.23046875,0.41015625,0.36328125,2,1
338,6,0.21484375,0.2421875,0.31640625,0.3671875,2,1
338,6,0.15234375,0.25,0.21484375,0.32421875,2,1
338,6,0.8125,0.22265625,0.8515625,0.27734375,2,1
338,6,0.91015625,0.26171875,0.97265625,0.37890625,2,1
338,7,0.328125,0.23046875,0.41015625,0.36328125,2,1
338,7,0.21484375,0.2421875,0.31640625,0.3671875,2,1
338,7,0.15234375,0.25,0.21484375,0.32421875,2,1
338,7,0.8125,0.22265625,0.8515625,0.27734375,2,1
338,7,0.91015625,0.26171875,0.97265625,0.37890625,2,1
339,2,0.5078125,0.19921875,0.5703125,0.359375,2,1
339,2,0.76171875,0.2109375,0.890625,0.41015625,1,1
339,2,0.76171875,0.2109375,0.890625,0.41015625,4,1
339,2,0.31640625,0.20703125,0.375,0.28125,2,1
339,2,0.03125,0.234375,0.09765625,0.3203125,1,1
339,2,0.08203125,0.26953125,0.16015625,0.34765625,2,1
339,2,0.9140625,0.26171875,0.9765625,0.38671875,2,1
339,3,0.5078125,0.19921875,0.5703125,0.359375,2,1
339,3,0.76171875,0.2109375,0.890625,0.41015625,1,1
339,3,0.76171875,0.2109375,0.890625,0.41015625,4,1
339,3,0.31640625,0.20703125,0.375,0.28125,2,1
339,3,0.03125,0.234375,0.09765625,0.3203125,1,1
339,3,0.08203125,0.26953125,0.16015625,0.34765625,2,1
339,3,0.9140625,0.26171875,0.9765625,0.38671875,2,1
339,4,0.5078125,0.19921875,0.5703125,0.359375,2,1
339,4,0.76171875,0.2109375,0.890625,0.41015625,1,1
339,4,0.76171875,0.2109375,0.890625,0.41015625,4,1
339,4,0.31640625,0.20703125,0.375,0.28125,2,1
339,4,0.03125,0.234375,0.09765625,0.3203125,1,1
339,4,0.08203125,0.26953125,0.16015625,0.34765625,2,1
339,4,0.9140625,0.26171875,0.9765625,0.38671875,2,1
339,5,0.5078125,0.19921875,0.5703125,0.359375,2,1
339,5,0.76171875,0.2109375,0.890625,0.41015625,1,1
339,5,0.76171875,0.2109375,0.890625,0.41015625,4,1
339,5,0.31640625,0.20703125,0.375,0.28125,2,1
339,5,0.03125,0.234375,0.09765625,0.3203125,1,1
339,5,0.08203125,0.26953125,0.16015625,0.34765625,2,1
339,5,0.9140625,0.26171875,0.9765625,0.38671875,2,1
339,6,0.5078125,0.19921875,0.5703125,0.359375,2,1
339,6,0.76171875,0.2109375,0.890625,0.41015625,1,1
339,6,0.76171875,0.2109375,0.890625,0.41015625,4,1
339,6,0.31640625,0.20703125,0.375,0.28125,2,1
339,6,0.03125,0.234375,0.09765625,0.3203125,1,1
339,6,0.08203125,0.26953125,0.16015625,0.34765625,2,1
339,6,0.9140625,0.26171875,0.9765625,0.38671875,2,1
339,7,0.5078125,0.19921875,0.5703125,0.359375,2,1
339,7,0.76171875,0.2109375,0.890625,0.41015625,1,1
339,7,0.76171875,0.2109375,0.890625,0.41015625,4,1
339,7,0.31640625,0.20703125,0.375,0.28125,2,1
339,7,0.03125,0.234375,0.09765625,0.3203125,1,1
339,7,0.08203125,0.26953125,0.16015625,0.34765625,2,1
339,7,0.9140625,0.26171875,0.9765625,0.38671875,2,1
340,2,0.3125,0.2109375,0.375,0.28515625,2,1
340,3,0.3125,0.2109375,0.375,0.28515625,2,1
340,4,0.3125,0.2109375,0.375,0.28515625,2,1
340,5,0.3125,0.2109375,0.375,0.28515625,2,1
340,6,0.3125,0.2109375,0.375,0.28515625,2,1
340,7,0.3125,0.2109375,0.375,0.28515625,2,1
341,2,0.54296875,0.140625,0.6796875,0.30859375,1,1
341,2,0.00390625,0.35546875,0.05859375,0.6328125,1,1
341,2,0.00390625,0.35546875,0.05859375,0.6328125,5,1
341,2,0.0234375,0.34765625,0.09375,0.625,1,1
341,2,0.0234375,0.34765625,0.09375,0.625,5,1
341,2,0.0546875,0.328125,0.12890625,0.640625,1,1
341,2,0.0546875,0.328125,0.12890625,0.640625,5,1
341,2,0.10546875,0.328125,0.16796875,0.64453125,1,1
341,2,0.10546875,0.328125,0.16796875,0.64453125,5,1
341,2,0.16796875,0.30859375,0.22265625,0.6640625,1,1
341,2,0.16796875,0.30859375,0.22265625,0.6640625,5,1
341,2,0.22265625,0.3046875,0.28515625,0.6640625,1,1
341,2,0.22265625,0.3046875,0.28515625,0.6640625,5,1
341,2,0.27734375,0.2890625,0.34375,0.67578125,1,1
341,2,0.27734375,0.2890625,0.34375,0.67578125,5,1
341,2,0.35546875,0.29296875,0.47265625,0.671875,1,1
341,2,0.35546875,0.29296875,0.47265625,0.671875,5,1
341,2,0.43359375,0.28515625,0.52734375,0.6640625,1,1
341,2,0.43359375,0.28515625,0.52734375,0.6640625,5,1
341,2,0.50390625,0.28125,0.578125,0.64453125,1,1
341,2,0.50390625,0.28125,0.578125,0.64453125,5,1
341,2,0.546875,0.26953125,0.671875,0.66015625,1,1
341,2,0.546875,0.26953125,0.671875,0.66015625,5,1
341,2,0.609375,0.2890625,0.6953125,0.57421875,1,1
341,2,0.6640625,0.28515625,0.75390625,0.63671875,1,1
341,2,0.6640625,0.28515625,0.75390625,0.63671875,5,1
341,2,0.7265625,0.2890625,0.8125,0.6484375,1,1
341,2,0.7265625,0.2890625,0.8125,0.6484375,5,1
341,2,0.78125,0.30078125,0.859375,0.57421875,1,1
341,2,0.82421875,0.3125,0.8984375,0.625,1,1
341,2,0.82421875,0.3125,0.8984375,0.625,5,1
341,2,0.8671875,0.31640625,0.9375,0.6015625,1,1
341,2,0.8671875,0.31640625,0.9375,0.6015625,5,1
341,2,0.89453125,0.3203125,0.98828125,0.60546875,1,1
341,2,0.89453125,0.3203125,0.98828125,0.60546875,5,1
299,3,0.16796875,0.29296875,0.33203125,0.6484375,1,1
299,3,0.16796875,0.29296875,0.33203125,0.6484375,5,1
299,3,0.359375,0.3046875,0.51171875,0.59765625,1,1
299,3,0.80859375,0.30859375,0.89453125,0.57421875,1,1
299,3,0.80859375,0.30859375,0.89453125,0.57421875,5,1
299,4,0.171875,0.3046875,0.34765625,0.6640625,1,1
299,4,0.171875,0.3046875,0.34765625,0.6640625,5,1
299,4,0.36328125,0.3046875,0.5,0.59375,1,1
299,4,0.8046875,0.3046875,0.8984375,0.5859375,1,1
299,4,0.8046875,0.3046875,0.8984375,0.5859375,5,1
299,5,0.35546875,0.3046875,0.5,0.56640625,1,1
299,5,0.17578125,0.2890625,0.32421875,0.6640625,1,1
299,5,0.17578125,0.2890625,0.32421875,0.6640625,5,1
299,5,0.80859375,0.3125,0.8984375,0.57421875,1,1
299,5,0.80859375,0.3125,0.8984375,0.57421875,5,1
299,6,0.80859375,0.3046875,0.91796875,0.5390625,1,1
299,6,0.80859375,0.3046875,0.91796875,0.5390625,5,1
299,6,0.36328125,0.3125,0.58203125,0.52734375,1,1
299,6,0.1640625,0.3046875,0.33203125,0.66015625,1,1
299,6,0.1640625,0.3046875,0.33203125,0.66015625,5,1
299,7,0.36328125,0.30859375,0.56640625,0.5546875,1,1
299,7,0.16015625,0.30078125,0.31640625,0.66796875,1,1
299,7,0.16015625,0.30078125,0.31640625,0.66796875,5,1
299,7,0.80859375,0.3046875,0.91015625,0.578125,1,1
333,5,0.69921875,0.2734375,0.80859375,0.53125,1,1
333,4,0.67578125,0.2734375,0.8046875,0.5390625,1,1
333,3,0.65625,0.26171875,0.8046875,0.53515625,1,1
333,2,0.625,0.26953125,0.78125,0.51953125,1,1
333,6,0.71484375,0.28125,0.8125,0.58203125,1,1
333,7,0.71484375,0.28515625,0.8125,0.609375,1,1
333,7,0.71484375,0.28515625,0.8125,0.609375,5,1
341,3,0.00390625,0.35546875,0.05859375,0.6328125,1,1
341,3,0.00390625,0.35546875,0.05859375,0.6328125,5,1
341,3,0.0234375,0.34765625,0.09375,0.625,1,1
341,3,0.0234375,0.34765625,0.09375,0.625,5,1
341,3,0.046875,0.3203125,0.12890625,0.640625,1,1
341,3,0.046875,0.3203125,0.12890625,0.640625,5,1
341,3,0.1015625,0.328125,0.1640625,0.64453125,1,1
341,3,0.1015625,0.328125,0.1640625,0.64453125,5,1
341,3,0.16796875,0.30859375,0.22265625,0.6640625,1,1
341,3,0.16796875,0.30859375,0.22265625,0.6640625,5,1
341,3,0.22265625,0.3046875,0.28515625,0.6640625,1,1
341,3,0.22265625,0.3046875,0.28515625,0.6640625,5,1
341,3,0.27734375,0.2890625,0.34375,0.67578125,1,1
341,3,0.27734375,0.2890625,0.34375,0.67578125,5,1
341,3,0.35546875,0.29296875,0.48046875,0.66796875,1,1
341,3,0.35546875,0.29296875,0.48046875,0.66796875,5,1
341,3,0.43359375,0.28515625,0.52734375,0.6640625,1,1
341,3,0.43359375,0.28515625,0.52734375,0.6640625,5,1
341,3,0.50390625,0.28125,0.578125,0.64453125,1,1
341,3,0.50390625,0.28125,0.578125,0.64453125,5,1
341,3,0.546875,0.26953125,0.671875,0.66015625,1,1
341,3,0.546875,0.26953125,0.671875,0.66015625,5,1
341,3,0.61328125,0.29296875,0.71484375,0.578125,1,1
341,3,0.6640625,0.28515625,0.75390625,0.63671875,1,1
341,3,0.6640625,0.28515625,0.75390625,0.63671875,5,1
341,3,0.7265625,0.2890625,0.8125,0.6484375,1,1
341,3,0.7265625,0.2890625,0.8125,0.6484375,5,1
341,3,0.78125,0.30078125,0.859375,0.57421875,1,1
341,3,0.828125,0.3125,0.8984375,0.62109375,1,1
341,3,0.828125,0.3125,0.8984375,0.62109375,5,1
341,3,0.8671875,0.31640625,0.9375,0.6015625,1,1
341,3,0.8671875,0.31640625,0.9375,0.6015625,5,1
341,3,0.89453125,0.3203125,0.98828125,0.60546875,1,1
341,3,0.89453125,0.3203125,0.98828125,0.60546875,5,1
341,3,0.546875,0.13671875,0.67578125,0.3125,1,1
299,3,0.16796875,0.296875,0.328125,0.65625,1,1
299,3,0.16796875,0.296875,0.328125,0.65625,5,1
299,3,0.3671875,0.3046875,0.51171875,0.59375,1,1
299,3,0.3671875,0.3046875,0.51171875,0.59375,5,1
299,3,0.80078125,0.3046875,0.8984375,0.56640625,1,1
299,3,0.80078125,0.3046875,0.8984375,0.56640625,5,1
299,4,0.171875,0.3046875,0.33984375,0.66796875,1,1
299,4,0.171875,0.3046875,0.33984375,0.66796875,5,1
299,4,0.36328125,0.29296875,0.49609375,0.578125,1,1
299,4,0.36328125,0.29296875,0.49609375,0.578125,5,1
299,4,0.8125,0.30078125,0.8984375,0.58203125,1,1
299,4,0.8125,0.30078125,0.8984375,0.58203125,5,1
299,5,0.35546875,0.30078125,0.5078125,0.5546875,1,1
299,5,0.35546875,0.30078125,0.5078125,0.5546875,5,1
299,5,0.16796875,0.30078125,0.34375,0.6640625,1,1
299,5,0.16796875,0.30078125,0.34375,0.6640625,5,1
299,5,0.8046875,0.3046875,0.90234375,0.59765625,1,1
299,5,0.8046875,0.3046875,0.90234375,0.59765625,5,1
299,6,0.36328125,0.3046875,0.57421875,0.55859375,1,1
299,6,0.1640625,0.3046875,0.328125,0.671875,1,1
299,6,0.1640625,0.3046875,0.328125,0.671875,5,1
299,6,0.80859375,0.3046875,0.91015625,0.53515625,1,1
299,7,0.36328125,0.30078125,0.5703125,0.5625,1,1
299,7,0.1640625,0.30078125,0.3125,0.66796875,1,1
299,7,0.1640625,0.30078125,0.3125,0.66796875,5,1
299,7,0.80859375,0.3046875,0.90234375,0.546875,1,1
299,7,0.80859375,0.3046875,0.90234375,0.546875,5,1
341,4,0.52734375,0.12890625,0.70703125,0.28515625,1,1
341,4,0.52734375,0.12890625,0.70703125,0.28515625,5,1
341,4,0.27734375,0.2734375,0.34765625,0.69140625,1,1
341,4,0.27734375,0.2734375,0.34765625,0.69140625,3,1
341,4,0.1015625,0.31640625,0.17578125,0.67578125,1,1
341,4,0.1015625,0.31640625,0.17578125,0.67578125,3,1
341,4,0.17578125,0.29296875,0.23046875,0.671875,1,1
341,4,0.17578125,0.29296875,0.23046875,0.671875,3,1
341,4,0.22265625,0.26953125,0.2890625,0.69921875,1,1
341,4,0.22265625,0.26953125,0.2890625,0.69921875,3,1
341,4,0.35546875,0.26953125,0.46484375,0.7109375,3,1
341,4,0.35546875,0.26953125,0.46484375,0.7109375,1,1
341,4,0.4375,0.25,0.5234375,0.68359375,1,1
341,4,0.4375,0.25,0.5234375,0.68359375,3,1
341,4,0.515625,0.2578125,0.60546875,0.69921875,1,1
341,4,0.515625,0.2578125,0.60546875,0.69921875,3,1
341,4,0.73046875,0.28125,0.82421875,0.65234375,1,1
341,4,0.73046875,0.28125,0.82421875,0.65234375,3,1
341,4,0.61328125,0.296875,0.73046875,0.6640625,1,1
341,4,0.61328125,0.296875,0.73046875,0.6640625,3,1
396,5,0.34375,0.09765625,0.4609375,0.30859375,2,1
396,5,0.34375,0.09765625,0.4609375,0.30859375,5,1
396,5,0.8828125,0.1796875,0.95703125,0.37109375,2,1
396,4,0.36328125,0.11328125,0.4609375,0.29296875,2,1
396,4,0.36328125,0.11328125,0.4609375,0.29296875,5,1
396,4,0.87109375,0.1953125,0.953125,0.36328125,2,1
396,3,0.35546875,0.1015625,0.45703125,0.296875,2,1
396,3,0.35546875,0.1015625,0.45703125,0.296875,5,1
396,3,0.8828125,0.1953125,0.94921875,0.3671875,2,1
396,2,0.37109375,0.11328125,0.4609375,0.3203125,2,1
396,2,0.37109375,0.11328125,0.4609375,0.3203125,5,1
396,2,0.875,0.19140625,0.9453125,0.37890625,2,1
394,7,0.81640625,0.30078125,0.9375,0.63671875,1,1
394,7,0.81640625,0.30078125,0.9375,0.63671875,3,1
394,7,0.33984375,0.3203125,0.640625,0.56640625,1,1
394,7,0.11328125,0.32421875,0.22265625,0.66015625,1,1
394,7,0.11328125,0.32421875,0.22265625,0.66015625,3,1
394,7,0.2265625,0.23828125,0.30859375,0.390625,2,1
394,7,0.2265625,0.23828125,0.30859375,0.390625,5,1
394,7,0.33984375,0.203125,0.50390625,0.36328125,1,1
394,7,0.5078125,0.19140625,0.58984375,0.3359375,2,1
394,7,0.5078125,0.19140625,0.58984375,0.3359375,5,1
394,7,0.80078125,0.1875,0.8515625,0.28125,2,1
394,7,0.80078125,0.1875,0.8515625,0.28125,5,1
394,7,0.93359375,0.28125,1.0,0.55078125,1,1
394,7,0.14453125,0.203125,0.23828125,0.36328125,1,1
394,7,0.06640625,0.30078125,0.10546875,0.4296875,2,1
394,6,0.11328125,0.30859375,0.19921875,0.69921875,1,1
394,6,0.11328125,0.30859375,0.19921875,0.69921875,3,1
394,6,0.23046875,0.2421875,0.30078125,0.375,2,1
394,6,0.23046875,0.2421875,0.30078125,0.375,5,1
394,6,0.140625,0.21875,0.234375,0.34765625,1,1
394,6,0.35546875,0.21484375,0.48046875,0.390625,1,1
394,6,0.3125,0.18359375,0.34765625,0.31640625,2,1
394,6,0.3125,0.18359375,0.34765625,0.31640625,5,1
394,6,0.39453125,0.3046875,0.640625,0.6171875,1,1
394,6,0.8125,0.3046875,0.953125,0.66796875,1,1
394,6,0.8125,0.3046875,0.953125,0.66796875,3,1
394,6,0.4921875,0.1796875,0.578125,0.30859375,2,1
394,6,0.4921875,0.1796875,0.578125,0.30859375,5,1
394,6,0.80078125,0.1953125,0.8515625,0.28515625,2,1
394,6,0.80078125,0.1953125,0.8515625,0.28515625,5,1
394,6,0.9296875,0.30078125,0.98828125,0.51171875,1,1
394,5,0.9296875,0.27734375,0.98828125,0.51953125,1,1
394,5,0.80859375,0.2890625,0.94140625,0.6328125,1,1
394,5,0.80859375,0.2890625,0.94140625,0.6328125,3,1
394,5,0.80078125,0.19921875,0.85546875,0.2890625,2,1
394,5,0.80078125,0.19921875,0.85546875,0.2890625,5,1
394,5,0.35546875,0.18359375,0.50390625,0.37890625,1,1
394,5,0.43359375,0.30078125,0.6796875,0.5546875,1,1
394,5,0.5,0.171875,0.58203125,0.3125,2,1
394,5,0.5,0.171875,0.58203125,0.3125,5,1
394,5,0.22265625,0.23828125,0.28515625,0.36328125,2,1
394,5,0.22265625,0.23828125,0.28515625,0.36328125,5,1
394,5,0.3125,0.1953125,0.3515625,0.2890625,2,1
394,5,0.3125,0.1953125,0.3515625,0.2890625,5,1
394,5,0.10546875,0.3203125,0.21484375,0.65625,2,1
394,5,0.10546875,0.3203125,0.21484375,0.65625,5,1
394,5,0.05859375,0.3046875,0.11328125,0.4140625,2,1
394,5,0.14453125,0.203125,0.2265625,0.33984375,1,1
394,4,0.81640625,0.296875,0.95703125,0.65625,3,1
394,4,0.81640625,0.296875,0.95703125,0.65625,1,1
394,4,0.9296875,0.30859375,0.98828125,0.4921875,1,1
394,4,0.80859375,0.19921875,0.85546875,0.28515625,2,1
394,4,0.80859375,0.19921875,0.85546875,0.28515625,5,1
394,4,0.4765625,0.28515625,0.69921875,0.55078125,1,1
394,4,0.33984375,0.2109375,0.5,0.39453125,1,1
394,4,0.5,0.18359375,0.59375,0.3359375,2,1
394,4,0.5,0.18359375,0.59375,0.3359375,5,1
394,4,0.23046875,0.234375,0.296875,0.38671875,2,1
394,4,0.23046875,0.234375,0.296875,0.38671875,5,1
394,4,0.11328125,0.328125,0.2265625,0.6953125,1,1
394,4,0.11328125,0.328125,0.2265625,0.6953125,3,1
394,4,0.06640625,0.30859375,0.1171875,0.41796875,2,1
394,3,0.82421875,0.30078125,0.9375,0.63671875,1,1
394,3,0.82421875,0.30078125,0.9375,0.63671875,3,1
394,3,0.9375,0.2890625,0.98828125,0.59375,1,1
394,3,0.9375,0.2890625,0.98828125,0.59375,3,1
394,3,0.80859375,0.20703125,0.86328125,0.28125,2,1
394,3,0.80859375,0.20703125,0.86328125,0.28125,5,1
394,3,0.51171875,0.29296875,0.72265625,0.5546875,1,1
394,3,0.33984375,0.22265625,0.49609375,0.40625,1,1
394,3,0.49609375,0.14453125,0.58203125,0.33203125,2,1
394,3,0.22265625,0.22265625,0.30859375,0.36328125,2,1
394,3,0.22265625,0.22265625,0.30859375,0.36328125,5,1
394,3,0.109375,0.3203125,0.1953125,0.671875,1,1
394,3,0.109375,0.3203125,0.1953125,0.671875,3,1
394,3,0.05859375,0.30078125,0.12109375,0.41796875,2,1
394,3,0.05859375,0.30078125,0.12109375,0.41796875,5,1
394,3,0.14453125,0.21484375,0.25390625,0.359375,1,1
394,2,0.796875,0.296875,0.94140625,0.62109375,1,1
394,2,0.796875,0.296875,0.94140625,0.62109375,3,1
394,2,0.94140625,0.3046875,0.98828125,0.5234375,1,1
394,2,0.94140625,0.3046875,0.98828125,0.5234375,3,1
394,2,0.55859375,0.2734375,0.72265625,0.5546875,1,1
394,2,0.35546875,0.2109375,0.51171875,0.3984375,1,1
394,2,0.5,0.1796875,0.5625,0.37890625,2,1
394,2,0.23046875,0.23828125,0.3046875,0.3828125,2,1
394,2,0.23046875,0.23828125,0.3046875,0.3828125,5,1
394,2,0.1015625,0.3125,0.2109375,0.66015625,1,1
394,2,0.1015625,0.3125,0.2109375,0.66015625,3,1
394,2,0.14453125,0.20703125,0.234375,0.33203125,1,1
394,2,0.0625,0.3046875,0.1328125,0.42578125,2,1
393,7,0.86328125,0.20703125,0.94140625,0.38671875,1,1
393,7,0.8359375,0.33203125,0.9296875,0.63671875,1,1
393,7,0.8359375,0.33203125,0.9296875,0.63671875,3,1
393,7,0.50390625,0.16015625,0.5703125,0.265625,2,1
393,7,0.50390625,0.16015625,0.5703125,0.265625,5,1
393,7,0.3359375,0.22265625,0.421875,0.36328125,2,1
393,7,0.3359375,0.22265625,0.421875,0.36328125,5,1
393,7,0.30078125,0.1875,0.34375,0.29296875,2,1
393,7,0.30078125,0.1875,0.34375,0.29296875,5,1
393,7,0.0859375,0.234375,0.1875,0.3984375,1,1
393,7,0.0390625,0.30078125,0.12109375,0.42578125,2,1
393,7,0.21875,0.20703125,0.296875,0.3046875,2,1
393,7,0.21875,0.20703125,0.296875,0.3046875,5,1
393,6,0.8671875,0.20703125,0.95703125,0.3671875,1,1
393,6,0.83984375,0.3515625,0.8984375,0.609375,1,1
393,6,0.83984375,0.3515625,0.8984375,0.609375,3,1
393,6,0.49609375,0.16796875,0.56640625,0.27734375,2,1
393,6,0.49609375,0.16796875,0.56640625,0.27734375,5,1
393,6,0.33203125,0.234375,0.41015625,0.35546875,2,1
393,6,0.33203125,0.234375,0.41015625,0.35546875,5,1
393,6,0.29296875,0.1953125,0.35546875,0.29296875,2,1
393,6,0.29296875,0.1953125,0.35546875,0.29296875,5,1
393,6,0.1015625,0.2421875,0.18359375,0.4140625,1,1
393,6,0.03125,0.3125,0.1015625,0.4140625,2,1
341,5,0.53515625,0.09765625,0.70703125,0.296875,1,1
341,5,0.3515625,0.296875,0.46484375,0.6328125,1,1
341,5,0.3515625,0.296875,0.46484375,0.6328125,3,1
341,5,0.26953125,0.27734375,0.3515625,0.6640625,1,1
341,5,0.26953125,0.27734375,0.3515625,0.6640625,3,1
341,5,0.21875,0.2734375,0.29296875,0.6875,1,1
341,5,0.21875,0.2734375,0.29296875,0.6875,3,1
341,5,0.171875,0.29296875,0.234375,0.671875,1,1
341,5,0.171875,0.29296875,0.234375,0.671875,3,1
341,5,0.10546875,0.30078125,0.1640625,0.640625,1,1
341,5,0.10546875,0.30078125,0.1640625,0.640625,3,1
341,5,0.5,0.296875,0.60546875,0.64453125,1,1
341,5,0.5,0.296875,0.60546875,0.64453125,3,1
341,5,0.6171875,0.2890625,0.7265625,0.6796875,1,1
341,5,0.6171875,0.2890625,0.7265625,0.6796875,3,1
341,5,0.734375,0.2890625,0.82421875,0.68359375,1,1
341,5,0.734375,0.2890625,0.82421875,0.68359375,3,1
341,5,0.875,0.30078125,0.94921875,0.609375,1,1
341,5,0.875,0.30078125,0.94921875,0.609375,3,1
341,6,0.546875,0.1328125,0.69921875,0.27734375,1,1
341,6,0.359375,0.30078125,0.46875,0.66015625,1,1
341,6,0.359375,0.30078125,0.46875,0.66015625,3,1
341,6,0.27734375,0.27734375,0.3515625,0.671875,3,1
341,6,0.27734375,0.27734375,0.3515625,0.671875,1,1
341,6,0.16796875,0.296875,0.22265625,0.66796875,1,1
341,6,0.16796875,0.296875,0.22265625,0.66796875,3,1
341,6,0.73046875,0.27734375,0.82421875,0.63671875,1,1
341,6,0.73046875,0.27734375,0.82421875,0.63671875,3,1
341,6,0.83203125,0.296875,0.90625,0.640625,1,1
341,6,0.83203125,0.296875,0.90625,0.640625,3,1
341,6,0.09765625,0.3125,0.15234375,0.6484375,1,1
341,6,0.09765625,0.3125,0.15234375,0.6484375,3,1
341,6,0.51171875,0.27734375,0.60546875,0.66796875,1,1
341,6,0.51171875,0.27734375,0.60546875,0.66796875,3,1
341,7,0.546875,0.12109375,0.70703125,0.2734375,1,1
341,7,0.35546875,0.2890625,0.45703125,0.6640625,1,1
341,7,0.35546875,0.2890625,0.45703125,0.6640625,3,1
341,7,0.28125,0.2734375,0.33984375,0.6796875,1,1
341,7,0.28125,0.2734375,0.33984375,0.6796875,3,1
341,7,0.21875,0.27734375,0.28125,0.67578125,1,1
341,7,0.21875,0.27734375,0.28125,0.67578125,3,1
341,7,0.16796875,0.296875,0.23828125,0.69140625,1,1
341,7,0.16796875,0.296875,0.23828125,0.69140625,3,1
341,7,0.1015625,0.3046875,0.1484375,0.6484375,1,1
341,7,0.1015625,0.3046875,0.1484375,0.6484375,3,1
341,7,0.51171875,0.2734375,0.59765625,0.6484375,1,1
341,7,0.51171875,0.2734375,0.59765625,0.6484375,3,1
341,7,0.67578125,0.28515625,0.78125,0.65234375,1,1
341,7,0.67578125,0.28515625,0.78125,0.65234375,3,1
341,7,0.83203125,0.29296875,0.8984375,0.6171875,1,1
341,7,0.83203125,0.29296875,0.8984375,0.6171875,3,1
341,7,0.92578125,0.3046875,0.9921875,0.63671875,1,1
341,7,0.92578125,0.3046875,0.9921875,0.63671875,3,1
342,2,0.5859375,0.12890625,0.71875,0.30078125,1,1
342,2,0.91796875,0.25390625,0.99609375,0.40625,1,1
342,2,0.04296875,0.375,0.171875,0.6171875,1,1
342,2,0.04296875,0.375,0.171875,0.6171875,3,1
342,2,0.171875,0.30859375,0.2421875,0.66796875,1,1
342,2,0.171875,0.30859375,0.2421875,0.66796875,3,1
342,2,0.33203125,0.2890625,0.5859375,0.55078125,1,1
342,2,0.33203125,0.2890625,0.5859375,0.55078125,3,1
342,2,0.40625,0.18359375,0.4765625,0.27734375,2,1
342,2,0.40625,0.18359375,0.4765625,0.27734375,5,1
342,2,0.07421875,0.203125,0.140625,0.27734375,1,1
342,2,0.32421875,0.23828125,0.40625,0.3359375,2,1
342,2,0.234375,0.30859375,0.3125,0.66796875,1,1
342,2,0.234375,0.30859375,0.3125,0.66796875,3,1
342,3,0.5859375,0.12890625,0.7265625,0.30859375,1,1
342,3,0.921875,0.25390625,0.98828125,0.421875,1,1
342,3,0.40625,0.16796875,0.46875,0.28515625,2,1
342,3,0.40625,0.16796875,0.46875,0.28515625,5,1
342,3,0.078125,0.21875,0.1484375,0.27734375,1,1
342,3,0.03515625,0.34375,0.171875,0.58203125,1,1
342,3,0.03515625,0.34375,0.171875,0.58203125,3,1
342,3,0.1796875,0.30078125,0.25,0.6640625,1,1
342,3,0.1796875,0.30078125,0.25,0.6640625,3,1
342,3,0.23828125,0.30078125,0.2890625,0.67578125,1,1
342,3,0.23828125,0.30078125,0.2890625,0.67578125,3,1
342,3,0.33984375,0.2890625,0.6015625,0.61328125,1,1
342,3,0.33984375,0.2890625,0.6015625,0.61328125,3,1
342,3,0.28515625,0.30078125,0.37109375,0.6640625,1,1
342,3,0.28515625,0.30078125,0.37109375,0.6640625,3,1
342,3,0.328125,0.2265625,0.40625,0.3515625,2,1
342,3,0.328125,0.2265625,0.40625,0.3515625,5,1
342,4,0.58984375,0.1484375,0.73828125,0.30078125,1,1
342,4,0.34375,0.28125,0.56640625,0.54296875,1,1
342,4,0.34375,0.28125,0.56640625,0.54296875,3,1
342,4,0.296875,0.32421875,0.40234375,0.6796875,1,1
342,4,0.296875,0.32421875,0.40234375,0.6796875,3,1
342,4,0.234375,0.3203125,0.2890625,0.671875,1,1
342,4,0.234375,0.3203125,0.2890625,0.671875,3,1
342,4,0.18359375,0.3125,0.25,0.65625,1,1
342,4,0.18359375,0.3125,0.25,0.65625,3,1
342,4,0.0390625,0.3671875,0.1640625,0.58203125,1,1
342,4,0.0390625,0.3671875,0.1640625,0.58203125,3,1
342,4,0.07421875,0.21484375,0.140625,0.29296875,1,1
342,5,0.609375,0.14453125,0.7265625,0.32421875,1,1
342,5,0.91015625,0.25,0.98046875,0.38671875,1,1
342,5,0.34375,0.28515625,0.5625,0.5546875,1,1
342,5,0.34375,0.28515625,0.5625,0.5546875,3,1
342,5,0.04296875,0.31640625,0.171875,0.5859375,1,1
342,5,0.04296875,0.31640625,0.171875,0.5859375,3,1
342,5,0.1796875,0.296875,0.2421875,0.6640625,1,1
342,5,0.1796875,0.296875,0.2421875,0.6640625,3,1
342,5,0.24609375,0.29296875,0.3046875,0.6953125,1,1
342,5,0.24609375,0.29296875,0.3046875,0.6953125,3,1
342,5,0.0703125,0.23046875,0.14453125,0.27734375,1,1
342,6,0.91796875,0.25,0.98828125,0.40234375,1,1
342,6,0.6015625,0.15625,0.73046875,0.31640625,1,1
342,6,0.33984375,0.2890625,0.56640625,0.55859375,1,1
342,6,0.33984375,0.2890625,0.56640625,0.55859375,3,1
342,6,0.046875,0.328125,0.16796875,0.57421875,1,1
342,6,0.046875,0.328125,0.16796875,0.57421875,3,1
342,6,0.17578125,0.3046875,0.24609375,0.6875,1,1
342,6,0.17578125,0.3046875,0.24609375,0.6875,3,1
342,6,0.24609375,0.2734375,0.3046875,0.703125,1,1
342,6,0.24609375,0.2734375,0.3046875,0.703125,3,1
342,6,0.33203125,0.2109375,0.40625,0.3515625,2,1
342,6,0.4140625,0.1875,0.47265625,0.27734375,2,1
342,6,0.4140625,0.1875,0.47265625,0.27734375,5,1
342,6,0.078125,0.22265625,0.1484375,0.2890625,1,1
342,7,0.5859375,0.14453125,0.734375,0.3125,1,1
342,7,0.91015625,0.24609375,0.984375,0.4375,1,1
342,7,0.37890625,0.28125,0.5546875,0.515625,1,1
342,7,0.37890625,0.28125,0.5546875,0.515625,3,1
342,7,0.3984375,0.1796875,0.46484375,0.27734375,2,1
342,7,0.3984375,0.1796875,0.46484375,0.27734375,5,1
342,7,0.0625,0.203125,0.15625,0.28125,1,1
342,7,0.27734375,0.32421875,0.359375,0.703125,1,1
342,7,0.27734375,0.32421875,0.359375,0.703125,3,1
342,7,0.23046875,0.29296875,0.265625,0.6796875,1,1
342,7,0.23046875,0.29296875,0.265625,0.6796875,3,1
342,7,0.171875,0.2890625,0.21875,0.66796875,1,1
342,7,0.171875,0.2890625,0.21875,0.66796875,3,1
342,7,0.0390625,0.359375,0.15625,0.59765625,1,1
342,7,0.0390625,0.359375,0.15625,0.59765625,3,1
343,2,0.63671875,0.12890625,0.734375,0.30078125,1,1
343,2,0.63671875,0.12890625,0.734375,0.30078125,4,1
343,2,0.515625,0.1953125,0.5703125,0.33984375,2,1
343,2,0.40625,0.1796875,0.46484375,0.2890625,2,1
343,2,0.40625,0.1796875,0.46484375,0.2890625,5,1
343,2,0.22265625,0.29296875,0.3515625,0.578125,1,1
343,2,0.22265625,0.29296875,0.3515625,0.578125,3,1
343,2,0.33984375,0.25,0.41015625,0.359375,2,1
343,2,0.12109375,0.28515625,0.19140625,0.37890625,2,1
343,2,0.74609375,0.13671875,0.79296875,0.24609375,1,1
343,2,0.57421875,0.3125,0.79296875,0.58203125,1,1
343,2,0.8359375,0.29296875,0.9296875,0.5703125,1,1
343,2,0.8359375,0.29296875,0.9296875,0.5703125,3,1
343,2,0.90234375,0.29296875,0.9921875,0.62109375,1,1
343,2,0.90234375,0.29296875,0.9921875,0.62109375,3,1
343,3,0.63671875,0.12890625,0.74609375,0.296875,4,1
343,3,0.63671875,0.12890625,0.74609375,0.296875,1,1
343,3,0.73046875,0.12890625,0.796875,0.25,1,1
343,3,0.57421875,0.3125,0.7890625,0.6171875,1,1
343,3,0.828125,0.30078125,0.92578125,0.61328125,1,1
343,3,0.828125,0.30078125,0.92578125,0.61328125,3,1
343,3,0.91015625,0.2734375,0.9921875,0.625,1,1
343,3,0.91015625,0.2734375,0.9921875,0.625,3,1
343,3,0.51953125,0.1875,0.5859375,0.328125,2,1
343,3,0.39453125,0.1640625,0.4609375,0.28515625,2,1
343,3,0.39453125,0.1640625,0.4609375,0.28515625,5,1
343,3,0.203125,0.2890625,0.37109375,0.55078125,1,1
343,3,0.203125,0.2890625,0.37109375,0.55078125,3,1
343,3,0.33984375,0.2421875,0.41796875,0.34765625,2,1
343,3,0.2265625,0.24609375,0.2890625,0.3671875,2,1
343,3,0.1171875,0.27734375,0.1875,0.37890625,2,1
343,4,0.57421875,0.30859375,0.77734375,0.57421875,1,1
343,4,0.83203125,0.2890625,0.9375,0.60546875,1,1
343,4,0.83203125,0.2890625,0.9375,0.60546875,3,1
343,4,0.90625,0.2890625,0.9921875,0.61328125,1,1
343,4,0.90625,0.2890625,0.9921875,0.61328125,3,1
343,4,0.62890625,0.10546875,0.7421875,0.30078125,1,1
343,4,0.62890625,0.10546875,0.7421875,0.30078125,4,1
343,4,0.7421875,0.12109375,0.80078125,0.25,1,1
343,4,0.49609375,0.18359375,0.5625,0.3515625,2,1
343,4,0.40625,0.1796875,0.4609375,0.28515625,2,1
343,4,0.40625,0.1796875,0.4609375,0.28515625,5,1
343,4,0.22265625,0.29296875,0.3515625,0.60546875,1,1
343,4,0.22265625,0.29296875,0.3515625,0.60546875,3,1
343,4,0.3203125,0.2421875,0.41796875,0.35546875,2,1
343,4,0.125,0.26953125,0.19140625,0.40625,2,1
343,4,0.08203125,0.28515625,0.140625,0.41015625,2,1
343,5,0.56640625,0.3046875,0.7890625,0.58203125,1,1
343,5,0.828125,0.29296875,0.93359375,0.59765625,1,1
343,5,0.828125,0.29296875,0.93359375,0.59765625,3,1
343,5,0.90625,0.29296875,0.9921875,0.6328125,1,1
343,5,0.90625,0.29296875,0.9921875,0.6328125,3,1
343,5,0.6484375,0.12890625,0.75,0.296875,1,1
343,5,0.6484375,0.12890625,0.75,0.296875,4,1
343,5,0.734375,0.12890625,0.8046875,0.25390625,1,1
343,5,0.50390625,0.1875,0.578125,0.34375,2,1
343,5,0.40625,0.171875,0.4765625,0.2890625,2,1
343,5,0.40625,0.171875,0.4765625,0.2890625,5,1
343,5,0.21875,0.27734375,0.37890625,0.6015625,1,1
343,5,0.21875,0.27734375,0.37890625,0.6015625,3,1
343,5,0.11328125,0.2734375,0.19140625,0.390625,2,1
343,5,0.0625,0.29296875,0.140625,0.4140625,2,1
343,6,0.62890625,0.125,0.75390625,0.31640625,1,1
343,6,0.62890625,0.125,0.75390625,0.31640625,4,1
343,6,0.8359375,0.30859375,0.9296875,0.640625,1,1
343,6,0.8359375,0.30859375,0.9296875,0.640625,3,1
343,6,0.90234375,0.296875,0.99609375,0.6328125,1,1
343,6,0.90234375,0.296875,0.99609375,0.6328125,3,1
343,6,0.7265625,0.109375,0.78515625,0.24609375,1,1
343,6,0.56640625,0.3125,0.79296875,0.6171875,1,1
343,6,0.5,0.1953125,0.5625,0.3671875,2,1
343,6,0.41015625,0.1484375,0.4765625,0.3125,2,1
343,6,0.41015625,0.1484375,0.4765625,0.3125,5,1
343,6,0.203125,0.29296875,0.359375,0.58203125,1,1
343,6,0.203125,0.29296875,0.359375,0.58203125,3,1
343,6,0.12109375,0.28125,0.19921875,0.3984375,2,1
343,6,0.06640625,0.2890625,0.1328125,0.4140625,2,1
343,6,0.34375,0.24609375,0.41796875,0.359375,2,1
343,6,0.30078125,0.19921875,0.36328125,0.28125,2,1
343,6,0.30078125,0.19921875,0.36328125,0.28125,5,1
343,7,0.8359375,0.31640625,0.9296875,0.63671875,1,1
343,7,0.8359375,0.31640625,0.9296875,0.63671875,3,1
343,7,0.921875,0.265625,0.98828125,0.62109375,1,1
343,7,0.921875,0.265625,0.98828125,0.62109375,3,1
343,7,0.56640625,0.31640625,0.78515625,0.58984375,1,1
343,7,0.6484375,0.13671875,0.74609375,0.29296875,1,1
343,7,0.515625,0.1875,0.5625,0.32421875,2,1
343,7,0.3984375,0.15234375,0.47265625,0.2890625,2,1
343,7,0.3984375,0.15234375,0.47265625,0.2890625,5,1
343,7,0.20703125,0.30859375,0.37109375,0.59375,1,1
343,7,0.20703125,0.30859375,0.37109375,0.59375,3,1
343,7,0.328125,0.23828125,0.4140625,0.3984375,2,1
343,7,0.125,0.3046875,0.18359375,0.39453125,2,1
343,7,0.07421875,0.2890625,0.14453125,0.40625,2,1
343,7,0.2265625,0.23828125,0.31640625,0.37109375,2,1
343,7,0.2265625,0.23828125,0.31640625,0.37109375,5,1
344,2,0.73828125,0.20703125,0.84765625,0.328125,1,1
344,2,0.61328125,0.2734375,0.70703125,0.671875,1,1
344,2,0.61328125,0.2734375,0.70703125,0.671875,3,1
344,2,0.7109375,0.30078125,0.875,0.64453125,1,1
344,2,0.7109375,0.30078125,0.875,0.64453125,3,1
344,2,0.5078125,0.18359375,0.56640625,0.375,2,1
344,2,0.34375,0.2890625,0.46484375,0.66796875,1,1
344,2,0.34375,0.2890625,0.46484375,0.66796875,3,1
344,2,0.2265625,0.30859375,0.3125,0.66796875,1,1
344,2,0.2265625,0.30859375,0.3125,0.66796875,3,1
344,2,0.1328125,0.30078125,0.2109375,0.64453125,1,1
344,2,0.1328125,0.30078125,0.2109375,0.64453125,3,1
344,2,0.38671875,0.11328125,0.46875,0.265625,1,1
344,2,0.2734375,0.1640625,0.38671875,0.265625,1,1
344,2,0.171875,0.1640625,0.234375,0.23828125,1,1
344,2,0.109375,0.28515625,0.19140625,0.39453125,2,1
344,2,0.2421875,0.14453125,0.2890625,0.24609375,1,1
344,2,0.69921875,0.11328125,0.78515625,0.21875,1,1
344,3,0.73046875,0.17578125,0.83984375,0.32421875,1,1
344,3,0.62109375,0.28515625,0.7109375,0.65625,1,1
344,3,0.62109375,0.28515625,0.7109375,0.65625,3,1
344,3,0.7109375,0.29296875,0.87890625,0.65625,1,1
344,3,0.7109375,0.29296875,0.87890625,0.65625,3,1
344,3,0.5078125,0.18359375,0.59375,0.375,2,1
344,3,0.390625,0.13671875,0.46875,0.28515625,1,1
344,3,0.26953125,0.16015625,0.3671875,0.2578125,1,1
344,3,0.18359375,0.16796875,0.23828125,0.23046875,1,1
344,3,0.34765625,0.30078125,0.48828125,0.65625,1,1
344,3,0.34765625,0.30078125,0.48828125,0.65625,3,1
344,3,0.234375,0.3125,0.3125,0.66015625,1,1
344,3,0.234375,0.3125,0.3125,0.66015625,3,1
344,3,0.125,0.3125,0.22265625,0.63671875,1,1
344,3,0.125,0.3125,0.22265625,0.63671875,3,1
344,3,0.08984375,0.2734375,0.1953125,0.40234375,2,1
344,3,0.08984375,0.2734375,0.1953125,0.40234375,5,1
344,4,0.73046875,0.18359375,0.84375,0.3125,1,1
344,4,0.62890625,0.30078125,0.71875,0.6875,1,1
344,4,0.62890625,0.30078125,0.71875,0.6875,3,1
344,4,0.7109375,0.2890625,0.875,0.62890625,1,1
344,4,0.7109375,0.2890625,0.875,0.62890625,3,1
344,4,0.5078125,0.1875,0.578125,0.34765625,2,1
344,4,0.375,0.12109375,0.47265625,0.28125,1,1
344,4,0.265625,0.15625,0.35546875,0.2578125,1,1
344,4,0.34375,0.30078125,0.484375,0.6875,1,1
344,4,0.34375,0.30078125,0.484375,0.6875,3,1
344,4,0.234375,0.3125,0.328125,0.67578125,1,1
344,4,0.234375,0.3125,0.328125,0.67578125,3,1
344,4,0.14453125,0.328125,0.22265625,0.671875,1,1
344,4,0.14453125,0.328125,0.22265625,0.671875,3,1
344,4,0.17578125,0.15625,0.2265625,0.25,1,1
344,4,0.1171875,0.28515625,0.19921875,0.39453125,2,1
344,4,0.1171875,0.28515625,0.19921875,0.39453125,5,1
344,5,0.73046875,0.17578125,0.859375,0.32421875,1,1
344,5,0.625,0.27734375,0.71875,0.67578125,1,1
344,5,0.625,0.27734375,0.71875,0.67578125,3,1
344,5,0.70703125,0.30078125,0.87109375,0.609375,1,1
344,5,0.70703125,0.30078125,0.87109375,0.609375,3,1
344,5,0.515625,0.1953125,0.58203125,0.375,2,1
344,5,0.38671875,0.1328125,0.47265625,0.265625,1,1
344,5,0.2734375,0.16015625,0.36328125,0.26953125,1,1
344,5,0.171875,0.1484375,0.23046875,0.24609375,1,1
344,5,0.31640625,0.2890625,0.50390625,0.69140625,1,1
344,5,0.31640625,0.2890625,0.50390625,0.69140625,3,1
344,5,0.23046875,0.296875,0.30859375,0.66796875,1,1
344,5,0.23046875,0.296875,0.30859375,0.66796875,3,1
344,5,0.1328125,0.30859375,0.21875,0.6484375,3,1
344,5,0.1328125,0.30859375,0.21875,0.6484375,1,1
344,5,0.11328125,0.2578125,0.21484375,0.4140625,2,1
344,5,0.11328125,0.2578125,0.21484375,0.4140625,5,1
344,6,0.671875,0.14453125,0.77734375,0.23046875,1,1
344,6,0.61328125,0.2890625,0.70703125,0.6484375,1,1
344,6,0.61328125,0.2890625,0.70703125,0.6484375,3,1
344,6,0.71484375,0.296875,0.89453125,0.69140625,1,1
344,6,0.71484375,0.296875,0.89453125,0.69140625,3,1
344,6,0.4921875,0.203125,0.57421875,0.3359375,2,1
344,6,0.39453125,0.13671875,0.48046875,0.28125,1,1
344,6,0.2734375,0.1640625,0.3671875,0.2578125,1,1
344,6,0.1796875,0.14453125,0.23828125,0.2265625,1,1
344,6,0.31640625,0.296875,0.484375,0.65625,1,1
344,6,0.31640625,0.296875,0.484375,0.65625,3,1
344,6,0.234375,0.30078125,0.30078125,0.68359375,1,1
344,6,0.234375,0.30078125,0.30078125,0.68359375,3,1
344,6,0.140625,0.31640625,0.22265625,0.625,1,1
344,6,0.140625,0.31640625,0.22265625,0.625,3,1
344,6,0.109375,0.26953125,0.19921875,0.39453125,2,1
344,6,0.109375,0.26953125,0.19921875,0.39453125,5,1
344,7,0.6875,0.11328125,0.7734375,0.2109375,1,1
344,7,0.625,0.28515625,0.7109375,0.671875,1,1
344,7,0.625,0.28515625,0.7109375,0.671875,3,1
344,7,0.7109375,0.296875,0.86328125,0.625,1,1
344,7,0.7109375,0.296875,0.86328125,0.625,3,1
344,7,0.5078125,0.17578125,0.5703125,0.3359375,2,1
344,7,0.390625,0.1171875,0.4765625,0.265625,1,1
344,7,0.26953125,0.16015625,0.375,0.296875,1,1
344,7,0.171875,0.15625,0.2265625,0.25,1,1
344,7,0.3125,0.29296875,0.47265625,0.61328125,1,1
344,7,0.3125,0.29296875,0.47265625,0.61328125,3,1
344,7,0.2265625,0.31640625,0.32421875,0.69140625,1,1
344,7,0.2265625,0.31640625,0.32421875,0.69140625,3,1
344,7,0.12890625,0.328125,0.22265625,0.63671875,1,1
344,7,0.12890625,0.328125,0.22265625,0.63671875,3,1
344,7,0.1015625,0.27734375,0.1875,0.40625,2,1
344,7,0.72265625,0.18359375,0.875,0.33984375,1,1
345,2,0.89453125,0.31640625,0.9765625,0.61328125,1,1
345,2,0.89453125,0.31640625,0.9765625,0.61328125,3,1
345,2,0.6796875,0.2890625,0.82421875,0.578125,1,1
345,2,0.6796875,0.2890625,0.82421875,0.578125,3,1
345,2,0.640625,0.171875,0.79296875,0.33984375,1,1
345,2,0.640625,0.171875,0.79296875,0.33984375,4,1
345,2,0.7109375,0.08984375,0.79296875,0.23828125,1,1
345,2,0.45703125,0.1171875,0.53515625,0.23046875,1,1
345,2,0.37890625,0.296875,0.58984375,0.63671875,1,1
345,2,0.37890625,0.296875,0.58984375,0.63671875,3,1
345,2,0.25390625,0.30078125,0.34765625,0.62890625,1,1
345,2,0.25390625,0.30078125,0.34765625,0.62890625,3,1
345,2,0.171875,0.3046875,0.23828125,0.671875,1,1
345,2,0.171875,0.3046875,0.23828125,0.671875,3,1
345,2,0.0546875,0.34375,0.125,0.59375,1,1
345,2,0.0546875,0.34375,0.125,0.59375,3,1
345,2,0.3984375,0.18359375,0.46484375,0.2734375,2,1
345,2,0.32421875,0.21875,0.3984375,0.359375,2,1
345,3,0.890625,0.3203125,0.9921875,0.609375,1,1
345,3,0.890625,0.3203125,0.9921875,0.609375,3,1
345,3,0.69921875,0.28515625,0.8125,0.5703125,1,1
345,3,0.69921875,0.28515625,0.8125,0.5703125,3,1
345,3,0.64453125,0.16796875,0.81640625,0.3515625,1,1
345,3,0.64453125,0.16796875,0.81640625,0.3515625,4,1
345,3,0.47265625,0.125,0.52734375,0.2421875,1,1
345,3,0.3828125,0.28515625,0.578125,0.66796875,1,1
345,3,0.3828125,0.28515625,0.578125,0.66796875,3,1
345,3,0.2578125,0.30078125,0.3359375,0.62890625,1,1
345,3,0.2578125,0.30078125,0.3359375,0.62890625,3,1
345,3,0.171875,0.30859375,0.24609375,0.65625,1,1
345,3,0.171875,0.30859375,0.24609375,0.65625,3,1
345,3,0.0546875,0.32421875,0.1328125,0.625,1,1
345,3,0.0546875,0.32421875,0.1328125,0.625,3,1
345,3,0.31640625,0.20703125,0.39453125,0.3671875,2,1
345,3,0.40234375,0.1640625,0.4609375,0.2578125,2,1
345,3,0.40234375,0.1640625,0.4609375,0.2578125,5,1
345,4,0.8828125,0.32421875,0.9765625,0.65234375,1,1
345,4,0.8828125,0.32421875,0.9765625,0.65234375,3,1
345,4,0.6484375,0.16796875,0.7890625,0.3125,1,1
345,4,0.6484375,0.16796875,0.7890625,0.3125,4,1
345,4,0.68359375,0.3046875,0.81640625,0.59765625,1,1
345,4,0.68359375,0.3046875,0.81640625,0.59765625,3,1
345,4,0.3828125,0.29296875,0.546875,0.65625,1,1
345,4,0.3828125,0.29296875,0.546875,0.65625,3,1
345,4,0.24609375,0.30859375,0.34375,0.625,1,1
345,4,0.24609375,0.30859375,0.34375,0.625,3,1
345,4,0.16796875,0.3125,0.2421875,0.66796875,1,1
345,4,0.16796875,0.3125,0.2421875,0.66796875,3,1
345,4,0.05859375,0.34765625,0.15234375,0.5703125,1,1
345,4,0.05859375,0.34765625,0.15234375,0.5703125,3,1
345,4,0.45703125,0.12109375,0.52734375,0.2578125,1,1
345,4,0.39453125,0.15234375,0.46484375,0.27734375,2,1
345,4,0.39453125,0.15234375,0.46484375,0.27734375,5,1
345,4,0.33203125,0.203125,0.3984375,0.37109375,2,1
345,4,0.33203125,0.203125,0.3984375,0.37109375,5,1
345,4,0.11328125,0.25390625,0.19921875,0.40234375,2,1
345,5,0.8828125,0.32421875,0.9765625,0.65234375,1,1
345,5,0.8828125,0.32421875,0.9765625,0.65234375,3,1
345,5,0.6484375,0.16796875,0.7890625,0.3125,1,1
345,5,0.6484375,0.16796875,0.7890625,0.3125,4,1
345,5,0.68359375,0.3046875,0.8203125,0.59765625,1,1
345,5,0.68359375,0.3046875,0.8203125,0.59765625,3,1
345,5,0.3828125,0.29296875,0.546875,0.65625,1,1
345,5,0.3828125,0.29296875,0.546875,0.65625,3,1
345,5,0.24609375,0.30859375,0.34375,0.625,1,1
345,5,0.24609375,0.30859375,0.34375,0.625,3,1
345,5,0.16796875,0.3125,0.2421875,0.66796875,1,1
345,5,0.16796875,0.3125,0.2421875,0.66796875,3,1
345,5,0.0546875,0.34765625,0.15234375,0.66015625,1,1
345,5,0.0546875,0.34765625,0.15234375,0.66015625,3,1
345,5,0.45703125,0.12109375,0.52734375,0.2578125,1,1
345,5,0.39453125,0.15234375,0.46484375,0.27734375,2,1
345,5,0.39453125,0.15234375,0.46484375,0.27734375,5,1
345,5,0.33203125,0.203125,0.3984375,0.37109375,2,1
345,5,0.33203125,0.203125,0.3984375,0.37109375,5,1
345,5,0.11328125,0.25390625,0.19921875,0.40234375,2,1
345,6,0.8828125,0.32421875,0.9765625,0.65234375,1,1
345,6,0.8828125,0.32421875,0.9765625,0.65234375,3,1
345,6,0.6484375,0.16796875,0.7890625,0.3125,1,1
345,6,0.6484375,0.16796875,0.7890625,0.3125,4,1
345,6,0.68359375,0.3046875,0.82421875,0.59765625,1,1
345,6,0.68359375,0.3046875,0.82421875,0.59765625,3,1
345,6,0.3828125,0.29296875,0.53515625,0.69140625,1,1
345,6,0.3828125,0.29296875,0.53515625,0.69140625,3,1
345,6,0.24609375,0.30859375,0.34375,0.625,1,1
345,6,0.24609375,0.30859375,0.34375,0.625,3,1
345,6,0.16796875,0.3125,0.2421875,0.66796875,1,1
345,6,0.16796875,0.3125,0.2421875,0.66796875,3,1
345,6,0.04296875,0.34765625,0.15234375,0.671875,1,1
345,6,0.04296875,0.34765625,0.15234375,0.671875,3,1
345,6,0.45703125,0.12109375,0.4921875,0.2578125,1,1
345,6,0.39453125,0.15234375,0.46484375,0.27734375,2,1
345,6,0.39453125,0.15234375,0.46484375,0.27734375,5,1
345,6,0.33203125,0.203125,0.3984375,0.37109375,2,1
345,6,0.33203125,0.203125,0.3984375,0.37109375,5,1
345,6,0.11328125,0.25390625,0.19921875,0.40234375,2,1
345,7,0.8828125,0.32421875,0.9765625,0.65234375,1,1
345,7,0.8828125,0.32421875,0.9765625,0.65234375,3,1
345,7,0.6484375,0.16796875,0.7890625,0.3125,1,1
345,7,0.6484375,0.16796875,0.7890625,0.3125,4,1
345,7,0.68359375,0.3046875,0.83203125,0.59765625,1,1
345,7,0.68359375,0.3046875,0.83203125,0.59765625,3,1
345,7,0.3828125,0.29296875,0.546875,0.65625,1,1
345,7,0.3828125,0.29296875,0.546875,0.65625,3,1
345,7,0.24609375,0.30859375,0.34375,0.625,1,1
345,7,0.24609375,0.30859375,0.34375,0.625,3,1
345,7,0.16796875,0.3125,0.2421875,0.66796875,1,1
345,7,0.16796875,0.3125,0.2421875,0.66796875,3,1
345,7,0.05078125,0.34765625,0.15234375,0.67578125,1,1
345,7,0.05078125,0.34765625,0.15234375,0.67578125,3,1
345,7,0.45703125,0.12109375,0.48828125,0.2578125,1,1
345,7,0.39453125,0.15234375,0.46484375,0.27734375,2,1
345,7,0.39453125,0.15234375,0.46484375,0.27734375,5,1
345,7,0.33203125,0.203125,0.3984375,0.37109375,2,1
345,7,0.33203125,0.203125,0.3984375,0.37109375,5,1
345,7,0.11328125,0.25390625,0.19921875,0.40234375,2,1
393,5,0.84765625,0.3359375,0.91796875,0.6328125,1,1
393,5,0.84765625,0.3359375,0.91796875,0.6328125,3,1
393,5,0.85546875,0.203125,0.9453125,0.37890625,1,1
393,5,0.5078125,0.171875,0.5703125,0.2734375,2,1
393,5,0.5078125,0.171875,0.5703125,0.2734375,5,1
393,5,0.328125,0.2265625,0.42578125,0.3671875,2,1
393,5,0.328125,0.2265625,0.42578125,0.3671875,5,1
393,5,0.296875,0.20703125,0.34765625,0.29296875,2,1
393,5,0.296875,0.20703125,0.34765625,0.29296875,5,1
393,5,0.09765625,0.2421875,0.18359375,0.421875,1,1
393,5,0.046875,0.3125,0.1015625,0.4140625,2,1
393,4,0.84765625,0.31640625,0.90234375,0.6328125,1,1
393,4,0.84765625,0.31640625,0.90234375,0.6328125,3,1
393,4,0.85546875,0.203125,0.9375,0.36328125,1,1
